# Time(s)	CWND(packets)
0.05	0
0.1	0
0.15	10
0.2	10
0.25	15
0.3	15
0.35	22
0.4	22
0.45	33
0.5	33
0.55	49
0.6	49
0.65	73
0.7	73
0.75	91
0.8	91
0.85	92
0.9	92
0.95	96
1	96
1.05	100
1.1	100
1.15	104
1.2	104
1.25	108
1.3	108
1.35	112
1.4	112
1.45	116
1.5	116
1.55	120
1.6	120
1.65	124
1.7	124
1.75	128
1.8	128
1.85	132
1.9	132
1.95	136
2	136
2.05	140
2.1	140
2.15	144
2.2	144
2.25	148
2.3	148
2.35	152
2.4	152
2.45	156
2.5	156
2.55	160
2.6	160
2.65	164
2.7	164
2.75	168
2.8	168
2.85	172
2.9	172
2.95	176
3	176
3.05	180
3.1	180
3.15	184
3.2	184
3.25	188
3.3	188
3.35	192
3.4	192
3.45	196
3.5	196
3.55	200
3.6	200
3.65	204
3.7	204
3.75	208
3.8	208
3.85	212
3.9	212
3.95	215
4	215
4.05	218
4.1	218
4.15	221
4.2	221
4.25	224
4.3	224
4.35	227
4.4	227
4.45	230
4.5	230
4.55	233
4.6	233
4.65	236
4.7	236
4.75	239
4.8	239
4.85	242
4.9	242
4.95	245
5	245
5.05	248
5.1	248
5.15	251
5.2	251
5.25	254
5.3	254
5.35	257
5.4	257
5.45	260
5.5	260
5.55	263
5.6	263
5.65	266
5.7	266
5.75	269
5.8	269
5.85	272
5.9	272
5.95	273
6	273
6.05	274
6.1	274
6.15	277
6.2	277
6.25	280
6.3	280
6.35	283
6.4	283
6.45	284
6.5	284
6.55	285
6.6	285
6.65	288
6.7	288
6.75	291
6.8	292
6.85	292
6.9	293
6.95	293
7	296
7.05	296
7.1	299
7.15	299
7.2	302
7.25	302
7.3	305
7.35	305
7.4	308
7.45	308
7.5	311
7.55	311
7.6	314
7.65	314
7.7	317
7.75	317
7.8	320
7.85	320
7.9	323
7.95	323
8	326
8.05	326
8.1	329
8.15	329
8.2	332
8.25	332
8.3	335
8.35	335
8.4	338
8.45	338
8.5	341
8.55	341
8.6	344
8.65	344
8.7	347
8.75	347
8.8	350
8.85	350
8.9	353
8.95	353
9	356
9.05	356
9.1	359
9.15	359
9.2	362
9.25	362
9.3	365
9.35	365
9.4	368
9.45	368
9.5	371
9.55	371
9.6	374
9.65	374
9.7	377
9.75	377
9.8	380
9.85	380
9.9	383
9.95	383
10	386
10.05	386
10.1	389
10.15	389
10.2	392
10.25	392
10.3	395
10.35	395
10.4	398
10.45	398
10.5	401
10.55	401
10.6	404
10.65	404
10.7	407
10.75	407
10.8	410
10.85	410
10.9	413
10.95	413
11	416
11.05	416
11.1	417
11.15	417
11.2	420
11.25	420
11.3	421
11.35	421
11.4	424
11.45	424
11.5	427
11.55	427
11.6	430
11.65	430
11.7	433
11.75	433
11.8	436
11.85	436
11.9	437
11.95	437
12	440
12.05	440
12.1	443
12.15	443
12.2	446
12.25	446
12.3	449
12.35	449
12.4	452
12.45	452
12.5	455
12.55	455
12.6	458
12.65	458
12.7	459
12.75	459
12.8	462
12.85	462
12.9	465
12.95	465
13	468
13.05	468
13.1	471
13.15	471
13.2	474
13.25	474
13.3	475
13.35	475
13.4	478
13.45	478
13.5	479
13.55	479
13.6	479
13.65	479
13.7	479
13.75	479
13.8	477
13.85	477
13.9	475
13.95	475
14	475
14.05	475
14.1	476
14.15	476
14.2	477
14.25	477
14.3	478
14.35	478
14.4	478
14.45	479
14.5	479
14.55	479
14.6	479
14.65	479
14.7	479
14.75	477
14.8	477
14.85	475
14.9	475
14.95	475
15	475
15.05	476
15.1	476
15.15	477
15.2	477
15.25	478
15.3	478
15.35	479
15.4	479
15.45	479
15.5	479
15.55	479
15.6	479
15.65	477
15.7	477
15.75	475
15.8	475
15.85	475
15.9	475
15.95	476
16	476
16.05	477
16.1	477
16.15	478
16.2	478
16.25	479
16.3	479
16.35	479
16.4	479
16.45	479
16.5	479
16.55	477
16.6	477
16.65	475
16.7	475
16.75	475
16.8	475
16.85	476
16.9	476
16.95	477
17	477
17.05	478
17.1	478
17.15	479
17.2	479
17.25	479
17.3	479
17.35	479
17.4	479
17.45	477
17.5	477
17.55	475
17.6	475
17.65	475
17.7	475
17.75	476
17.8	476
17.85	477
17.9	477
17.95	478
18	478
18.05	479
18.1	479
18.15	479
18.2	479
18.25	479
18.3	479
18.35	477
18.4	477
18.45	475
18.5	475
18.55	475
18.6	475
18.65	476
18.7	476
18.75	477
18.8	477
18.85	478
18.9	478
18.95	478
19	478
19.05	478
19.1	478
19.15	478
19.2	478
19.25	478
19.3	478
19.35	478
19.4	478
19.45	478
19.5	478
19.55	478
19.6	478
19.65	478
19.7	478
19.75	478
19.8	478
19.85	478
19.9	478
19.95	478
20	478
20.05	478
20.1	478
20.15	478
20.2	478
20.25	478
20.3	478
20.35	478
20.4	478
20.45	478
20.5	478
20.55	478
20.6	478
20.65	478
20.7	478
20.75	478
20.8	478
20.85	478
20.9	478
20.95	478
21	478
21.05	478
21.1	478
21.15	478
21.2	478
21.25	478
21.3	478
21.35	478
21.4	478
21.45	478
21.5	478
21.55	478
21.6	478
21.65	478
21.7	478
21.75	478
21.8	478
21.85	478
21.9	478
21.95	478
22	478
22.05	478
22.1	478
22.15	478
22.2	478
22.25	478
22.3	478
22.35	478
22.4	478
22.45	478
22.5	478
22.55	478
22.6	478
22.65	478
22.7	478
22.75	478
22.8	478
22.85	478
22.9	478
22.95	478
23	478
23.05	478
23.1	478
23.15	478
23.2	478
23.25	478
23.3	478
23.35	478
23.4	478
23.45	478
23.5	478
23.55	478
23.6	478
23.65	478
23.7	478
23.75	478
23.8	478
23.85	478
23.9	478
23.95	478
24	478
24.05	478
24.1	478
24.15	478
24.2	478
24.25	478
24.3	478
24.35	478
24.4	478
24.45	478
24.5	478
24.55	478
24.6	478
24.65	478
24.7	478
24.75	478
24.8	478
24.85	478
24.9	478
24.95	478
25	478
25.05	478
25.1	478
25.15	478
25.2	478
25.25	478
25.3	478
25.35	478
25.4	478
25.45	478
25.5	478
25.55	478
25.6	478
25.65	478
25.7	478
25.75	478
25.8	478
25.85	478
25.9	478
25.95	478
26	478
26.05	478
26.1	478
26.15	478
26.2	478
26.25	478
26.3	478
26.35	478
26.4	478
26.45	478
26.5	478
26.55	478
26.6	478
26.65	478
26.7	478
26.75	478
26.8	478
26.85	478
26.9	478
26.95	478
27	478
27.05	478
27.1	478
27.15	478
27.2	478
27.25	478
27.3	478
27.35	478
27.4	478
27.45	478
27.5	478
27.55	478
27.6	478
27.65	478
27.7	478
27.75	478
27.8	478
27.85	478
27.9	478
27.95	478
28	478
28.05	478
28.1	478
28.15	478
28.2	478
28.25	478
28.3	478
28.35	478
28.4	478
28.45	478
28.5	478
28.55	478
28.6	478
28.65	478
28.7	478
28.75	478
28.8	478
28.85	478
28.9	478
28.95	478
29	478
29.05	478
29.1	478
29.15	478
29.2	478
29.25	478
29.3	478
29.35	478
29.4	478
29.45	478
29.5	478
29.55	478
29.6	478
29.65	478
29.7	478
29.75	478
29.8	478
29.85	478
29.9	478
29.95	478
30	478
30.05	478
30.1	478
30.15	478
30.2	478
30.25	478
30.3	478
30.35	478
30.4	478
30.45	478
30.5	478
30.55	478
30.6	478
30.65	478
30.7	478
30.75	478
30.8	478
30.85	478
30.9	478
30.95	478
31	478
31.05	478
31.1	478
31.15	478
31.2	478
31.25	478
31.3	478
31.35	478
31.4	478
31.45	478
31.5	478
31.55	478
31.6	478
31.65	478
31.7	478
31.75	478
31.8	478
31.85	478
31.9	478
31.95	478
32	478
32.05	478
32.1	478
32.15	478
32.2	478
32.25	478
32.3	478
32.35	478
32.4	478
32.45	478
32.5	478
32.55	478
32.6	478
32.65	478
32.7	478
32.75	478
32.8	478
32.85	478
32.9	478
32.95	478
33	478
33.05	478
33.1	478
33.15	478
33.2	478
33.25	478
33.3	478
33.35	478
33.4	478
33.45	478
33.5	478
33.55	478
33.6	478
33.65	478
33.7	478
33.75	478
33.8	478
33.85	478
33.9	478
33.95	478
34	478
34.05	478
34.1	478
34.15	478
34.2	478
34.25	478
34.3	478
34.35	478
34.4	478
34.45	478
34.5	478
34.55	478
34.6	478
34.65	478
34.7	478
34.75	478
34.8	478
34.85	478
34.9	478
34.95	478
35	478
35.05	478
35.1	478
35.15	478
35.2	478
35.25	478
35.3	478
35.35	478
35.4	478
35.45	478
35.5	478
35.55	478
35.6	478
35.65	478
35.7	478
35.75	478
35.8	478
35.85	478
35.9	478
35.95	478
36	478
36.05	478
36.1	478
36.15	478
36.2	478
36.25	478
36.3	478
36.35	478
36.4	478
36.45	478
36.5	478
36.55	478
36.6	478
36.65	478
36.7	478
36.75	478
36.8	478
36.85	478
36.9	478
36.95	478
37	478
37.05	478
37.1	478
37.15	478
37.2	478
37.25	478
37.3	478
37.35	478
37.4	478
37.45	478
37.5	478
37.55	478
37.6	478
37.65	478
37.7	478
37.75	478
37.8	478
37.85	478
37.9	478
37.95	478
38	478
38.05	478
38.1	478
38.15	478
38.2	478
38.25	478
38.3	478
38.35	478
38.4	478
38.45	478
38.5	478
38.55	478
38.6	478
38.65	478
38.7	478
38.75	478
38.8	478
38.85	478
38.9	478
38.95	478
39	478
39.05	478
39.1	478
39.15	478
39.2	478
39.25	478
39.3	478
39.35	478
39.4	478
39.45	478
39.5	478
39.55	478
39.6	478
39.65	478
39.7	478
39.75	478
39.8	478
39.85	478
39.9	478
39.95	478
40	478
40.05	478
40.1	478
40.15	478
40.2	478
40.25	478
40.3	478
40.35	478
40.4	478
40.45	478
40.5	478
40.55	478
40.6	478
40.65	478
40.7	478
40.75	478
40.8	478
40.85	478
40.9	478
40.95	478
41	478
41.05	478
41.1	478
41.15	478
41.2	478
41.25	478
41.3	478
41.35	478
41.4	478
41.45	478
41.5	478
41.55	478
41.6	478
41.65	478
41.7	478
41.75	478
41.8	478
41.85	478
41.9	478
41.95	478
42	478
42.05	478
42.1	478
42.15	478
42.2	478
42.25	478
42.3	478
42.35	478
42.4	478
42.45	478
42.5	478
42.55	478
42.6	478
42.65	478
42.7	478
42.75	478
42.8	478
42.85	478
42.9	478
42.95	478
43	478
43.05	478
43.1	478
43.15	478
43.2	478
43.25	478
43.3	478
43.35	478
43.4	478
43.45	478
43.5	478
43.55	478
43.6	478
43.65	478
43.7	478
43.75	478
43.8	478
43.85	478
43.9	478
43.95	478
44	478
44.05	478
44.1	478
44.15	478
44.2	478
44.25	478
44.3	478
44.35	478
44.4	478
44.45	478
44.5	478
44.55	478
44.6	478
44.65	478
44.7	478
44.75	478
44.8	478
44.85	478
44.9	478
44.95	478
45	478
45.05	478
45.1	478
45.15	478
45.2	478
45.25	478
45.3	478
45.35	478
45.4	478
45.45	478
45.5	478
45.55	478
45.6	478
45.65	478
45.7	478
45.75	478
45.8	478
45.85	478
45.9	478
45.95	478
46	478
46.05	478
46.1	478
46.15	478
46.2	478
46.25	478
46.3	478
46.35	478
46.4	478
46.45	478
46.5	478
46.55	478
46.6	478
46.65	478
46.7	478
46.75	478
46.8	478
46.85	478
46.9	478
46.95	478
47	478
47.05	478
47.1	478
47.15	478
47.2	478
47.25	478
47.3	478
47.35	478
47.4	478
47.45	478
47.5	478
47.55	478
47.6	478
47.65	478
47.7	478
47.75	478
47.8	478
47.85	478
47.9	478
47.95	478
48	478
48.05	478
48.1	478
48.15	478
48.2	478
48.25	478
48.3	478
48.35	478
48.4	478
48.45	478
48.5	478
48.55	478
48.6	478
48.65	478
48.7	478
48.75	478
48.8	478
48.85	478
48.9	478
48.95	478
49	478
49.05	478
49.1	478
49.15	478
49.2	478
49.25	478
49.3	478
49.35	478
49.4	478
49.45	478
49.5	478
49.55	478
49.6	478
49.65	478
49.7	478
49.75	478
49.8	478
49.85	478
49.9	478
49.95	478
50	478
50.05	478
50.1	478
50.15	478
50.2	478
50.25	478
50.3	478
50.35	478
50.4	478
50.45	478
50.5	478
50.55	478
50.6	478
50.65	478
50.7	478
50.75	478
50.8	478
50.85	478
50.9	478
50.95	478
51	478
51.05	478
51.1	478
51.15	478
51.2	478
51.25	478
51.3	478
51.35	478
51.4	478
51.45	478
51.5	478
51.55	478
51.6	478
51.65	478
51.7	478
51.75	478
51.8	478
51.85	478
51.9	478
51.95	478
52	478
52.05	478
52.1	478
52.15	478
52.2	478
52.25	478
52.3	478
52.35	478
52.4	478
52.45	478
52.5	478
52.55	478
52.6	478
52.65	478
52.7	478
52.75	478
52.8	478
52.85	478
52.9	478
52.95	478
53	478
53.05	478
53.1	478
53.15	478
53.2	478
53.25	478
53.3	478
53.35	478
53.4	478
53.45	478
53.5	478
53.55	478
53.6	478
53.65	478
53.7	478
53.75	478
53.8	478
53.85	478
53.9	478
53.95	478
54	478
54.05	478
54.1	478
54.15	478
54.2	478
54.25	478
54.3	478
54.35	478
54.4	478
54.45	478
54.5	478
54.55	478
54.6	478
54.65	478
54.7	478
54.75	478
54.8	478
54.85	478
54.9	478
54.95	478
55	478
55.05	478
55.1	478
55.15	478
55.2	478
55.25	478
55.3	478
55.35	478
55.4	478
55.45	478
55.5	478
55.55	478
55.6	478
55.65	478
55.7	478
55.75	478
55.8	478
55.85	478
55.9	478
55.95	478
56	478
56.05	478
56.1	478
56.15	478
56.2	478
56.25	478
56.3	478
56.35	478
56.4	478
56.45	478
56.5	478
56.55	478
56.6	478
56.65	478
56.7	478
56.75	478
56.8	478
56.85	478
56.9	478
56.95	478
57	478
57.05	478
57.1	478
57.15	478
57.2	478
57.25	478
57.3	478
57.35	478
57.4	478
57.45	478
57.5	478
57.55	478
57.6	478
57.65	478
57.7	478
57.75	478
57.8	478
57.85	478
57.9	478
57.95	478
58	478
58.05	478
58.1	478
58.15	478
58.2	478
58.25	478
58.3	478
58.35	478
58.4	478
58.45	478
58.5	478
58.55	478
58.6	478
58.65	478
58.7	478
58.75	478
58.8	478
58.85	478
58.9	478
58.95	478
59	478
59.05	478
59.1	478
59.15	478
59.2	478
59.25	478
59.3	478
59.35	478
59.4	478
59.45	478
59.5	478
59.55	478
59.6	478
59.65	478
59.7	478
59.75	478
59.8	478
59.85	478
59.9	478
59.95	478
60	478
60.05	478
60.1	478
60.15	478
60.2	478
60.25	478
60.3	478
60.35	478
60.4	478
60.45	478
60.5	478
60.55	478
60.6	478
60.65	478
60.7	478
60.75	478
60.8	478
60.85	478
60.9	478
60.95	478
61	478
61.05	478
61.1	478
61.15	478
61.2	478
61.25	478
61.3	478
61.35	478
61.4	478
61.45	478
61.5	478
61.55	478
61.6	478
61.65	478
61.7	478
61.75	478
61.8	478
61.85	478
61.9	478
61.95	478
62	478
62.05	478
62.1	478
62.15	478
62.2	478
62.25	478
62.3	478
62.35	478
62.4	478
62.45	478
62.5	478
62.55	478
62.6	478
62.65	478
62.7	478
62.75	478
62.8	478
62.85	478
62.9	478
62.95	478
63	478
63.05	478
63.1	478
63.15	478
63.2	478
63.25	478
63.3	478
63.35	478
63.4	478
63.45	478
63.5	478
63.55	478
63.6	478
63.65	478
63.7	478
63.75	478
63.8	478
63.85	478
63.9	478
63.95	478
64	478
64.05	478
64.1	478
64.15	478
64.2	478
64.25	478
64.3	478
64.35	478
64.4	478
64.45	478
64.5	478
64.55	478
64.6	478
64.65	478
64.7	478
64.75	478
64.8	478
64.85	478
64.9	478
64.95	478
65	478
65.05	478
65.1	478
65.15	478
65.2	478
65.25	478
65.3	478
65.35	478
65.4	478
65.45	478
65.5	478
65.55	478
65.6	478
65.65	478
65.7	478
65.75	478
65.8	478
65.85	478
65.9	478
65.95	478
66	478
66.05	478
66.1	478
66.15	478
66.2	478
66.25	478
66.3	478
66.35	478
66.4	478
66.45	478
66.5	478
66.55	478
66.6	478
66.65	478
66.7	478
66.75	478
66.8	478
66.85	478
66.9	478
66.95	478
67	478
67.05	478
67.1	478
67.15	478
67.2	478
67.25	478
67.3	478
67.35	478
67.4	478
67.45	478
67.5	478
67.55	478
67.6	478
67.65	478
67.7	478
67.75	478
67.8	478
67.85	478
67.9	478
67.95	478
68	478
68.05	478
68.1	478
68.15	478
68.2	478
68.25	478
68.3	478
68.35	478
68.4	478
68.45	478
68.5	478
68.55	478
68.6	478
68.65	478
68.7	478
68.75	478
68.8	478
68.85	478
68.9	478
68.95	478
69	478
69.05	478
69.1	478
69.15	478
69.2	478
69.25	478
69.3	478
69.35	478
69.4	478
69.45	478
69.5	478
69.55	478
69.6	478
69.65	478
69.7	478
69.75	478
69.8	478
69.85	478
69.9	478
69.95	478
70	478
70.05	478
70.1	478
70.15	478
70.2	478
70.25	478
70.3	478
70.35	478
70.4	478
70.45	478
70.5	478
70.55	478
70.6	478
70.65	478
70.7	478
70.75	478
70.8	478
70.85	478
70.9	478
70.95	478
71	478
71.05	478
71.1	478
71.15	478
71.2	478
71.25	478
71.3	478
71.35	478
71.4	478
71.45	478
71.5	478
71.55	478
71.6	478
71.65	478
71.7	478
71.75	478
71.8	478
71.85	478
71.9	478
71.95	478
72	478
72.05	478
72.1	478
72.15	478
72.2	478
72.25	478
72.3	478
72.35	478
72.4	478
72.45	478
72.5	478
72.55	478
72.6	478
72.65	478
72.7	478
72.75	478
72.8	478
72.85	478
72.9	478
72.95	478
73	478
73.05	478
73.1	478
73.15	478
73.2	478
73.25	478
73.3	478
73.35	478
73.4	478
73.45	478
73.5	478
73.55	478
73.6	478
73.65	478
73.7	478
73.75	478
73.8	478
73.85	478
73.9	478
73.95	478
74	478
74.05	478
74.1	478
74.15	478
74.2	478
74.25	478
74.3	478
74.35	478
74.4	478
74.45	478
74.5	478
74.55	478
74.6	478
74.65	478
74.7	478
74.75	478
74.8	478
74.85	478
74.9	478
74.95	478
75	478
75.05	478
75.1	478
75.15	478
75.2	478
75.25	478
75.3	478
75.35	478
75.4	478
75.45	478
75.5	478
75.55	478
75.6	478
75.65	478
75.7	478
75.75	478
75.8	478
75.85	478
75.9	478
75.95	478
76	478
76.05	478
76.1	478
76.15	478
76.2	478
76.25	478
76.3	478
76.35	478
76.4	478
76.45	478
76.5	478
76.55	478
76.6	478
76.65	478
76.7	478
76.75	478
76.8	478
76.85	478
76.9	478
76.95	478
77	478
77.05	478
77.1	478
77.15	478
77.2	478
77.25	478
77.3	478
77.35	478
77.4	478
77.45	478
77.5	478
77.55	478
77.6	478
77.65	478
77.7	478
77.75	478
77.8	478
77.85	478
77.9	478
77.95	478
78	478
78.05	478
78.1	478
78.15	478
78.2	478
78.25	478
78.3	478
78.35	478
78.4	478
78.45	478
78.5	478
78.55	478
78.6	478
78.65	478
78.7	478
78.75	478
78.8	478
78.85	478
78.9	478
78.95	478
79	478
79.05	478
79.1	478
79.15	478
79.2	478
79.25	478
79.3	478
79.35	478
79.4	478
79.45	478
79.5	478
79.55	478
79.6	478
79.65	478
79.7	478
79.75	478
79.8	478
79.85	478
79.9	478
79.95	478
80	478
80.05	478
80.1	478
80.15	478
80.2	478
80.25	478
80.3	478
80.35	478
80.4	377
80.45	377
80.5	377
80.55	377
80.6	191
80.65	191
80.7	191
80.75	123
80.8	123
80.85	123
80.9	126
80.95	126
81	129
81.05	130
81.1	130
81.15	131
81.2	131
81.25	134
81.3	134
81.35	137
81.4	137
81.45	140
81.5	140
81.55	143
81.6	143
81.65	146
81.7	146
81.75	149
81.8	149
81.85	152
81.9	152
81.95	155
82	155
82.05	158
82.1	158
82.15	161
82.2	161
82.25	164
82.3	164
82.35	167
82.4	167
82.45	170
82.5	170
82.55	173
82.6	173
82.65	176
82.7	176
82.75	179
82.8	179
82.85	182
82.9	182
82.95	185
83	185
83.05	188
83.1	188
83.15	191
83.2	191
83.25	194
83.3	194
83.35	197
83.4	197
83.45	200
83.5	200
83.55	203
83.6	203
83.65	206
83.7	206
83.75	209
83.8	209
83.85	212
83.9	212
83.95	215
84	215
84.05	218
84.1	218
84.15	221
84.2	221
84.25	224
84.3	224
84.35	227
84.4	227
84.45	230
84.5	230
84.55	233
84.6	233
84.65	236
84.7	236
84.75	239
84.8	239
84.85	242
84.9	242
84.95	243
85	243
85.05	243
85.1	243
85.15	242
85.2	242
85.25	239
85.3	239
85.35	238
85.4	238
85.45	239
85.5	239
85.55	242
85.6	242
85.65	243
85.7	243
85.75	243
85.8	243
85.85	242
85.9	242
85.95	239
86	239
86.05	238
86.1	238
86.15	239
86.2	239
86.25	242
86.3	242
86.35	243
86.4	243
86.45	243
86.5	243
86.55	242
86.6	242
86.65	242
86.7	239
86.75	239
86.8	238
86.85	238
86.9	239
86.95	239
87	242
87.05	242
87.1	243
87.15	243
87.2	243
87.25	243
87.3	242
87.35	242
87.4	239
87.45	239
87.5	238
87.55	238
87.6	239
87.65	239
87.7	242
87.75	242
87.8	243
87.85	243
87.9	244
87.95	244
88	243
88.05	243
88.1	240
88.15	240
88.2	237
88.25	237
88.3	238
88.35	238
88.4	239
88.45	239
88.5	242
88.55	242
88.6	243
88.65	243
88.7	243
88.75	243
88.8	242
88.85	242
88.9	239
88.95	239
89	238
89.05	238
89.1	239
89.15	239
89.2	242
89.25	242
89.3	245
89.35	245
89.4	245
89.45	245
89.5	244
89.55	244
89.6	239
89.65	239
89.7	236
89.75	236
89.8	237
89.85	237
89.9	240
89.95	240
90	241
90.05	241
90.1	242
90.15	242
90.2	243
90.25	243
90.3	242
90.35	242
90.4	241
90.45	241
90.5	240
90.55	240
90.6	239
90.65	239
90.7	240
90.75	240
90.8	241
90.85	241
90.9	242
90.95	242
91	243
91.05	243
91.1	242
91.15	242
91.2	241
91.25	241
91.3	241
91.35	240
91.4	240
91.45	239
91.5	239
91.55	240
91.6	240
91.65	241
91.7	241
91.75	242
91.8	242
91.85	243
91.9	243
91.95	242
92	242
92.05	241
92.1	241
92.15	240
92.2	240
92.25	239
92.3	239
92.35	240
92.4	240
92.45	241
92.5	241
92.55	242
92.6	242
92.65	243
92.7	243
92.75	242
92.8	242
92.85	241
92.9	241
92.95	240
93	240
93.05	239
93.1	239
93.15	240
93.2	240
93.25	241
93.3	241
93.35	242
93.4	242
93.45	243
93.5	243
93.55	242
93.6	242
93.65	241
93.7	241
93.75	240
93.8	240
93.85	239
93.9	239
93.95	240
94	240
94.05	241
94.1	241
94.15	242
94.2	242
94.25	243
94.3	243
94.35	242
94.4	242
94.45	241
94.5	241
94.55	240
94.6	240
94.65	239
94.7	239
94.75	240
94.8	240
94.85	241
94.9	241
94.95	242
95	242
95.05	243
95.1	243
95.15	242
95.2	242
95.25	241
95.3	241
95.35	240
95.4	240
95.45	239
95.5	239
95.55	240
95.6	240
95.65	241
95.7	241
95.75	242
95.8	242
95.85	242
95.9	242
95.95	241
96	241
96.05	240
96.1	240
96.15	239
96.2	239
96.25	240
96.3	240
96.35	241
96.4	241
96.45	242
96.5	242
96.55	242
96.6	243
96.65	243
96.7	242
96.75	242
96.8	241
96.85	241
96.9	240
96.95	240
97	239
97.05	239
97.1	240
97.15	240
97.2	241
97.25	241
97.3	242
97.35	242
97.4	243
97.45	243
97.5	242
97.55	242
97.6	240
97.65	240
97.7	239
97.75	239
97.8	240
97.85	240
97.9	241
97.95	241
98	242
98.05	242
98.1	243
98.15	243
98.2	242
98.25	242
98.3	241
98.35	241
98.4	240
98.45	240
98.5	239
98.55	239
98.6	240
98.65	240
98.7	241
98.75	241
98.8	242
98.85	242
98.9	243
98.95	243
99	242
99.05	242
99.1	241
99.15	241
99.2	240
99.25	240
99.3	239
99.35	239
99.4	240
99.45	240
99.5	241
99.55	241
99.6	242
99.65	242
99.7	243
99.75	243
99.8	242
99.85	242
99.9	241
99.95	241
100	240
100.05	240
100.1	239
100.15	239
100.2	240
100.25	240
100.3	241
100.35	241
100.4	242
100.45	242
100.5	242
100.55	242
100.6	241
100.65	241
100.7	240
100.75	240
100.8	239
100.85	239
100.9	240
100.95	240
101	241
101.05	241
101.1	242
101.15	242
101.2	243
101.25	243
101.3	242
101.35	242
101.4	241
101.45	241
101.5	240
101.55	240
101.6	239
101.65	239
101.7	239
101.75	240
101.8	240
101.85	241
101.9	241
101.95	242
102	242
102.05	242
102.1	242
102.15	241
102.2	241
102.25	240
102.3	240
102.35	239
102.4	239
102.45	240
102.5	240
102.55	241
102.6	241
102.65	242
102.7	242
102.75	243
102.8	243
102.85	242
102.9	242
102.95	241
103	241
103.05	240
103.1	240
103.15	239
103.2	239
103.25	240
103.3	240
103.35	241
103.4	241
103.45	242
103.5	242
103.55	243
103.6	243
103.65	242
103.7	242
103.75	240
103.8	240
103.85	239
103.9	239
103.95	240
104	240
104.05	241
104.1	241
104.15	242
104.2	242
104.25	243
104.3	243
104.35	242
104.4	242
104.45	241
104.5	241
104.55	240
104.6	240
104.65	239
104.7	239
104.75	240
104.8	240
104.85	241
104.9	241
104.95	242
105	242
105.05	243
105.1	243
105.15	242
105.2	242
105.25	241
105.3	241
105.35	240
105.4	240
105.45	239
105.5	239
105.55	240
105.6	240
105.65	241
105.7	241
105.75	242
105.8	242
105.85	243
105.9	243
105.95	242
106	242
106.05	241
106.1	241
106.15	240
106.2	240
106.25	239
106.3	239
106.35	240
106.4	240
106.45	241
106.5	241
106.55	242
106.6	242
106.65	243
106.7	243
106.75	242
106.8	242
106.85	241
106.9	241
106.95	241
107	240
107.05	240
107.1	239
107.15	239
107.2	240
107.25	240
107.3	241
107.35	241
107.4	242
107.45	242
107.5	243
107.55	243
107.6	242
107.65	242
107.7	241
107.75	241
107.8	240
107.85	240
107.9	239
107.95	239
108	240
108.05	240
108.1	241
108.15	241
108.2	242
108.25	242
108.3	243
108.35	243
108.4	242
108.45	242
108.5	241
108.55	241
108.6	240
108.65	240
108.7	239
108.75	239
108.8	240
108.85	240
108.9	241
108.95	241
109	242
109.05	242
109.1	243
109.15	243
109.2	242
109.25	242
109.3	241
109.35	241
109.4	240
109.45	240
109.5	239
109.55	239
109.6	240
109.65	240
109.7	241
109.75	241
109.8	242
109.85	242
109.9	243
109.95	243
110	242
110.05	242
110.1	241
110.15	241
110.2	240
110.25	240
110.3	239
110.35	239
110.4	240
110.45	240
110.5	241
110.55	241
110.6	242
110.65	242
110.7	243
110.75	243
110.8	242
110.85	242
110.9	241
110.95	241
111	240
111.05	240
111.1	239
111.15	239
111.2	240
111.25	240
111.3	241
111.35	241
111.4	242
111.45	242
111.5	243
111.55	243
111.6	242
111.65	242
111.7	241
111.75	241
111.8	240
111.85	240
111.9	239
111.95	239
112	240
112.05	240
112.1	240
112.15	241
112.2	241
112.25	242
112.3	242
112.35	243
112.4	243
112.45	242
112.5	242
112.55	241
112.6	241
112.65	240
112.7	240
112.75	239
112.8	239
112.85	240
112.9	240
112.95	241
113	241
113.05	242
113.1	242
113.15	243
113.2	243
113.25	242
113.3	242
113.35	241
113.4	241
113.45	240
113.5	240
113.55	239
113.6	239
113.65	240
113.7	240
113.75	241
113.8	241
113.85	242
113.9	242
113.95	243
114	243
114.05	242
114.1	242
114.15	241
114.2	241
114.25	240
114.3	240
114.35	239
114.4	239
114.45	240
114.5	240
114.55	241
114.6	241
114.65	242
114.7	242
114.75	243
114.8	243
114.85	242
114.9	242
114.95	241
115	241
115.05	240
115.1	240
115.15	239
115.2	239
115.25	240
115.3	240
115.35	241
115.4	241
115.45	242
115.5	242
115.55	243
115.6	243
115.65	242
115.7	242
115.75	241
115.8	241
115.85	240
115.9	240
115.95	239
116	239
116.05	240
116.1	240
116.15	241
116.2	241
116.25	242
116.3	242
116.35	243
116.4	243
116.45	242
116.5	242
116.55	241
116.6	241
116.65	240
116.7	240
116.75	239
116.8	239
116.85	240
116.9	240
116.95	241
117	241
117.05	242
117.1	242
117.15	242
117.2	242
117.25	242
117.3	241
117.35	241
117.4	240
117.45	240
117.5	239
117.55	239
117.6	240
117.65	240
117.7	241
117.75	241
117.8	242
117.85	242
117.9	243
117.95	243
118	242
118.05	242
118.1	241
118.15	241
118.2	240
118.25	240
118.3	239
118.35	239
118.4	240
118.45	240
118.5	241
118.55	241
118.6	242
118.65	242
118.7	243
118.75	243
118.8	242
118.85	242
118.9	240
118.95	240
119	239
119.05	239
119.1	240
119.15	240
119.2	241
119.25	241
119.3	242
119.35	242
119.4	243
119.45	243
119.5	242
119.55	242
119.6	241
119.65	241
119.7	240
119.75	240
119.8	239
119.85	239
119.9	240
119.95	240
120	241
120.05	241
120.1	242
120.15	242
120.2	243
120.25	243
120.3	242
120.35	242
120.4	241
120.45	241
120.5	240
120.55	240
120.6	239
120.65	239
120.7	240
120.75	240
120.8	241
120.85	241
120.9	242
120.95	242
121	243
121.05	243
121.1	242
121.15	242
121.2	241
121.25	241
121.3	240
121.35	240
121.4	239
121.45	239
121.5	240
121.55	240
121.6	241
121.65	241
121.7	242
121.75	242
121.8	243
121.85	243
121.9	242
121.95	242
122	241
122.05	241
122.1	240
122.15	240
122.2	239
122.25	239
122.3	240
122.35	240
122.4	241
122.45	241
122.5	241
122.55	242
122.6	242
122.65	243
122.7	243
122.75	242
122.8	242
122.85	241
122.9	241
122.95	240
123	240
123.05	239
123.1	239
123.15	240
123.2	240
123.25	241
123.3	241
123.35	242
123.4	242
123.45	243
123.5	243
123.55	242
123.6	242
123.65	241
123.7	241
123.75	240
123.8	240
123.85	239
123.9	239
123.95	240
124	240
124.05	241
124.1	241
124.15	242
124.2	242
124.25	243
124.3	243
124.35	242
124.4	242
124.45	241
124.5	241
124.55	240
124.6	240
124.65	239
124.7	239
124.75	240
124.8	240
124.85	241
124.9	241
124.95	242
125	242
125.05	243
125.1	243
125.15	242
125.2	242
125.25	241
125.3	241
125.35	240
125.4	240
125.45	239
125.5	239
125.55	240
125.6	240
125.65	241
125.7	241
125.75	242
125.8	242
125.85	243
125.9	243
125.95	242
126	242
126.05	241
126.1	241
126.15	240
126.2	240
126.25	239
126.3	239
126.35	240
126.4	240
126.45	241
126.5	241
126.55	242
126.6	242
126.65	243
126.7	243
126.75	242
126.8	242
126.85	241
126.9	241
126.95	240
127	240
127.05	239
127.1	239
127.15	240
127.2	240
127.25	241
127.3	241
127.35	242
127.4	242
127.45	243
127.5	243
127.55	242
127.6	242
127.65	242
127.7	241
127.75	241
127.8	240
127.85	240
127.9	239
127.95	239
128	240
128.05	240
128.1	241
128.15	241
128.2	242
128.25	242
128.3	243
128.35	243
128.4	242
128.45	242
128.5	241
128.55	241
128.6	240
128.65	240
128.7	239
128.75	239
128.8	240
128.85	240
128.9	241
128.95	241
129	242
129.05	242
129.1	243
129.15	243
129.2	242
129.25	242
129.3	241
129.35	241
129.4	240
129.45	240
129.5	239
129.55	239
129.6	240
129.65	240
129.7	241
129.75	241
129.8	242
129.85	242
129.9	243
129.95	243
130	242
130.05	242
130.1	241
130.15	241
130.2	240
130.25	240
130.3	239
130.35	239
130.4	240
130.45	240
130.5	241
130.55	241
130.6	242
130.65	242
130.7	243
130.75	243
130.8	242
130.85	242
130.9	241
130.95	241
131	240
131.05	240
131.1	239
131.15	239
131.2	240
131.25	240
131.3	241
131.35	241
131.4	242
131.45	242
131.5	243
131.55	243
131.6	242
131.65	242
131.7	241
131.75	241
131.8	240
131.85	240
131.9	239
131.95	239
132	240
132.05	240
132.1	241
132.15	241
132.2	242
132.25	242
132.3	242
132.35	242
132.4	241
132.45	241
132.5	240
132.55	240
132.6	239
132.65	239
132.7	239
132.75	240
132.8	240
132.85	241
132.9	241
132.95	242
133	242
133.05	243
133.1	243
133.15	242
133.2	242
133.25	241
133.3	241
133.35	240
133.4	240
133.45	239
133.5	239
133.55	240
133.6	240
133.65	241
133.7	241
133.75	242
133.8	242
133.85	243
133.9	243
133.95	242
134	242
134.05	240
134.1	240
134.15	239
134.2	239
134.25	240
134.3	240
134.35	241
134.4	241
134.45	242
134.5	242
134.55	243
134.6	243
134.65	242
134.7	242
134.75	241
134.8	241
134.85	240
134.9	240
134.95	239
135	239
135.05	240
135.1	240
135.15	241
135.2	241
135.25	242
135.3	242
135.35	243
135.4	243
135.45	242
135.5	242
135.55	241
135.6	241
135.65	240
135.7	240
135.75	239
135.8	239
135.85	240
135.9	240
135.95	241
136	241
136.05	242
136.1	242
136.15	243
136.2	243
136.25	242
136.3	242
136.35	241
136.4	241
136.45	240
136.5	240
136.55	239
136.6	239
136.65	240
136.7	240
136.75	241
136.8	241
136.85	242
136.9	242
136.95	242
137	242
137.05	241
137.1	241
137.15	240
137.2	240
137.25	239
137.3	239
137.35	240
137.4	240
137.45	241
137.5	241
137.55	242
137.6	242
137.65	243
137.7	243
137.75	242
137.8	242
137.85	241
137.9	241
137.95	241
138	240
138.05	240
138.1	239
138.15	239
138.2	240
138.25	240
138.3	241
138.35	241
138.4	242
138.45	242
138.5	242
138.55	242
138.6	241
138.65	241
138.7	240
138.75	240
138.8	239
138.85	239
138.9	240
138.95	240
139	241
139.05	241
139.1	242
139.15	242
139.2	243
139.25	243
139.3	242
139.35	242
139.4	241
139.45	241
139.5	240
139.55	240
139.6	239
139.65	239
139.7	240
139.75	240
139.8	241
139.85	241
139.9	242
139.95	242
140	243
140.05	243
140.1	242
140.15	242
140.2	240
140.25	240
140.3	239
140.35	239
140.4	240
140.45	240
140.5	241
140.55	241
140.6	242
140.65	242
140.7	243
140.75	243
140.8	242
140.85	242
140.9	241
140.95	241
141	240
141.05	240
141.1	239
141.15	239
141.2	240
141.25	240
141.3	241
141.35	241
141.4	242
141.45	242
141.5	243
141.55	243
141.6	242
141.65	242
141.7	241
141.75	241
141.8	240
141.85	240
141.9	239
141.95	239
142	240
142.05	240
142.1	241
142.15	241
142.2	242
142.25	242
142.3	243
142.35	243
142.4	242
142.45	242
142.5	241
142.55	241
142.6	240
142.65	240
142.7	239
142.75	239
142.8	240
142.85	240
142.9	241
142.95	241
143	242
143.05	242
143.1	243
143.15	243
143.2	242
143.25	242
143.3	242
143.35	241
143.4	241
143.45	240
143.5	240
143.55	239
143.6	239
143.65	240
143.7	240
143.75	241
143.8	241
143.85	242
143.9	242
143.95	243
144	243
144.05	242
144.1	242
144.15	241
144.2	241
144.25	240
144.3	240
144.35	239
144.4	239
144.45	240
144.5	240
144.55	241
144.6	241
144.65	242
144.7	242
144.75	243
144.8	243
144.85	242
144.9	242
144.95	241
145	241
145.05	240
145.1	240
145.15	239
145.2	239
145.25	240
145.3	240
145.35	241
145.4	241
145.45	242
145.5	242
145.55	243
145.6	243
145.65	242
145.7	242
145.75	241
145.8	241
145.85	240
145.9	240
145.95	239
146	239
146.05	240
146.1	240
146.15	241
146.2	241
146.25	242
146.3	242
146.35	243
146.4	243
146.45	242
146.5	242
146.55	241
146.6	241
146.65	240
146.7	240
146.75	239
146.8	239
146.85	240
146.9	240
146.95	241
147	241
147.05	242
147.1	242
147.15	243
147.2	243
147.25	242
147.3	242
147.35	241
147.4	241
147.45	240
147.5	240
147.55	239
147.6	239
147.65	240
147.7	240
147.75	241
147.8	241
147.85	242
147.9	242
147.95	243
148	243
148.05	242
148.1	242
148.15	241
148.2	241
148.25	241
148.3	240
148.35	240
148.4	239
148.45	239
148.5	240
148.55	240
148.6	241
148.65	241
148.7	242
148.75	242
148.8	243
148.85	243
148.9	242
148.95	242
149	241
149.05	241
149.1	240
149.15	240
149.2	239
149.25	239
149.3	240
149.35	240
149.4	241
149.45	241
149.5	242
149.55	242
149.6	243
149.65	243
149.7	242
149.75	242
149.8	241
149.85	241
149.9	240
149.95	240
150	239
150.05	239
150.1	240
150.15	240
150.2	241
150.25	241
150.3	242
150.35	242
150.4	243
150.45	243
150.5	242
150.55	242
150.6	241
150.65	241
150.7	240
150.75	240
150.8	239
150.85	239
150.9	240
150.95	240
151	241
151.05	241
151.1	242
151.15	242
151.2	243
151.25	243
151.3	242
151.35	242
151.4	241
151.45	241
151.5	240
151.55	240
151.6	239
151.65	239
151.7	240
151.75	240
151.8	241
151.85	241
151.9	242
151.95	242
152	243
152.05	243
152.1	242
152.15	242
152.2	241
152.25	241
152.3	240
152.35	240
152.4	239
152.45	239
152.5	240
152.55	240
152.6	241
152.65	241
152.7	242
152.75	242
152.8	243
152.85	243
152.9	242
152.95	242
153	241
153.05	241
153.1	240
153.15	240
153.2	239
153.25	239
153.3	240
153.35	240
153.4	241
153.45	241
153.5	241
153.55	242
153.6	242
153.65	242
153.7	242
153.75	241
153.8	241
153.85	240
153.9	240
153.95	239
154	239
154.05	240
154.1	240
154.15	241
154.2	241
154.25	242
154.3	242
154.35	243
154.4	243
154.45	242
154.5	242
154.55	241
154.6	241
154.65	240
154.7	240
154.75	239
154.8	239
154.85	240
154.9	240
154.95	241
155	241
155.05	242
155.1	242
155.15	243
155.2	243
155.25	242
155.3	242
155.35	240
155.4	240
155.45	239
155.5	239
155.55	240
155.6	240
155.65	241
155.7	241
155.75	242
155.8	242
155.85	243
155.9	243
155.95	242
156	242
156.05	241
156.1	241
156.15	240
156.2	240
156.25	239
156.3	239
156.35	240
156.4	240
156.45	241
156.5	241
156.55	242
156.6	242
156.65	243
156.7	243
156.75	242
156.8	242
156.85	241
156.9	241
156.95	240
157	240
157.05	239
157.1	239
157.15	240
157.2	240
157.25	241
157.3	241
157.35	242
157.4	242
157.45	243
157.5	243
157.55	242
157.6	242
157.65	241
157.7	241
157.75	240
157.8	240
157.85	239
157.9	239
157.95	240
158	240
158.05	241
158.1	241
158.15	242
158.2	242
158.25	243
158.3	243
158.35	242
158.4	242
158.45	241
158.5	241
158.55	240
158.6	240
158.65	240
158.7	239
158.75	239
158.8	240
158.85	240
158.9	241
158.95	241
159	242
159.05	242
159.1	243
159.15	243
159.2	242
159.25	242
159.3	241
159.35	241
159.4	240
159.45	240
159.5	239
159.55	239
159.6	240
159.65	240
159.7	241
159.75	241
159.8	242
159.85	242
159.9	243
159.95	243
160	242
160.05	242
160.1	241
160.15	241
160.2	245
160.25	245
160.3	248
160.35	248
160.4	249
160.45	249
160.5	253
160.55	253
160.6	256
160.65	256
160.7	257
160.75	257
160.8	261
160.85	261
160.9	264
160.95	264
161	265
161.05	265
161.1	269
161.15	269
161.2	272
161.25	272
161.3	273
161.35	273
161.4	277
161.45	277
161.5	280
161.55	280
161.6	281
161.65	281
161.7	285
161.75	285
161.8	288
161.85	288
161.9	289
161.95	289
162	293
162.05	293
162.1	296
162.15	296
162.2	297
162.25	297
162.3	301
162.35	301
162.4	305
162.45	305
162.5	306
162.55	306
162.6	307
162.65	307
162.7	311
162.75	311
162.8	314
162.85	314
162.9	314
162.95	314
163	318
163.05	318
163.1	322
163.15	322
163.2	326
163.25	326
163.3	330
163.35	330
163.4	334
163.45	334
163.5	338
163.55	338
163.6	342
163.65	342
163.7	346
163.75	346
163.8	349
163.85	349
163.9	352
163.95	352
164	355
164.05	355
164.1	358
164.15	358
164.2	361
164.25	361
164.3	364
164.35	364
164.4	365
164.45	365
164.5	368
164.55	368
164.6	371
164.65	371
164.7	374
164.75	374
164.8	377
164.85	377
164.9	380
164.95	380
165	383
165.05	383
165.1	386
165.15	386
165.2	389
165.25	389
165.3	392
165.35	392
165.4	395
165.45	395
165.5	398
165.55	398
165.6	401
165.65	401
165.7	404
165.75	404
165.8	407
165.85	407
165.9	410
165.95	410
166	413
166.05	413
166.1	416
166.15	416
166.2	419
166.25	419
166.3	422
166.35	422
166.4	425
166.45	425
166.5	428
166.55	428
166.6	431
166.65	431
166.7	434
166.75	434
166.8	435
166.85	435
166.9	438
166.95	438
167	439
167.05	439
167.1	442
167.15	442
167.2	443
167.25	443
167.3	446
167.35	446
167.4	447
167.45	447
167.5	450
167.55	450
167.6	453
167.65	453
167.7	456
167.75	456
167.8	459
167.85	459
167.9	462
167.95	462
168	463
168.05	463
168.1	466
168.15	466
168.2	467
168.25	467
168.3	470
168.35	470
168.4	471
168.45	471
168.5	472
168.55	472
168.6	473
168.65	473
168.7	476
168.75	476
168.8	479
168.85	479
168.9	480
168.95	480
169	481
169.05	481
169.1	479
169.15	479
169.2	477
169.25	477
169.3	475
169.35	475
169.4	475
169.45	475
169.5	476
169.55	476
169.6	477
169.65	477
169.7	478
169.75	478
169.8	478
169.85	478
169.9	478
169.95	478
170	478
170.05	478
170.1	478
170.15	478
170.2	478
170.25	478
170.3	478
170.35	478
170.4	478
170.45	478
170.5	478
170.55	478
170.6	478
170.65	478
170.7	478
170.75	478
170.8	478
170.85	478
170.9	478
170.95	478
171	478
171.05	478
171.1	478
171.15	478
171.2	478
171.25	478
171.3	478
171.35	478
171.4	478
171.45	478
171.5	478
171.55	478
171.6	478
171.65	478
171.7	478
171.75	478
171.8	478
171.85	478
171.9	478
171.95	478
172	478
172.05	478
172.1	478
172.15	478
172.2	478
172.25	478
172.3	478
172.35	478
172.4	478
172.45	478
172.5	478
172.55	478
172.6	478
172.65	478
172.7	478
172.75	478
172.8	478
172.85	478
172.9	478
172.95	478
173	478
173.05	478
173.1	478
173.15	478
173.2	478
173.25	478
173.3	478
173.35	478
173.4	478
173.45	478
173.5	478
173.55	478
173.6	478
173.65	478
173.7	478
173.75	478
173.8	478
173.85	478
173.9	478
173.95	478
174	478
174.05	478
174.1	478
174.15	478
174.2	478
174.25	478
174.3	478
174.35	478
174.4	478
174.45	478
174.5	478
174.55	478
174.6	478
174.65	478
174.7	478
174.75	478
174.8	478
174.85	478
174.9	478
174.95	478
175	478
175.05	478
175.1	478
175.15	478
175.2	478
175.25	478
175.3	478
175.35	478
175.4	478
175.45	478
175.5	478
175.55	478
175.6	478
175.65	478
175.7	478
175.75	478
175.8	478
175.85	478
175.9	478
175.95	478
176	478
176.05	478
176.1	478
176.15	478
176.2	478
176.25	478
176.3	478
176.35	478
176.4	478
176.45	478
176.5	478
176.55	478
176.6	478
176.65	478
176.7	478
176.75	478
176.8	478
176.85	478
176.9	478
176.95	478
177	478
177.05	478
177.1	478
177.15	478
177.2	478
177.25	478
177.3	478
177.35	478
177.4	478
177.45	478
177.5	478
177.55	478
177.6	478
177.65	478
177.7	478
177.75	478
177.8	478
177.85	478
177.9	478
177.95	478
178	478
178.05	478
178.1	478
178.15	478
178.2	478
178.25	478
178.3	478
178.35	478
178.4	478
178.45	478
178.5	478
178.55	478
178.6	478
178.65	478
178.7	478
178.75	478
178.8	478
178.85	478
178.9	478
178.95	478
179	478
179.05	478
179.1	478
179.15	478
179.2	478
179.25	478
179.3	478
179.35	478
179.4	478
179.45	478
179.5	478
179.55	478
179.6	478
179.65	478
179.7	478
179.75	478
179.8	478
179.85	478
179.9	478
179.95	478
180	478
180.05	478
180.1	478
180.15	478
180.2	478
180.25	478
180.3	478
180.35	478
180.4	478
180.45	478
180.5	478
180.55	478
180.6	478
180.65	478
180.7	478
180.75	478
180.8	478
180.85	478
180.9	478
180.95	478
181	478
181.05	478
181.1	478
181.15	478
181.2	478
181.25	478
181.3	478
181.35	478
181.4	478
181.45	478
181.5	478
181.55	478
181.6	478
181.65	478
181.7	478
181.75	478
181.8	478
181.85	478
181.9	478
181.95	478
182	478
182.05	478
182.1	478
182.15	478
182.2	478
182.25	478
182.3	478
182.35	478
182.4	478
182.45	478
182.5	478
182.55	478
182.6	478
182.65	478
182.7	478
182.75	478
182.8	478
182.85	478
182.9	478
182.95	478
183	478
183.05	478
183.1	478
183.15	478
183.2	478
183.25	478
183.3	478
183.35	478
183.4	478
183.45	478
183.5	478
183.55	478
183.6	478
183.65	478
183.7	478
183.75	478
183.8	478
183.85	478
183.9	478
183.95	478
184	478
184.05	478
184.1	478
184.15	478
184.2	478
184.25	478
184.3	478
184.35	478
184.4	478
184.45	478
184.5	478
184.55	478
184.6	478
184.65	478
184.7	478
184.75	478
184.8	478
184.85	478
184.9	478
184.95	478
185	478
185.05	478
185.1	478
185.15	478
185.2	478
185.25	478
185.3	478
185.35	478
185.4	478
185.45	478
185.5	478
185.55	478
185.6	478
185.65	478
185.7	478
185.75	478
185.8	478
185.85	478
185.9	478
185.95	478
186	478
186.05	478
186.1	478
186.15	478
186.2	478
186.25	478
186.3	478
186.35	478
186.4	478
186.45	478
186.5	478
186.55	478
186.6	478
186.65	478
186.7	478
186.75	478
186.8	478
186.85	478
186.9	478
186.95	478
187	478
187.05	478
187.1	478
187.15	478
187.2	478
187.25	478
187.3	478
187.35	478
187.4	478
187.45	478
187.5	478
187.55	478
187.6	478
187.65	478
187.7	478
187.75	478
187.8	478
187.85	478
187.9	478
187.95	478
188	478
188.05	478
188.1	478
188.15	478
188.2	478
188.25	478
188.3	478
188.35	478
188.4	478
188.45	478
188.5	478
188.55	478
188.6	478
188.65	478
188.7	478
188.75	478
188.8	478
188.85	478
188.9	478
188.95	478
189	478
189.05	478
189.1	478
189.15	478
189.2	478
189.25	478
189.3	478
189.35	478
189.4	478
189.45	478
189.5	478
189.55	478
189.6	478
189.65	478
189.7	478
189.75	478
189.8	478
189.85	478
189.9	478
189.95	478
190	478
190.05	478
190.1	478
190.15	478
190.2	478
190.25	478
190.3	478
190.35	478
190.4	478
190.45	478
190.5	478
190.55	478
190.6	478
190.65	478
190.7	478
190.75	478
190.8	478
190.85	478
190.9	478
190.95	478
191	478
191.05	478
191.1	478
191.15	478
191.2	478
191.25	478
191.3	478
191.35	478
191.4	478
191.45	478
191.5	478
191.55	478
191.6	478
191.65	478
191.7	478
191.75	478
191.8	478
191.85	478
191.9	478
191.95	478
192	478
192.05	478
192.1	478
192.15	478
192.2	478
192.25	478
192.3	478
192.35	478
192.4	478
192.45	478
192.5	478
192.55	478
192.6	478
192.65	478
192.7	478
192.75	478
192.8	478
192.85	478
192.9	478
192.95	478
193	478
193.05	478
193.1	478
193.15	478
193.2	478
193.25	478
193.3	478
193.35	478
193.4	478
193.45	478
193.5	478
193.55	478
193.6	478
193.65	478
193.7	478
193.75	478
193.8	478
193.85	478
193.9	478
193.95	478
194	478
194.05	478
194.1	478
194.15	478
194.2	478
194.25	478
194.3	478
194.35	478
194.4	478
194.45	478
194.5	478
194.55	478
194.6	478
194.65	478
194.7	478
194.75	478
194.8	478
194.85	478
194.9	478
194.95	478
195	478
195.05	478
195.1	478
195.15	478
195.2	478
195.25	478
195.3	478
195.35	478
195.4	478
195.45	478
195.5	478
195.55	478
195.6	478
195.65	478
195.7	478
195.75	478
195.8	478
195.85	478
195.9	478
195.95	478
196	478
196.05	478
196.1	478
196.15	478
196.2	478
196.25	478
196.3	478
196.35	478
196.4	478
196.45	478
196.5	478
196.55	478
196.6	478
196.65	478
196.7	478
196.75	478
196.8	478
196.85	478
196.9	478
196.95	478
197	478
197.05	478
197.1	478
197.15	478
197.2	478
197.25	478
197.3	478
197.35	478
197.4	478
197.45	478
197.5	478
197.55	478
197.6	478
197.65	478
197.7	478
197.75	478
197.8	478
197.85	478
197.9	478
197.95	478
198	478
198.05	478
198.1	478
198.15	478
198.2	478
198.25	478
198.3	478
198.35	478
198.4	478
198.45	478
198.5	478
198.55	478
198.6	478
198.65	478
198.7	478
198.75	478
198.8	478
198.85	478
198.9	478
198.95	478
199	478
199.05	478
199.1	478
199.15	478
199.2	478
199.25	478
199.3	478
199.35	478
199.4	478
199.45	478
199.5	478
199.55	478
199.6	478
199.65	478
199.7	478
199.75	478
199.8	478
199.85	478
199.9	478
199.95	478
200	478
200.05	478
200.1	478
200.15	478
200.2	478
200.25	478
200.3	478
200.35	478
200.4	478
200.45	478
200.5	478
200.55	478
200.6	478
200.65	478
200.7	478
200.75	478
200.8	478
200.85	478
200.9	478
200.95	478
201	478
201.05	478
201.1	478
201.15	478
201.2	478
201.25	478
201.3	478
201.35	478
201.4	478
201.45	478
201.5	478
201.55	478
201.6	478
201.65	478
201.7	478
201.75	478
201.8	478
201.85	478
201.9	478
201.95	478
202	478
202.05	478
202.1	478
202.15	478
202.2	478
202.25	478
202.3	478
202.35	478
202.4	478
202.45	478
202.5	478
202.55	478
202.6	478
202.65	478
202.7	478
202.75	478
202.8	478
202.85	478
202.9	478
202.95	478
203	478
203.05	478
203.1	478
203.15	478
203.2	478
203.25	478
203.3	478
203.35	478
203.4	478
203.45	478
203.5	478
203.55	478
203.6	478
203.65	478
203.7	478
203.75	478
203.8	478
203.85	478
203.9	478
203.95	478
204	478
204.05	478
204.1	478
204.15	478
204.2	478
204.25	478
204.3	478
204.35	478
204.4	478
204.45	478
204.5	478
204.55	478
204.6	478
204.65	478
204.7	478
204.75	478
204.8	478
204.85	478
204.9	478
204.95	478
205	478
205.05	478
205.1	478
205.15	478
205.2	478
205.25	478
205.3	478
205.35	478
205.4	478
205.45	478
205.5	478
205.55	478
205.6	478
205.65	478
205.7	478
205.75	478
205.8	478
205.85	478
205.9	478
205.95	478
206	478
206.05	478
206.1	478
206.15	478
206.2	478
206.25	478
206.3	478
206.35	478
206.4	478
206.45	478
206.5	478
206.55	478
206.6	478
206.65	478
206.7	478
206.75	478
206.8	478
206.85	478
206.9	478
206.95	478
207	478
207.05	478
207.1	478
207.15	478
207.2	478
207.25	478
207.3	478
207.35	478
207.4	478
207.45	478
207.5	478
207.55	478
207.6	478
207.65	478
207.7	478
207.75	478
207.8	478
207.85	478
207.9	478
207.95	478
208	478
208.05	478
208.1	478
208.15	478
208.2	478
208.25	478
208.3	478
208.35	478
208.4	478
208.45	478
208.5	478
208.55	478
208.6	478
208.65	478
208.7	478
208.75	478
208.8	478
208.85	478
208.9	478
208.95	478
209	478
209.05	478
209.1	478
209.15	478
209.2	478
209.25	478
209.3	478
209.35	478
209.4	478
209.45	478
209.5	478
209.55	478
209.6	478
209.65	478
209.7	478
209.75	478
209.8	478
209.85	478
209.9	478
209.95	478
210	478
210.05	478
210.1	478
210.15	478
210.2	478
210.25	478
210.3	478
210.35	478
210.4	478
210.45	478
210.5	478
210.55	478
210.6	478
210.65	478
210.7	478
210.75	478
210.8	478
210.85	478
210.9	478
210.95	478
211	478
211.05	478
211.1	478
211.15	478
211.2	478
211.25	478
211.3	478
211.35	478
211.4	478
211.45	478
211.5	478
211.55	478
211.6	478
211.65	478
211.7	478
211.75	478
211.8	478
211.85	478
211.9	478
211.95	478
212	478
212.05	478
212.1	478
212.15	478
212.2	478
212.25	478
212.3	478
212.35	478
212.4	478
212.45	478
212.5	478
212.55	478
212.6	478
212.65	478
212.7	478
212.75	478
212.8	478
212.85	478
212.9	478
212.95	478
213	478
213.05	478
213.1	478
213.15	478
213.2	478
213.25	478
213.3	478
213.35	478
213.4	478
213.45	478
213.5	478
213.55	478
213.6	478
213.65	478
213.7	478
213.75	478
213.8	478
213.85	478
213.9	478
213.95	478
214	478
214.05	478
214.1	478
214.15	478
214.2	478
214.25	478
214.3	478
214.35	478
214.4	478
214.45	478
214.5	478
214.55	478
214.6	478
214.65	478
214.7	478
214.75	478
214.8	478
214.85	478
214.9	478
214.95	478
215	478
215.05	478
215.1	478
215.15	478
215.2	478
215.25	478
215.3	478
215.35	478
215.4	478
215.45	478
215.5	478
215.55	478
215.6	478
215.65	478
215.7	478
215.75	478
215.8	478
215.85	478
215.9	478
215.95	478
216	478
216.05	478
216.1	478
216.15	478
216.2	478
216.25	478
216.3	478
216.35	478
216.4	478
216.45	478
216.5	478
216.55	478
216.6	478
216.65	478
216.7	478
216.75	478
216.8	478
216.85	478
216.9	478
216.95	478
217	478
217.05	478
217.1	478
217.15	478
217.2	478
217.25	478
217.3	478
217.35	478
217.4	478
217.45	478
217.5	478
217.55	478
217.6	478
217.65	478
217.7	478
217.75	478
217.8	478
217.85	478
217.9	478
217.95	478
218	478
218.05	478
218.1	478
218.15	478
218.2	478
218.25	478
218.3	478
218.35	478
218.4	478
218.45	478
218.5	478
218.55	478
218.6	478
218.65	478
218.7	478
218.75	478
218.8	478
218.85	478
218.9	478
218.95	478
219	478
219.05	478
219.1	478
219.15	478
219.2	478
219.25	478
219.3	478
219.35	478
219.4	478
219.45	478
219.5	478
219.55	478
219.6	478
219.65	478
219.7	478
219.75	478
219.8	478
219.85	478
219.9	478
219.95	478
220	478
220.05	478
220.1	478
220.15	478
220.2	478
220.25	478
220.3	478
220.35	478
220.4	478
220.45	478
220.5	478
220.55	478
220.6	478
220.65	478
220.7	478
220.75	478
220.8	478
220.85	478
220.9	478
220.95	478
221	478
221.05	478
221.1	478
221.15	478
221.2	478
221.25	478
221.3	478
221.35	478
221.4	478
221.45	478
221.5	478
221.55	478
221.6	478
221.65	478
221.7	478
221.75	478
221.8	478
221.85	478
221.9	478
221.95	478
222	478
222.05	478
222.1	478
222.15	478
222.2	478
222.25	478
222.3	478
222.35	478
222.4	478
222.45	478
222.5	478
222.55	478
222.6	478
222.65	478
222.7	478
222.75	478
222.8	478
222.85	478
222.9	478
222.95	478
223	478
223.05	478
223.1	478
223.15	478
223.2	478
223.25	478
223.3	478
223.35	478
223.4	478
223.45	478
223.5	478
223.55	478
223.6	478
223.65	478
223.7	478
223.75	478
223.8	478
223.85	478
223.9	478
223.95	478
224	478
224.05	478
224.1	478
224.15	478
224.2	478
224.25	478
224.3	478
224.35	478
224.4	478
224.45	478
224.5	478
224.55	478
224.6	478
224.65	478
224.7	478
224.75	478
224.8	478
224.85	478
224.9	478
224.95	478
225	478
225.05	478
225.1	478
225.15	478
225.2	478
225.25	478
225.3	478
225.35	478
225.4	478
225.45	478
225.5	478
225.55	478
225.6	478
225.65	478
225.7	478
225.75	478
225.8	478
225.85	478
225.9	478
225.95	478
226	478
226.05	478
226.1	478
226.15	478
226.2	478
226.25	478
226.3	478
226.35	478
226.4	478
226.45	478
226.5	478
226.55	478
226.6	478
226.65	478
226.7	478
226.75	478
226.8	478
226.85	478
226.9	478
226.95	478
227	478
227.05	478
227.1	478
227.15	478
227.2	478
227.25	478
227.3	478
227.35	478
227.4	478
227.45	478
227.5	478
227.55	478
227.6	478
227.65	478
227.7	478
227.75	478
227.8	478
227.85	478
227.9	478
227.95	478
228	478
228.05	478
228.1	478
228.15	478
228.2	478
228.25	478
228.3	478
228.35	478
228.4	478
228.45	478
228.5	478
228.55	478
228.6	478
228.65	478
228.7	478
228.75	478
228.8	478
228.85	478
228.9	478
228.95	478
229	478
229.05	478
229.1	478
229.15	478
229.2	478
229.25	478
229.3	478
229.35	478
229.4	478
229.45	478
229.5	478
229.55	478
229.6	478
229.65	478
229.7	478
229.75	478
229.8	478
229.85	478
229.9	478
229.95	478
230	478
230.05	478
230.1	478
230.15	478
230.2	478
230.25	478
230.3	478
230.35	478
230.4	478
230.45	478
230.5	478
230.55	478
230.6	478
230.65	478
230.7	478
230.75	478
230.8	478
230.85	478
230.9	478
230.95	478
231	478
231.05	478
231.1	478
231.15	478
231.2	478
231.25	478
231.3	478
231.35	478
231.4	478
231.45	478
231.5	478
231.55	478
231.6	478
231.65	478
231.7	478
231.75	478
231.8	478
231.85	478
231.9	478
231.95	478
232	478
232.05	478
232.1	478
232.15	478
232.2	478
232.25	478
232.3	478
232.35	478
232.4	478
232.45	478
232.5	478
232.55	478
232.6	478
232.65	478
232.7	478
232.75	478
232.8	478
232.85	478
232.9	478
232.95	478
233	478
233.05	478
233.1	478
233.15	478
233.2	478
233.25	478
233.3	478
233.35	478
233.4	478
233.45	478
233.5	478
233.55	478
233.6	478
233.65	478
233.7	478
233.75	478
233.8	478
233.85	478
233.9	478
233.95	478
234	478
234.05	478
234.1	478
234.15	478
234.2	478
234.25	478
234.3	478
234.35	478
234.4	478
234.45	478
234.5	478
234.55	478
234.6	478
234.65	478
234.7	478
234.75	478
234.8	478
234.85	478
234.9	478
234.95	478
235	478
235.05	478
235.1	478
235.15	478
235.2	478
235.25	478
235.3	478
235.35	478
235.4	478
235.45	478
235.5	478
235.55	478
235.6	478
235.65	478
235.7	478
235.75	478
235.8	478
235.85	478
235.9	478
235.95	478
236	478
236.05	478
236.1	478
236.15	478
236.2	478
236.25	478
236.3	478
236.35	478
236.4	478
236.45	478
236.5	478
236.55	478
236.6	478
236.65	478
236.7	478
236.75	478
236.8	478
236.85	478
236.9	478
236.95	478
237	478
237.05	478
237.1	478
237.15	478
237.2	478
237.25	478
237.3	478
237.35	478
237.4	478
237.45	478
237.5	478
237.55	478
237.6	478
237.65	478
237.7	478
237.75	478
237.8	478
237.85	478
237.9	478
237.95	478
238	478
238.05	478
238.1	478
238.15	478
238.2	478
238.25	478
238.3	478
238.35	478
238.4	478
238.45	478
238.5	478
238.55	478
238.6	478
238.65	478
238.7	478
238.75	478
238.8	478
238.85	478
238.9	478
238.95	478
239	478
239.05	478
239.1	478
239.15	478
239.2	478
239.25	478
239.3	478
239.35	478
239.4	478
239.45	478
239.5	478
239.55	478
239.6	478
239.65	478
239.7	478
239.75	478
239.8	478
239.85	478
239.9	478
239.95	478
