# Time(s)	CWND(packets)
0.05	0
0.1	0
0.15	10
0.2	10
0.25	15
0.3	15
0.35	22
0.4	22
0.45	33
0.5	33
0.55	49
0.6	49
0.65	73
0.7	73
0.75	91
0.8	91
0.85	94
0.9	94
0.95	98
1	98
1.05	102
1.1	102
1.15	106
1.2	106
1.25	110
1.3	110
1.35	114
1.4	114
1.45	118
1.5	118
1.55	122
1.6	122
1.65	126
1.7	126
1.75	130
1.8	130
1.85	134
1.9	134
1.95	138
2	138
2.05	142
2.1	142
2.15	146
2.2	146
2.25	150
2.3	150
2.35	154
2.4	154
2.45	158
2.5	158
2.55	162
2.6	162
2.65	166
2.7	166
2.75	170
2.8	170
2.85	174
2.9	174
2.95	178
3	178
3.05	182
3.1	182
3.15	186
3.2	186
3.25	190
3.3	190
3.35	194
3.4	194
3.45	198
3.5	198
3.55	202
3.6	202
3.65	206
3.7	206
3.75	210
3.8	210
3.85	214
3.9	214
3.95	218
4	218
4.05	222
4.1	222
4.15	226
4.2	226
4.25	230
4.3	230
4.35	234
4.4	234
4.45	238
4.5	238
4.55	242
4.6	242
4.65	246
4.7	246
4.75	250
4.8	250
4.85	254
4.9	254
4.95	258
5	258
5.05	262
5.1	262
5.15	265
5.2	265
5.25	268
5.3	268
5.35	271
5.4	271
5.45	274
5.5	274
5.55	280
5.6	280
5.65	283
5.7	283
5.75	287
5.8	287
5.85	291
5.9	291
5.95	295
6	295
6.05	299
6.1	299
6.15	303
6.2	303
6.25	307
6.3	307
6.35	311
6.4	311
6.45	315
6.5	315
6.55	319
6.6	319
6.65	323
6.7	323
6.75	327
6.8	327
6.85	331
6.9	331
6.95	335
7	335
7.05	339
7.1	339
7.15	343
7.2	343
7.25	347
7.3	347
7.35	351
7.4	351
7.45	355
7.5	355
7.55	359
7.6	359
7.65	363
7.7	363
7.75	367
7.8	367
7.85	367
7.9	371
7.95	371
8	375
8.05	375
8.1	379
8.15	379
8.2	383
8.25	383
8.3	387
8.35	387
8.4	391
8.45	391
8.5	395
8.55	395
8.6	399
8.65	399
8.7	403
8.75	403
8.8	407
8.85	407
8.9	411
8.95	411
9	415
9.05	415
9.1	419
9.15	419
9.2	423
9.25	423
9.3	427
9.35	427
9.4	431
9.45	431
9.5	434
9.55	434
9.6	437
9.65	437
9.7	441
9.75	441
9.8	445
9.85	445
9.9	448
9.95	448
10	451
10.05	451
10.1	455
10.15	455
10.2	458
10.25	458
10.3	461
10.35	461
10.4	465
10.45	465
10.5	469
10.55	469
10.6	472
10.65	472
10.7	475
10.75	475
10.8	479
10.85	479
10.9	482
10.95	482
11	485
11.05	485
11.1	489
11.15	489
11.2	493
11.25	493
11.3	496
11.35	496
11.4	499
11.45	499
11.5	503
11.55	503
11.6	507
11.65	507
11.7	510
11.75	510
11.8	513
11.85	513
11.9	517
11.95	517
12	520
12.05	520
12.1	523
12.15	523
12.2	527
12.25	527
12.3	530
12.35	530
12.4	533
12.45	533
12.5	537
12.55	537
12.6	540
12.65	540
12.7	543
12.75	543
12.8	547
12.85	547
12.9	550
12.95	550
13	553
13.05	553
13.1	557
13.15	557
13.2	560
13.25	560
13.3	563
13.35	563
13.4	566
13.45	566
13.5	569
13.55	569
13.6	572
13.65	572
13.7	575
13.75	575
13.8	578
13.85	578
13.9	581
13.95	581
14	584
14.05	584
14.1	587
14.15	587
14.2	590
14.25	590
14.3	593
14.35	593
14.4	596
14.45	596
14.5	599
14.55	599
14.6	602
14.65	602
14.7	605
14.75	605
14.8	608
14.85	608
14.9	611
14.95	611
15	614
15.05	614
15.1	617
15.15	617
15.2	620
15.25	620
15.3	623
15.35	623
15.4	626
15.45	626
15.5	629
15.55	629
15.6	632
15.65	632
15.7	635
15.75	635
15.8	638
15.85	638
15.9	641
15.95	641
16	644
16.05	644
16.1	647
16.15	647
16.2	650
16.25	650
16.3	653
16.35	653
16.4	656
16.45	656
16.5	659
16.55	659
16.6	662
16.65	662
16.7	665
16.75	665
16.8	668
16.85	668
16.9	671
16.95	671
17	674
17.05	674
17.1	677
17.15	677
17.2	680
17.25	680
17.3	683
17.35	683
17.4	686
17.45	686
17.5	689
17.55	689
17.6	692
17.65	692
17.7	695
17.75	695
17.8	698
17.85	698
17.9	701
17.95	701
18	704
18.05	704
18.1	707
18.15	707
18.2	710
18.25	710
18.3	713
18.35	713
18.4	716
18.45	716
18.5	719
18.55	719
18.6	722
18.65	722
18.7	725
18.75	725
18.8	728
18.85	728
18.9	731
18.95	731
19	734
19.05	734
19.1	737
19.15	737
19.2	740
19.25	740
19.3	743
19.35	743
19.4	746
19.45	746
19.5	749
19.55	749
19.6	752
19.65	752
19.7	755
19.75	755
19.8	758
19.85	758
19.9	761
19.95	761
20	764
20.05	764
20.1	767
20.15	767
20.2	770
20.25	770
20.3	773
20.35	773
20.4	776
20.45	776
20.5	779
20.55	779
20.6	782
20.65	782
20.7	785
20.75	785
20.8	788
20.85	788
20.9	791
20.95	791
21	794
21.05	794
21.1	797
21.15	797
21.2	800
21.25	800
21.3	803
21.35	803
21.4	806
21.45	806
21.5	809
21.55	809
21.6	812
21.65	812
21.7	815
21.75	815
21.8	818
21.85	818
21.9	821
21.95	821
22	824
22.05	824
22.1	827
22.15	827
22.2	830
22.25	830
22.3	833
22.35	833
22.4	836
22.45	836
22.5	839
22.55	839
22.6	839
22.65	839
22.7	836
22.75	836
22.8	831
22.85	831
22.9	830
22.95	830
23	833
23.05	833
23.1	836
23.15	836
23.2	839
23.25	839
23.3	839
23.35	839
23.4	837
23.45	837
23.5	832
23.55	832
23.6	829
23.65	829
23.7	832
23.75	832
23.8	835
23.85	835
23.9	838
23.95	838
24	839
24.05	839
24.1	837
24.15	837
24.2	833
24.25	833
24.3	830
24.35	830
24.4	831
24.45	831
24.5	834
24.55	834
24.6	837
24.65	837
24.7	838
24.75	838
24.8	837
24.85	837
24.9	834
24.95	834
25	831
25.05	831
25.1	832
25.15	832
25.2	835
25.25	835
25.3	838
25.35	838
25.4	841
25.45	841
25.5	838
25.55	838
25.6	833
25.65	833
25.7	830
25.75	830
25.8	831
25.85	831
25.9	834
25.95	834
26	837
26.05	837
26.1	838
26.15	838
26.2	838
26.25	838
26.3	835
26.35	835
26.4	832
26.45	832
26.5	831
26.55	831
26.6	834
26.65	834
26.7	837
26.75	837
26.8	838
26.85	838
26.9	838
26.95	838
27	835
27.05	835
27.1	832
27.15	832
27.2	831
27.25	831
27.3	834
27.35	834
27.4	837
27.45	837
27.5	838
27.55	838
27.6	838
27.65	838
27.7	835
27.75	835
27.8	832
27.85	832
27.9	831
27.95	831
28	834
28.05	834
28.1	837
28.15	837
28.2	838
28.25	838
28.3	838
28.35	838
28.4	835
28.45	835
28.5	832
28.55	832
28.6	831
28.65	831
28.7	834
28.75	834
28.8	837
28.85	837
28.9	838
28.95	838
29	837
29.05	837
29.1	834
29.15	834
29.2	831
29.25	831
29.3	832
29.35	832
29.4	835
29.45	835
29.5	838
29.55	838
29.6	841
29.65	841
29.7	838
29.75	838
29.8	833
29.85	833
29.9	830
29.95	830
30	831
30.05	831
30.1	834
30.15	834
30.2	837
30.25	837
30.3	838
30.35	838
30.4	838
30.45	838
30.5	835
30.55	835
30.6	835
30.65	832
30.7	832
30.75	831
30.8	831
30.85	834
30.9	834
30.95	837
31	837
31.05	838
31.1	838
31.15	838
31.2	838
31.25	835
31.3	835
31.35	832
31.4	832
31.45	831
31.5	831
31.55	834
31.6	834
31.65	837
31.7	837
31.75	838
31.8	838
31.85	837
31.9	837
31.95	834
32	834
32.05	831
32.1	831
32.15	832
32.2	832
32.25	835
32.3	835
32.35	838
32.4	838
32.45	841
32.5	841
32.55	838
32.6	838
32.65	834
32.7	834
32.75	831
32.8	831
32.85	832
32.9	832
32.95	835
33	835
33.05	838
33.1	838
33.15	841
33.2	841
33.25	839
33.3	839
33.35	834
33.4	834
33.45	829
33.5	829
33.55	830
33.6	830
33.65	833
33.7	833
33.75	836
33.8	836
33.85	837
33.9	837
33.95	836
34	836
34.05	834
34.1	834
34.15	833
34.2	833
34.25	834
34.3	834
34.35	835
34.4	835
34.45	836
34.5	836
34.55	836
34.6	836
34.65	835
34.7	835
34.75	834
34.8	834
34.85	833
34.9	833
34.95	834
35	834
35.05	835
35.1	835
35.15	836
35.2	836
35.25	835
35.3	835
35.35	834
35.4	834
35.45	833
35.5	833
35.55	834
35.6	834
35.65	835
35.7	835
35.75	836
35.8	836
35.85	836
35.9	836
35.95	835
36	835
36.05	834
36.1	834
36.15	833
36.2	833
36.25	834
36.3	834
36.35	835
36.4	835
36.45	836
36.5	836
36.55	836
36.6	836
36.65	835
36.7	835
36.75	834
36.8	834
36.85	833
36.9	833
36.95	834
37	834
37.05	835
37.1	835
37.15	836
37.2	836
37.25	835
37.3	835
37.35	834
37.4	834
37.45	833
37.5	833
37.55	834
37.6	834
37.65	835
37.7	835
37.75	836
37.8	836
37.85	836
37.9	836
37.95	835
38	835
38.05	834
38.1	834
38.15	833
38.2	833
38.25	834
38.3	834
38.35	835
38.4	835
38.45	836
38.5	836
38.55	837
38.6	837
38.65	836
38.7	836
38.75	833
38.8	833
38.85	832
38.9	832
38.95	833
39	833
39.05	836
39.1	836
39.15	837
39.2	837
39.25	837
39.3	837
39.35	834
39.4	834
39.45	831
39.5	831
39.55	832
39.6	832
39.65	835
39.7	835
39.75	838
39.8	838
39.85	839
39.9	839
39.95	838
40	838
40.05	834
40.1	834
40.15	831
40.2	831
40.25	832
40.3	832
40.35	835
40.4	835
40.45	838
40.5	838
40.55	841
40.6	841
40.65	839
40.7	839
40.75	835
40.8	835
40.85	830
40.9	830
40.95	829
41	829
41.05	832
41.1	832
41.15	835
41.2	835
41.25	838
41.3	838
41.35	841
41.4	841
41.45	839
41.5	839
41.55	834
41.6	834
41.65	829
41.7	829
41.75	830
41.8	830
41.85	833
41.9	833
41.95	836
42	836
42.05	839
42.1	839
42.15	839
42.2	839
42.25	837
42.3	837
42.35	832
42.4	832
42.45	829
42.5	829
42.55	832
42.6	832
42.65	835
42.7	835
42.75	838
42.8	838
42.85	841
42.9	841
42.95	841
43	839
43.05	839
43.1	835
43.15	835
43.2	830
43.25	830
43.3	829
43.35	829
43.4	832
43.45	832
43.5	835
43.55	835
43.6	838
43.65	838
43.7	841
43.75	841
43.8	839
43.85	839
43.9	835
43.95	835
44	830
44.05	830
44.1	829
44.15	829
44.2	832
44.25	832
44.3	835
44.35	835
44.4	838
44.45	838
44.5	841
44.55	841
44.6	839
44.65	839
44.7	834
44.75	834
44.8	829
44.85	829
44.9	830
44.95	830
45	833
45.05	833
45.1	836
45.15	836
45.2	839
45.25	839
45.3	839
45.35	839
45.4	836
45.45	836
45.5	831
45.55	831
45.6	830
45.65	830
45.7	833
45.75	833
45.8	836
45.85	836
45.9	839
45.95	839
46	839
46.05	839
46.1	837
46.15	837
46.2	832
46.25	832
46.3	829
46.35	829
46.4	832
46.45	832
46.5	835
46.55	835
46.6	838
46.65	838
46.7	841
46.75	841
46.8	839
46.85	839
46.9	835
46.95	835
47	830
47.05	830
47.1	829
47.15	829
47.2	832
47.25	832
47.3	835
47.35	835
47.4	838
47.45	838
47.5	841
47.55	841
47.6	839
47.65	839
47.7	834
47.75	834
47.8	829
47.85	829
47.9	830
47.95	830
48	833
48.05	833
48.1	836
48.15	836
48.2	839
48.25	839
48.3	839
48.35	839
48.4	836
48.45	836
48.5	831
48.55	831
48.6	830
48.65	830
48.7	833
48.75	833
48.8	836
48.85	836
48.9	839
48.95	839
49	839
49.05	839
49.1	836
49.15	836
49.2	831
49.25	831
49.3	830
49.35	830
49.4	833
49.45	833
49.5	836
49.55	836
49.6	837
49.65	837
49.7	837
49.75	837
49.8	834
49.85	834
49.9	831
49.95	831
50	832
50.05	832
50.1	835
50.15	835
50.2	838
50.25	838
50.3	841
50.35	841
50.4	839
50.45	839
50.5	835
50.55	835
50.6	830
50.65	830
50.7	829
50.75	829
50.8	832
50.85	832
50.9	835
50.95	835
51	838
51.05	838
51.1	841
51.15	841
51.2	839
51.25	839
51.3	834
51.35	834
51.4	829
51.45	829
51.5	830
51.55	830
51.6	833
51.65	833
51.7	836
51.75	836
51.8	837
51.85	837
51.9	836
51.95	836
52	834
52.05	834
52.1	833
52.15	833
52.2	834
52.25	834
52.3	835
52.35	835
52.4	836
52.45	836
52.5	836
52.55	836
52.6	835
52.65	835
52.7	834
52.75	834
52.8	833
52.85	833
52.9	834
52.95	834
53	835
53.05	835
53.1	836
53.15	836
53.2	836
53.25	836
53.3	835
53.35	835
53.4	834
53.45	834
53.5	833
53.55	833
53.6	834
53.65	834
53.7	835
53.75	835
53.8	836
53.85	836
53.9	836
53.95	836
54	836
54.05	835
54.1	835
54.15	834
54.2	834
54.25	833
54.3	833
54.35	834
54.4	834
54.45	835
54.5	835
54.55	836
54.6	836
54.65	836
54.7	836
54.75	835
54.8	835
54.85	834
54.9	834
54.95	833
55	833
55.05	834
55.1	834
55.15	835
55.2	835
55.25	836
55.3	836
55.35	836
55.4	836
55.45	835
55.5	835
55.55	834
55.6	834
55.65	833
55.7	833
55.75	834
55.8	834
55.85	835
55.9	835
55.95	836
56	836
56.05	835
56.1	835
56.15	834
56.2	834
56.25	833
56.3	833
56.35	834
56.4	834
56.45	835
56.5	835
56.55	836
56.6	836
56.65	836
56.7	836
56.75	835
56.8	835
56.85	834
56.9	834
56.95	833
57	833
57.05	834
57.1	834
57.15	835
57.2	835
57.25	836
57.3	836
57.35	837
57.4	837
57.45	836
57.5	836
57.55	833
57.6	833
57.65	832
57.7	832
57.75	833
57.8	833
57.85	836
57.9	836
57.95	837
58	837
58.05	837
58.1	837
58.15	834
58.2	834
58.25	831
58.3	831
58.35	832
58.4	832
58.45	835
58.5	835
58.55	838
58.6	838
58.65	839
58.7	839
58.75	838
58.8	838
58.85	834
58.9	834
58.95	831
59	831
59.05	832
59.1	832
59.15	835
59.2	835
59.25	838
59.3	838
59.35	841
59.4	841
59.45	839
59.5	839
59.55	835
59.6	835
59.65	830
59.7	830
59.75	829
59.8	829
59.85	832
59.9	832
59.95	835
60	835
60.05	838
60.1	838
60.15	841
60.2	841
60.25	839
60.3	839
60.35	834
60.4	834
60.45	829
60.5	829
60.55	830
60.6	830
60.65	833
60.7	833
60.75	836
60.8	836
60.85	839
60.9	839
60.95	839
61	839
61.05	837
61.1	837
61.15	832
61.2	832
61.25	829
61.3	829
61.35	832
61.4	832
61.45	835
61.5	835
61.55	838
61.6	838
61.65	841
61.7	841
61.75	839
61.8	839
61.85	835
61.9	835
61.95	830
62	830
62.05	829
62.1	829
62.15	832
62.2	832
62.25	835
62.3	835
62.35	838
62.4	838
62.45	841
62.5	841
62.55	839
62.6	839
62.65	835
62.7	835
62.75	830
62.8	830
62.85	829
62.9	829
62.95	832
63	832
63.05	835
63.1	835
63.15	838
63.2	838
63.25	841
63.3	841
63.35	839
63.4	839
63.45	834
63.5	834
63.55	829
63.6	829
63.65	830
63.7	830
63.75	833
63.8	833
63.85	836
63.9	836
63.95	839
64	839
64.05	839
64.1	839
64.15	836
64.2	836
64.25	831
64.3	831
64.35	830
64.4	830
64.45	833
64.5	833
64.55	836
64.6	836
64.65	839
64.7	839
64.75	839
64.8	839
64.85	837
64.9	837
64.95	832
65	832
65.05	829
65.1	829
65.15	832
65.2	832
65.25	835
65.3	835
65.35	838
65.4	838
65.45	841
65.5	841
65.55	839
65.6	839
65.65	839
65.7	835
65.75	835
65.8	830
65.85	830
65.9	829
65.95	829
66	832
66.05	832
66.1	835
66.15	835
66.2	838
66.25	838
66.3	841
66.35	841
66.4	839
66.45	839
66.5	834
66.55	834
66.6	829
66.65	829
66.7	830
66.75	830
66.8	833
66.85	833
66.9	836
66.95	836
67	839
67.05	839
67.1	839
67.15	839
67.2	836
67.25	836
67.3	831
67.35	831
67.4	830
67.45	830
67.5	833
67.55	833
67.6	836
67.65	836
67.7	839
67.75	839
67.8	839
67.85	839
67.9	836
67.95	836
68	831
68.05	831
68.1	830
68.15	830
68.2	833
68.25	833
68.3	836
68.35	836
68.4	837
68.45	837
68.5	837
68.55	837
68.6	834
68.65	834
68.7	831
68.75	831
68.8	832
68.85	832
68.9	835
68.95	835
69	838
69.05	838
69.1	841
69.15	841
69.2	839
69.25	839
69.3	835
69.35	835
69.4	830
69.45	830
69.5	829
69.55	829
69.6	832
69.65	832
69.7	835
69.75	835
69.8	838
69.85	838
69.9	841
69.95	841
70	839
70.05	839
70.1	834
70.15	834
70.2	829
70.25	829
70.3	830
70.35	830
70.4	833
70.45	833
70.5	836
70.55	836
70.6	837
70.65	837
70.7	836
70.75	836
70.8	834
70.85	834
70.9	833
70.95	833
71	834
71.05	834
71.1	835
71.15	835
71.2	836
71.25	836
71.3	836
71.35	836
71.4	835
71.45	835
71.5	834
71.55	834
71.6	833
71.65	833
71.7	834
71.75	834
71.8	835
71.85	835
71.9	836
71.95	836
72	836
72.05	836
72.1	835
72.15	835
72.2	834
72.25	834
72.3	833
72.35	833
72.4	834
72.45	834
72.5	835
72.55	835
72.6	836
72.65	836
72.7	836
72.75	836
72.8	835
72.85	835
72.9	834
72.95	834
73	833
73.05	833
73.1	834
73.15	834
73.2	835
73.25	835
73.3	836
73.35	836
73.4	836
73.45	836
73.5	835
73.55	835
73.6	834
73.65	834
73.7	833
73.75	833
73.8	834
73.85	834
73.9	835
73.95	835
74	836
74.05	836
74.1	836
74.15	836
74.2	835
74.25	835
74.3	834
74.35	834
74.4	833
74.45	833
74.5	834
74.55	834
74.6	835
74.65	835
74.7	836
74.75	836
74.8	835
74.85	835
74.9	834
74.95	834
75	833
75.05	833
75.1	834
75.15	834
75.2	835
75.25	835
75.3	836
75.35	836
75.4	836
75.45	836
75.5	835
75.55	835
75.6	834
75.65	834
75.7	833
75.75	833
75.8	834
75.85	834
75.9	835
75.95	835
76	836
76.05	836
76.1	837
76.15	837
76.2	836
76.25	836
76.3	833
76.35	833
76.4	832
76.45	832
76.5	833
76.55	833
76.6	836
76.65	836
76.7	837
76.75	837
76.8	837
76.85	837
76.9	834
76.95	834
77	831
77.05	831
77.1	832
77.15	832
77.2	835
77.25	835
77.3	838
77.35	838
77.4	839
77.45	839
77.5	838
77.55	838
77.6	834
77.65	834
77.7	834
77.75	831
77.8	831
77.85	832
77.9	832
77.95	835
78	835
78.05	838
78.1	838
78.15	841
78.2	841
78.25	839
78.3	839
78.35	835
78.4	835
78.45	830
78.5	830
78.55	829
78.6	829
78.65	832
78.7	832
78.75	835
78.8	835
78.85	838
78.9	838
78.95	841
79	841
79.05	839
79.1	839
79.15	834
79.2	834
79.25	829
79.3	829
79.35	830
79.4	830
79.45	833
79.5	833
79.55	836
79.6	836
79.65	839
79.7	839
79.75	839
79.8	839
79.85	837
79.9	837
79.95	832
80	832
80.05	829
80.1	829
80.15	832
80.2	832
80.25	832
80.3	832
80.35	752
80.4	752
80.45	752
80.5	752
80.55	380
80.6	380
80.65	380
80.7	380
80.75	213
80.8	213
80.85	217
80.9	217
80.95	220
81	220
81.05	223
81.1	223
81.15	227
81.2	227
81.25	230
81.3	230
81.35	233
81.4	233
81.45	237
81.5	237
81.55	240
81.6	240
81.65	243
81.7	243
81.75	246
81.8	246
81.85	249
81.9	249
81.95	252
82	252
82.05	255
82.1	255
82.15	258
82.2	258
82.25	261
82.3	261
82.35	264
82.4	264
82.45	267
82.5	267
82.55	270
82.6	270
82.65	273
82.7	273
82.75	276
82.8	276
82.85	279
82.9	279
82.95	282
83	282
83.05	285
83.1	285
83.15	288
83.2	288
83.25	291
83.3	291
83.35	294
83.4	294
83.45	297
83.5	297
83.55	300
83.6	300
83.65	303
83.7	303
83.75	306
83.8	306
83.85	309
83.9	309
83.95	312
84	312
84.05	315
84.1	315
84.15	318
84.2	318
84.25	321
84.3	321
84.35	324
84.4	324
84.45	327
84.5	327
84.55	330
84.6	330
84.65	333
84.7	333
84.75	336
84.8	336
84.85	339
84.9	339
84.95	342
85	342
85.05	345
85.1	345
85.15	348
85.2	348
85.25	351
85.3	351
85.35	354
85.4	354
85.45	357
85.5	357
85.55	360
85.6	360
85.65	363
85.7	363
85.75	366
85.8	366
85.85	369
85.9	369
85.95	372
86	372
86.05	375
86.1	375
86.15	378
86.2	378
86.25	381
86.3	381
86.35	384
86.4	384
86.45	387
86.5	387
86.55	390
86.6	390
86.65	391
86.7	391
86.75	394
86.8	394
86.85	397
86.9	397
86.95	400
87	400
87.05	403
87.1	403
87.15	406
87.2	406
87.25	407
87.3	407
87.35	410
87.4	410
87.45	411
87.5	411
87.55	414
87.6	414
87.65	417
87.7	417
87.75	420
87.8	420
87.85	421
87.9	421
87.95	422
88	422
88.05	420
88.1	420
88.15	417
88.2	417
88.25	416
88.3	416
88.35	417
88.4	417
88.45	420
88.5	420
88.55	421
88.6	421
88.65	421
88.7	421
88.75	420
88.8	420
88.85	417
88.9	417
88.95	416
89	416
89.05	417
89.1	417
89.15	420
89.2	420
89.25	423
89.3	423
89.35	423
89.4	423
89.45	422
89.5	422
89.55	417
89.6	417
89.65	414
89.7	414
89.75	415
89.8	415
89.85	418
89.9	418
89.95	419
90	419
90.05	420
90.1	420
90.15	420
90.2	420
90.25	419
90.3	419
90.35	418
90.4	418
90.45	417
90.5	417
90.55	418
90.6	418
90.65	419
90.7	419
90.75	420
90.8	420
90.85	420
90.9	420
90.95	419
91	419
91.05	418
91.1	418
91.15	417
91.2	417
91.25	418
91.3	418
91.35	419
91.4	419
91.45	420
91.5	420
91.55	420
91.6	420
91.65	419
91.7	419
91.75	418
91.8	418
91.85	417
91.9	417
91.95	418
92	418
92.05	419
92.1	419
92.15	420
92.2	420
92.25	420
92.3	420
92.35	419
92.4	419
92.45	418
92.5	418
92.55	417
92.6	417
92.65	418
92.7	418
92.75	419
92.8	419
92.85	420
92.9	420
92.95	420
93	420
93.05	419
93.1	419
93.15	418
93.2	418
93.25	417
93.3	417
93.35	418
93.4	418
93.45	419
93.5	419
93.55	420
93.6	420
93.65	420
93.7	420
93.75	419
93.8	419
93.85	418
93.9	418
93.95	417
94	417
94.05	417
94.1	418
94.15	418
94.2	419
94.25	419
94.3	420
94.35	420
94.4	420
94.45	420
94.5	419
94.55	419
94.6	418
94.65	418
94.7	417
94.75	417
94.8	418
94.85	418
94.9	419
94.95	419
95	420
95.05	420
95.1	421
95.15	421
95.2	420
95.25	420
95.3	418
95.35	418
95.4	417
95.45	417
95.5	418
95.55	418
95.6	419
95.65	419
95.7	420
95.75	420
95.8	421
95.85	421
95.9	420
95.95	420
96	418
96.05	418
96.1	417
96.15	417
96.2	418
96.25	418
96.3	419
96.35	419
96.4	420
96.45	420
96.5	421
96.55	421
96.6	420
96.65	420
96.7	418
96.75	418
96.8	417
96.85	417
96.9	418
96.95	418
97	419
97.05	419
97.1	420
97.15	420
97.2	421
97.25	421
97.3	420
97.35	420
97.4	418
97.45	418
97.5	417
97.55	417
97.6	418
97.65	418
97.7	419
97.75	419
97.8	420
97.85	420
97.9	421
97.95	421
98	420
98.05	420
98.1	418
98.15	418
98.2	417
98.25	417
98.3	418
98.35	418
98.4	419
98.45	419
98.5	420
98.55	420
98.6	421
98.65	421
98.7	420
98.75	420
98.8	418
98.85	418
98.9	417
98.95	417
99	418
99.05	418
99.1	419
99.15	419
99.2	420
99.25	420
99.3	421
99.35	421
99.4	420
99.45	420
99.5	418
99.55	418
99.6	417
99.65	417
99.7	418
99.75	418
99.8	419
99.85	419
99.9	420
99.95	420
100	421
100.05	421
100.1	420
100.15	420
100.2	418
100.25	418
100.3	417
100.35	417
100.4	418
100.45	418
100.5	419
100.55	419
100.6	420
100.65	420
100.7	421
100.75	421
100.8	420
100.85	420
100.9	418
100.95	418
101	417
101.05	417
101.1	418
101.15	418
101.2	419
101.25	419
101.3	420
101.35	420
101.4	421
101.45	421
101.5	420
101.55	420
101.6	418
101.65	418
101.7	417
101.75	417
101.8	418
101.85	418
101.9	419
101.95	419
102	420
102.05	420
102.1	421
102.15	421
102.2	420
102.25	420
102.3	418
102.35	418
102.4	417
102.45	417
102.5	418
102.55	418
102.6	419
102.65	419
102.7	420
102.75	420
102.8	421
102.85	421
102.9	420
102.95	420
103	420
103.05	418
103.1	418
103.15	417
103.2	417
103.25	418
103.3	418
103.35	419
103.4	419
103.45	420
103.5	420
103.55	421
103.6	421
103.65	420
103.7	420
103.75	418
103.8	418
103.85	417
103.9	417
103.95	418
104	418
104.05	419
104.1	419
104.15	420
104.2	420
104.25	421
104.3	421
104.35	420
104.4	420
104.45	418
104.5	418
104.55	417
104.6	417
104.65	418
104.7	418
104.75	419
104.8	419
104.85	420
104.9	420
104.95	421
105	421
105.05	420
105.1	420
105.15	418
105.2	418
105.25	417
105.3	417
105.35	418
105.4	418
105.45	419
105.5	419
105.55	420
105.6	420
105.65	421
105.7	421
105.75	420
105.8	420
105.85	418
105.9	418
105.95	417
106	417
106.05	418
106.1	418
106.15	419
106.2	419
106.25	420
106.3	420
106.35	421
106.4	421
106.45	420
106.5	420
106.55	418
106.6	418
106.65	417
106.7	417
106.75	418
106.8	418
106.85	419
106.9	419
106.95	420
107	420
107.05	421
107.1	421
107.15	420
107.2	420
107.25	418
107.3	418
107.35	417
107.4	417
107.45	418
107.5	418
107.55	419
107.6	419
107.65	420
107.7	420
107.75	421
107.8	421
107.85	420
107.9	420
107.95	418
108	418
108.05	417
108.1	417
108.15	418
108.2	418
108.25	419
108.3	419
108.35	420
108.4	420
108.45	421
108.5	421
108.55	420
108.6	420
108.65	418
108.7	418
108.75	417
108.8	417
108.85	418
108.9	418
108.95	419
109	419
109.05	420
109.1	420
109.15	421
109.2	421
109.25	420
109.3	420
109.35	418
109.4	418
109.45	417
109.5	417
109.55	418
109.6	418
109.65	419
109.7	419
109.75	420
109.8	420
109.85	421
109.9	421
109.95	420
110	420
110.05	418
110.1	418
110.15	417
110.2	417
110.25	418
110.3	418
110.35	419
110.4	419
110.45	420
110.5	420
110.55	421
110.6	421
110.65	420
110.7	420
110.75	418
110.8	418
110.85	417
110.9	417
110.95	418
111	418
111.05	419
111.1	419
111.15	420
111.2	420
111.25	421
111.3	421
111.35	420
111.4	420
111.45	418
111.5	418
111.55	417
111.6	417
111.65	418
111.7	418
111.75	419
111.8	419
111.85	419
111.9	420
111.95	420
112	421
112.05	421
112.1	420
112.15	420
112.2	418
112.25	418
112.3	417
112.35	417
112.4	418
112.45	418
112.5	419
112.55	419
112.6	420
112.65	420
112.7	421
112.75	421
112.8	420
112.85	420
112.9	418
112.95	418
113	417
113.05	417
113.1	418
113.15	418
113.2	419
113.25	419
113.3	420
113.35	420
113.4	421
113.45	421
113.5	420
113.55	420
113.6	418
113.65	418
113.7	417
113.75	417
113.8	418
113.85	418
113.9	419
113.95	419
114	420
114.05	420
114.1	421
114.15	421
114.2	420
114.25	420
114.3	418
114.35	418
114.4	417
114.45	417
114.5	418
114.55	418
114.6	419
114.65	419
114.7	420
114.75	420
114.8	421
114.85	421
114.9	420
114.95	420
115	418
115.05	418
115.1	417
115.15	417
115.2	418
115.25	418
115.3	419
115.35	419
115.4	420
115.45	420
115.5	421
115.55	421
115.6	420
115.65	420
115.7	418
115.75	418
115.8	417
115.85	417
115.9	418
115.95	418
116	419
116.05	419
116.1	420
116.15	420
116.2	421
116.25	421
116.3	420
116.35	420
116.4	418
116.45	418
116.5	417
116.55	417
116.6	418
116.65	418
116.7	419
116.75	419
116.8	420
116.85	420
116.9	421
116.95	421
117	420
117.05	420
117.1	418
117.15	418
117.2	417
117.25	417
117.3	418
117.35	418
117.4	419
117.45	419
117.5	420
117.55	420
117.6	421
117.65	421
117.7	420
117.75	420
117.8	418
117.85	418
117.9	417
117.95	417
118	418
118.05	418
118.1	419
118.15	419
118.2	420
118.25	420
118.3	421
118.35	421
118.4	420
118.45	420
118.5	418
118.55	418
118.6	417
118.65	417
118.7	418
118.75	418
118.8	419
118.85	419
118.9	420
118.95	420
119	421
119.05	421
119.1	420
119.15	420
119.2	418
119.25	418
119.3	417
119.35	417
119.4	418
119.45	418
119.5	419
119.55	419
119.6	420
119.65	420
119.7	421
119.75	421
119.8	420
119.85	420
119.9	418
119.95	418
120	417
120.05	417
120.1	418
120.15	418
120.2	419
120.25	419
120.3	420
120.35	420
120.4	421
120.45	421
120.5	420
120.55	420
120.6	420
120.65	418
120.7	418
120.75	417
120.8	417
120.85	418
120.9	418
120.95	419
121	419
121.05	420
121.1	420
121.15	421
121.2	421
121.25	420
121.3	420
121.35	418
121.4	418
121.45	417
121.5	417
121.55	418
121.6	418
121.65	419
121.7	419
121.75	420
121.8	420
121.85	421
121.9	421
121.95	420
122	420
122.05	418
122.1	418
122.15	417
122.2	417
122.25	418
122.3	418
122.35	419
122.4	419
122.45	420
122.5	420
122.55	421
122.6	421
122.65	420
122.7	420
122.75	418
122.8	418
122.85	417
122.9	417
122.95	418
123	418
123.05	419
123.1	419
123.15	420
123.2	420
123.25	421
123.3	421
123.35	420
123.4	420
123.45	418
123.5	418
123.55	417
123.6	417
123.65	418
123.7	418
123.75	419
123.8	419
123.85	420
123.9	420
123.95	421
124	421
124.05	420
124.1	420
124.15	418
124.2	418
124.25	417
124.3	417
124.35	418
124.4	418
124.45	419
124.5	419
124.55	420
124.6	420
124.65	421
124.7	421
124.75	420
124.8	420
124.85	418
124.9	418
124.95	417
125	417
125.05	418
125.1	418
125.15	419
125.2	419
125.25	420
125.3	420
125.35	421
125.4	421
125.45	420
125.5	420
125.55	418
125.6	418
125.65	417
125.7	417
125.75	418
125.8	418
125.85	419
125.9	419
125.95	420
126	420
126.05	421
126.1	421
126.15	420
126.2	420
126.25	418
126.3	418
126.35	417
126.4	417
126.45	418
126.5	418
126.55	419
126.6	419
126.65	420
126.7	420
126.75	421
126.8	421
126.85	420
126.9	420
126.95	418
127	418
127.05	417
127.1	417
127.15	418
127.2	418
127.25	419
127.3	419
127.35	420
127.4	420
127.45	421
127.5	421
127.55	420
127.6	420
127.65	418
127.7	418
127.75	417
127.8	417
127.85	418
127.9	418
127.95	419
128	419
128.05	420
128.1	420
128.15	421
128.2	421
128.25	420
128.3	420
128.35	418
128.4	418
128.45	417
128.5	417
128.55	418
128.6	418
128.65	419
128.7	419
128.75	420
128.8	420
128.85	421
128.9	421
128.95	420
129	420
129.05	418
129.1	418
129.15	417
129.2	417
129.25	418
129.3	418
129.35	418
129.4	419
129.45	419
129.5	420
129.55	420
129.6	421
129.65	421
129.7	420
129.75	420
129.8	418
129.85	418
129.9	417
129.95	417
130	418
130.05	418
130.1	419
130.15	419
130.2	420
130.25	420
130.3	421
130.35	421
130.4	420
130.45	420
130.5	418
130.55	418
130.6	417
130.65	417
130.7	418
130.75	418
130.8	419
130.85	419
130.9	420
130.95	420
131	421
131.05	421
131.1	420
131.15	420
131.2	418
131.25	418
131.3	417
131.35	417
131.4	418
131.45	418
131.5	419
131.55	419
131.6	420
131.65	420
131.7	421
131.75	421
131.8	420
131.85	420
131.9	418
131.95	418
132	417
132.05	417
132.1	418
132.15	418
132.2	419
132.25	419
132.3	420
132.35	420
132.4	421
132.45	421
132.5	420
132.55	420
132.6	418
132.65	418
132.7	417
132.75	417
132.8	418
132.85	418
132.9	419
132.95	419
133	420
133.05	420
133.1	421
133.15	421
133.2	420
133.25	420
133.3	418
133.35	418
133.4	417
133.45	417
133.5	418
133.55	418
133.6	419
133.65	419
133.7	420
133.75	420
133.8	421
133.85	421
133.9	420
133.95	420
134	418
134.05	418
134.1	417
134.15	417
134.2	418
134.25	418
134.3	419
134.35	419
134.4	420
134.45	420
134.5	421
134.55	421
134.6	420
134.65	420
134.7	418
134.75	418
134.8	417
134.85	417
134.9	418
134.95	418
135	419
135.05	419
135.1	420
135.15	420
135.2	421
135.25	421
135.3	420
135.35	420
135.4	418
135.45	418
135.5	417
135.55	417
135.6	418
135.65	418
135.7	419
135.75	419
135.8	420
135.85	420
135.9	421
135.95	421
136	420
136.05	420
136.1	418
136.15	418
136.2	417
136.25	417
136.3	418
136.35	418
136.4	419
136.45	419
136.5	420
136.55	420
136.6	421
136.65	421
136.7	420
136.75	420
136.8	418
136.85	418
136.9	417
136.95	417
137	418
137.05	418
137.1	419
137.15	419
137.2	420
137.25	420
137.3	421
137.35	421
137.4	420
137.45	420
137.5	418
137.55	418
137.6	417
137.65	417
137.7	418
137.75	418
137.8	419
137.85	419
137.9	420
137.95	420
138	421
138.05	421
138.1	420
138.15	420
138.2	420
138.25	418
138.3	418
138.35	417
138.4	417
138.45	418
138.5	418
138.55	419
138.6	419
138.65	420
138.7	420
138.75	421
138.8	421
138.85	420
138.9	420
138.95	418
139	418
139.05	417
139.1	417
139.15	418
139.2	418
139.25	419
139.3	419
139.35	420
139.4	420
139.45	421
139.5	421
139.55	420
139.6	420
139.65	418
139.7	418
139.75	417
139.8	417
139.85	418
139.9	418
139.95	419
140	419
140.05	420
140.1	420
140.15	421
140.2	421
140.25	420
140.3	420
140.35	418
140.4	418
140.45	417
140.5	417
140.55	418
140.6	418
140.65	419
140.7	419
140.75	420
140.8	420
140.85	421
140.9	421
140.95	420
141	420
141.05	418
141.1	418
141.15	417
141.2	417
141.25	418
141.3	418
141.35	419
141.4	419
141.45	420
141.5	420
141.55	421
141.6	421
141.65	420
141.7	420
141.75	418
141.8	418
141.85	417
141.9	417
141.95	418
142	418
142.05	419
142.1	419
142.15	420
142.2	420
142.25	421
142.3	421
142.35	420
142.4	420
142.45	418
142.5	418
142.55	417
142.6	417
142.65	418
142.7	418
142.75	419
142.8	419
142.85	420
142.9	420
142.95	421
143	421
143.05	420
143.1	420
143.15	418
143.2	418
143.25	417
143.3	417
143.35	418
143.4	418
143.45	419
143.5	419
143.55	420
143.6	420
143.65	421
143.7	421
143.75	420
143.8	420
143.85	418
143.9	418
143.95	417
144	417
144.05	418
144.1	418
144.15	419
144.2	419
144.25	420
144.3	420
144.35	421
144.4	421
144.45	420
144.5	420
144.55	418
144.6	418
144.65	417
144.7	417
144.75	418
144.8	418
144.85	419
144.9	419
144.95	420
145	420
145.05	421
145.1	421
145.15	420
145.2	420
145.25	418
145.3	418
145.35	417
145.4	417
145.45	418
145.5	418
145.55	419
145.6	419
145.65	420
145.7	420
145.75	421
145.8	421
145.85	420
145.9	420
145.95	418
146	418
146.05	417
146.1	417
146.15	418
146.2	418
146.25	419
146.3	419
146.35	420
146.4	420
146.45	421
146.5	421
146.55	420
146.6	420
146.65	418
146.7	418
146.75	417
146.8	417
146.85	418
146.9	418
146.95	418
147	419
147.05	419
147.1	420
147.15	420
147.2	421
147.25	421
147.3	420
147.35	420
147.4	419
147.45	419
147.5	418
147.55	418
147.6	417
147.65	417
147.7	418
147.75	418
147.8	419
147.85	419
147.9	420
147.95	420
148	420
148.05	420
148.1	419
148.15	419
148.2	418
148.25	418
148.3	417
148.35	417
148.4	418
148.45	418
148.5	419
148.55	419
148.6	420
148.65	420
148.7	420
148.75	420
148.8	419
148.85	419
148.9	418
148.95	418
149	417
149.05	417
149.1	418
149.15	418
149.2	419
149.25	419
149.3	420
149.35	420
149.4	420
149.45	420
149.5	419
149.55	419
149.6	418
149.65	418
149.7	417
149.75	417
149.8	418
149.85	418
149.9	419
149.95	419
150	420
150.05	420
150.1	420
150.15	420
150.2	419
150.25	419
150.3	418
150.35	418
150.4	417
150.45	417
150.5	418
150.55	418
150.6	419
150.65	419
150.7	420
150.75	420
150.8	420
150.85	420
150.9	419
150.95	419
151	418
151.05	418
151.1	417
151.15	417
151.2	418
151.25	418
151.3	419
151.35	419
151.4	420
151.45	420
151.5	420
151.55	420
151.6	419
151.65	419
151.7	418
151.75	418
151.8	417
151.85	417
151.9	418
151.95	418
152	419
152.05	419
152.1	420
152.15	420
152.2	420
152.25	420
152.3	419
152.35	419
152.4	418
152.45	418
152.5	417
152.55	417
152.6	418
152.65	418
152.7	419
152.75	419
152.8	420
152.85	420
152.9	420
152.95	420
153	419
153.05	419
153.1	418
153.15	418
153.2	417
153.25	417
153.3	418
153.35	418
153.4	419
153.45	419
153.5	420
153.55	420
153.6	420
153.65	420
153.7	419
153.75	419
153.8	418
153.85	418
153.9	417
153.95	417
154	418
154.05	418
154.1	419
154.15	419
154.2	420
154.25	420
154.3	420
154.35	420
154.4	419
154.45	419
154.5	418
154.55	418
154.6	417
154.65	417
154.7	418
154.75	418
154.8	419
154.85	419
154.9	420
154.95	420
155	421
155.05	421
155.1	420
155.15	420
155.2	418
155.25	418
155.3	417
155.35	417
155.4	418
155.45	418
155.5	419
155.55	419
155.6	420
155.65	420
155.7	421
155.75	421
155.8	420
155.85	420
155.9	418
155.95	418
156	417
156.05	417
156.1	418
156.15	418
156.2	419
156.25	419
156.3	420
156.35	420
156.4	421
156.45	421
156.5	420
156.55	420
156.6	420
156.65	418
156.7	418
156.75	417
156.8	417
156.85	418
156.9	418
156.95	419
157	419
157.05	420
157.1	420
157.15	421
157.2	421
157.25	420
157.3	420
157.35	418
157.4	418
157.45	417
157.5	417
157.55	418
157.6	418
157.65	419
157.7	419
157.75	420
157.8	420
157.85	421
157.9	421
157.95	420
158	420
158.05	418
158.1	418
158.15	417
158.2	417
158.25	418
158.3	418
158.35	419
158.4	419
158.45	420
158.5	420
158.55	421
158.6	421
158.65	420
158.7	420
158.75	418
158.8	418
158.85	417
158.9	417
158.95	418
159	418
159.05	419
159.1	419
159.15	420
159.2	420
159.25	421
159.3	421
159.35	420
159.4	420
159.45	418
159.5	418
159.55	417
159.6	417
159.65	418
159.7	418
159.75	419
159.8	419
159.85	420
159.9	420
159.95	421
160	421
160.05	420
160.1	420
160.15	421
160.2	421
160.25	425
160.3	425
160.35	428
160.4	428
160.45	431
160.5	431
160.55	435
160.6	435
160.65	438
160.7	438
160.75	441
160.8	441
160.85	445
160.9	445
160.95	448
161	448
161.05	451
161.1	451
161.15	455
161.2	455
161.25	458
161.3	458
161.35	459
161.4	459
161.45	463
161.5	463
161.55	467
161.6	467
161.65	468
161.7	468
161.75	469
161.8	469
161.85	473
161.9	473
161.95	476
162	476
162.05	479
162.1	479
162.15	483
162.2	483
162.25	486
162.3	486
162.35	489
162.4	489
162.45	493
162.5	493
162.55	496
162.6	496
162.65	497
162.7	497
162.75	501
162.8	501
162.85	504
162.9	504
162.95	507
163	507
163.05	511
163.1	511
163.15	515
163.2	515
163.25	516
163.3	516
163.35	517
163.4	517
163.45	521
163.5	521
163.55	524
163.6	524
163.65	525
163.7	525
163.75	529
163.8	529
163.85	532
163.9	532
163.95	533
164	533
164.05	537
164.1	537
164.15	540
164.2	540
164.25	541
164.3	541
164.35	545
164.4	545
164.45	548
164.5	548
164.55	549
164.6	549
164.65	553
164.7	553
164.75	557
164.8	557
164.85	558
164.9	558
164.95	559
165	559
165.05	563
165.1	563
165.15	566
165.2	566
165.25	567
165.3	567
165.35	571
165.4	571
165.45	574
165.5	574
165.55	575
165.6	575
165.65	579
165.7	579
165.75	582
165.8	582
165.85	583
165.9	583
165.95	587
166	587
166.05	590
166.1	590
166.15	591
166.2	591
166.25	595
166.3	595
166.35	599
166.4	599
166.45	600
166.5	600
166.55	601
166.6	601
166.65	605
166.7	605
166.75	606
166.8	606
166.85	607
166.9	607
166.95	611
167	611
167.05	612
167.1	612
167.15	613
167.2	613
167.25	617
167.3	617
167.35	618
167.4	618
167.45	619
167.5	619
167.55	623
167.6	623
167.65	626
167.7	626
167.75	627
167.8	627
167.85	631
167.9	631
167.95	635
168	635
168.05	636
168.1	636
168.15	637
168.2	637
168.25	641
168.3	641
168.35	642
168.4	642
168.45	643
168.5	643
168.55	647
168.6	647
168.65	648
168.7	648
168.75	649
168.8	649
168.85	653
168.9	653
168.95	656
169	656
169.05	657
169.1	657
169.15	661
169.2	661
169.25	665
169.3	665
169.35	665
169.4	665
169.45	665
169.5	665
169.55	668
169.6	668
169.65	671
169.7	671
169.75	675
169.8	675
169.85	678
169.9	678
169.95	678
170	678
170.05	682
170.1	682
170.15	686
170.2	686
170.25	690
170.3	690
170.35	694
170.4	694
170.45	698
170.5	698
170.55	702
170.6	702
170.65	706
170.7	706
170.75	710
170.8	710
170.85	714
170.9	714
170.95	718
171	718
171.05	722
171.1	722
171.15	726
171.2	726
171.25	730
171.3	730
171.35	734
171.4	734
171.45	738
171.5	738
171.55	742
171.6	742
171.65	746
171.7	746
171.75	750
171.8	750
171.85	754
171.9	754
171.95	758
172	758
172.05	762
172.1	762
172.15	766
172.2	766
172.25	770
172.3	770
172.35	774
172.4	774
172.45	778
172.5	778
172.55	781
172.6	781
172.65	785
172.7	785
172.75	788
172.8	788
172.85	788
172.9	788
172.95	792
173	792
173.05	796
173.1	796
173.15	799
173.2	799
173.25	803
173.3	803
173.35	803
173.4	803
173.45	803
173.5	803
173.55	806
173.6	806
173.65	809
173.7	809
173.75	810
173.8	810
173.85	811
173.9	811
173.95	814
174	814
174.05	818
174.1	818
174.15	822
174.2	822
174.25	826
174.3	826
174.35	827
174.4	827
174.45	828
174.5	828
174.55	831
174.6	831
174.65	834
174.7	834
174.75	837
174.8	837
174.85	838
174.9	838
174.95	838
175	838
175.05	835
175.1	835
175.15	832
175.2	832
175.25	831
175.3	831
175.35	834
175.4	834
175.45	837
175.5	837
175.55	838
175.6	838
175.65	838
175.7	838
175.75	835
175.8	835
175.85	832
175.9	832
175.95	831
176	831
176.05	834
176.1	834
176.15	837
176.2	837
176.25	838
176.3	838
176.35	839
176.4	839
176.45	836
176.5	836
176.55	831
176.6	831
176.65	830
176.7	830
176.75	833
176.8	833
176.85	836
176.9	836
176.95	839
177	839
177.05	839
177.1	839
177.15	836
177.2	836
177.25	831
177.3	831
177.35	830
177.4	830
177.45	833
177.5	833
177.55	836
177.6	836
177.65	839
177.7	839
177.75	838
177.8	838
177.85	835
177.9	835
177.95	832
178	832
178.05	831
178.1	831
178.15	834
178.2	834
178.25	837
178.3	837
178.35	838
178.4	838
178.45	837
178.5	837
178.55	834
178.6	834
178.65	831
178.7	831
178.75	832
178.8	832
178.85	835
178.9	835
178.95	838
179	838
179.05	841
179.1	841
179.15	839
179.2	839
179.25	835
179.3	835
179.35	830
179.4	830
179.45	829
179.5	829
179.55	832
179.6	832
179.65	835
179.7	835
179.75	838
179.8	838
179.85	839
179.9	839
179.95	838
180	838
180.05	834
180.1	834
180.15	831
180.2	831
180.25	832
180.3	832
180.35	835
180.4	835
180.45	838
180.5	838
180.55	841
180.6	841
180.65	839
180.7	839
180.75	835
180.8	835
180.85	830
180.9	830
180.95	829
181	829
181.05	832
181.1	832
181.15	835
181.2	835
181.25	838
181.3	838
181.35	841
181.4	841
181.45	839
181.5	839
181.55	834
181.6	834
181.65	829
181.7	829
181.75	830
181.8	830
181.85	830
181.9	833
181.95	833
182	836
182.05	836
182.1	839
182.15	839
182.2	839
182.25	839
182.3	837
182.35	837
182.4	832
182.45	832
182.5	829
182.55	829
182.6	832
182.65	832
182.7	835
182.75	835
182.8	838
182.85	838
182.9	841
182.95	841
183	839
183.05	839
183.1	835
183.15	835
183.2	830
183.25	830
183.3	829
183.35	829
183.4	832
183.45	832
183.5	835
183.55	835
183.6	838
183.65	838
183.7	841
183.75	841
183.8	839
183.85	839
183.9	835
183.95	835
184	830
184.05	830
184.1	829
184.15	829
184.2	832
184.25	832
184.3	835
184.35	835
184.4	838
184.45	838
184.5	841
184.55	841
184.6	839
184.65	839
184.7	834
184.75	834
184.8	829
184.85	829
184.9	830
184.95	830
185	833
185.05	833
185.1	836
185.15	836
185.2	839
185.25	839
185.3	839
185.35	839
185.4	836
185.45	836
185.5	831
185.55	831
185.6	830
185.65	830
185.7	833
185.75	833
185.8	836
185.85	836
185.9	839
185.95	839
186	839
186.05	839
186.1	837
186.15	837
186.2	832
186.25	832
186.3	829
186.35	829
186.4	832
186.45	832
186.5	835
186.55	835
186.6	838
186.65	838
186.7	841
186.75	841
186.8	839
186.85	839
186.9	835
186.95	835
187	830
187.05	830
187.1	829
187.15	829
187.2	832
187.25	832
187.3	835
187.35	835
187.4	838
187.45	838
187.5	841
187.55	841
187.6	839
187.65	839
187.7	834
187.75	834
187.8	829
187.85	829
187.9	830
187.95	830
188	833
188.05	833
188.1	836
188.15	836
188.2	839
188.25	839
188.3	839
188.35	839
188.4	836
188.45	836
188.5	831
188.55	831
188.6	830
188.65	830
188.7	833
188.75	833
188.8	836
188.85	836
188.9	839
188.95	839
189	839
189.05	839
189.1	836
189.15	836
189.2	831
189.25	831
189.3	830
189.35	830
189.4	833
189.45	833
189.5	836
189.55	836
189.6	837
189.65	837
189.7	837
189.75	837
189.8	834
189.85	834
189.9	831
189.95	831
190	832
190.05	832
190.1	835
190.15	835
190.2	838
190.25	838
190.3	839
190.35	839
190.4	838
190.45	838
190.5	834
190.55	834
190.6	831
190.65	831
190.7	832
190.75	832
190.8	835
190.85	835
190.9	838
190.95	838
191	841
191.05	841
191.1	839
191.15	839
191.2	835
191.25	835
191.3	830
191.35	830
191.4	829
191.45	829
191.5	832
191.55	832
191.6	835
191.65	835
191.7	838
191.75	838
191.8	841
191.85	841
191.9	839
191.95	839
192	834
192.05	834
192.1	829
192.15	829
192.2	830
192.25	830
192.3	833
192.35	833
192.4	836
192.45	836
192.5	839
192.55	839
192.6	839
192.65	839
192.7	839
192.75	837
192.8	837
192.85	832
192.9	832
192.95	829
193	829
193.05	832
193.1	832
193.15	835
193.2	835
193.25	838
193.3	838
193.35	841
193.4	841
193.45	839
193.5	839
193.55	835
193.6	835
193.65	830
193.7	830
193.75	829
193.8	829
193.85	832
193.9	832
193.95	835
194	835
194.05	838
194.1	838
194.15	841
194.2	841
194.25	839
194.3	839
194.35	835
194.4	835
194.45	830
194.5	830
194.55	829
194.6	829
194.65	832
194.7	832
194.75	835
194.8	835
194.85	838
194.9	838
194.95	841
195	841
195.05	839
195.1	839
195.15	834
195.2	834
195.25	829
195.3	829
195.35	830
195.4	830
195.45	833
195.5	833
195.55	836
195.6	836
195.65	839
195.7	839
195.75	839
195.8	839
195.85	836
195.9	836
195.95	831
196	831
196.05	830
196.1	830
196.15	833
196.2	833
196.25	836
196.3	836
196.35	839
196.4	839
196.45	839
196.5	839
196.55	837
196.6	837
196.65	832
196.7	832
196.75	829
196.8	829
196.85	832
196.9	832
196.95	835
197	835
197.05	838
197.1	838
197.15	841
197.2	841
197.25	839
197.3	839
197.35	835
197.4	835
197.45	830
197.5	830
197.55	829
197.6	829
197.65	832
197.7	832
197.75	835
197.8	835
197.85	838
197.9	838
197.95	841
198	841
198.05	839
198.1	839
198.15	834
198.2	834
198.25	829
198.3	829
198.35	830
198.4	830
198.45	833
198.5	833
198.55	836
198.6	836
198.65	839
198.7	839
198.75	839
198.8	839
198.85	836
198.9	836
198.95	831
199	831
199.05	830
199.1	830
199.15	833
199.2	833
199.25	836
199.3	836
199.35	839
199.4	839
199.45	839
199.5	839
199.55	836
199.6	836
199.65	831
199.7	831
199.75	830
199.8	830
199.85	833
199.9	833
199.95	836
200	836
200.05	837
200.1	837
200.15	837
200.2	837
200.25	835
200.3	835
200.35	832
200.4	832
200.45	831
200.5	831
200.55	834
200.6	834
200.65	837
200.7	837
200.75	838
200.8	838
200.85	838
200.9	838
200.95	835
201	835
201.05	832
201.1	832
201.15	831
201.2	831
201.25	834
201.3	834
201.35	837
201.4	837
201.45	838
201.5	838
201.55	838
201.6	838
201.65	835
201.7	835
201.75	832
201.8	832
201.85	831
201.9	831
201.95	834
202	834
202.05	837
202.1	837
202.15	840
202.2	840
202.25	840
202.3	840
202.35	835
202.4	835
202.45	830
202.5	830
202.55	829
202.6	829
202.65	832
202.7	832
202.75	835
202.8	835
202.85	838
202.9	838
202.95	839
203	839
203.05	836
203.1	836
203.15	831
203.2	831
203.25	830
203.3	830
203.35	833
203.4	833
203.45	836
203.5	836
203.55	839
203.6	839
203.65	839
203.7	838
203.75	838
203.8	835
203.85	835
203.9	832
203.95	832
204	831
204.05	831
204.1	834
204.15	834
204.2	837
204.25	837
204.3	838
204.35	838
204.4	837
204.45	837
204.5	834
204.55	834
204.6	831
204.65	831
204.7	832
204.75	832
204.8	835
204.85	835
204.9	838
204.95	838
205	839
205.05	839
205.1	838
205.15	838
205.2	834
205.25	834
205.3	831
205.35	831
205.4	832
205.45	832
205.5	835
205.55	835
205.6	838
205.65	838
205.7	841
205.75	841
205.8	839
205.85	839
205.9	834
205.95	834
206	829
206.05	829
206.1	830
206.15	830
206.2	833
206.25	833
206.3	836
206.35	836
206.4	839
206.45	839
206.5	839
206.55	839
206.6	837
206.65	837
206.7	832
206.75	832
206.8	829
206.85	829
206.9	832
206.95	832
207	835
207.05	835
207.1	838
207.15	838
207.2	841
207.25	841
207.3	838
207.35	838
207.4	834
207.45	834
207.5	831
207.55	831
207.6	832
207.65	832
207.7	835
207.75	835
207.8	838
207.85	838
207.9	841
207.95	841
208	839
208.05	839
208.1	835
208.15	835
208.2	830
208.25	830
208.3	829
208.35	829
208.4	832
208.45	832
208.5	835
208.55	835
208.6	838
208.65	838
208.7	839
208.75	839
208.8	837
208.85	837
208.9	832
208.95	832
209	829
209.05	829
209.1	832
209.15	832
209.2	835
209.25	835
209.3	838
209.35	838
209.4	839
209.45	839
209.5	837
209.55	837
209.6	832
209.65	832
209.7	829
209.75	829
209.8	832
209.85	832
209.9	835
209.95	835
210	838
210.05	838
210.1	839
210.15	839
210.2	837
210.25	837
210.3	832
210.35	832
210.4	829
210.45	829
210.5	832
210.55	832
210.6	835
210.65	835
210.7	838
210.75	838
210.8	839
210.85	839
210.9	837
210.95	837
211	832
211.05	832
211.1	829
211.15	829
211.2	832
211.25	832
211.3	835
211.35	835
211.4	838
211.45	838
211.5	839
211.55	839
211.6	837
211.65	837
211.7	832
211.75	832
211.8	829
211.85	829
211.9	832
211.95	832
212	835
212.05	835
212.1	838
212.15	838
212.2	839
212.25	839
212.3	837
212.35	837
212.4	832
212.45	832
212.5	829
212.55	829
212.6	832
212.65	832
212.7	835
212.75	835
212.8	838
212.85	838
212.9	839
212.95	839
213	837
213.05	837
213.1	832
213.15	832
213.2	829
213.25	829
213.3	832
213.35	832
213.4	835
213.45	835
213.5	838
213.55	838
213.6	839
213.65	839
213.7	837
213.75	837
213.8	832
213.85	832
213.9	829
213.95	829
214	832
214.05	832
214.1	835
214.15	835
214.2	838
214.25	838
214.3	839
214.35	839
214.4	837
214.45	837
214.5	832
214.55	832
214.6	829
214.65	829
214.7	832
214.75	832
214.8	835
214.85	835
214.9	838
214.95	838
215	838
215.05	839
215.1	839
215.15	837
215.2	837
215.25	832
215.3	832
215.35	829
215.4	829
215.45	832
215.5	832
215.55	835
215.6	835
215.65	838
215.7	838
215.75	839
215.8	839
215.85	837
215.9	837
215.95	832
216	832
216.05	829
216.1	829
216.15	832
216.2	832
216.25	835
216.3	835
216.35	838
216.4	838
216.45	839
216.5	839
216.55	837
216.6	837
216.65	832
216.7	832
216.75	829
216.8	829
216.85	832
216.9	832
216.95	835
217	835
217.05	838
217.1	838
217.15	839
217.2	839
217.25	837
217.3	837
217.35	832
217.4	832
217.45	829
217.5	829
217.55	832
217.6	832
217.65	835
217.7	835
217.75	838
217.8	838
217.85	839
217.9	839
217.95	837
218	837
218.05	832
218.1	832
218.15	829
218.2	829
218.25	832
218.3	832
218.35	835
218.4	835
218.45	838
218.5	838
218.55	839
218.6	839
218.65	837
218.7	837
218.75	832
218.8	832
218.85	829
218.9	829
218.95	832
219	832
219.05	835
219.1	835
219.15	838
219.2	838
219.25	839
219.3	839
219.35	837
219.4	837
219.45	832
219.5	832
219.55	829
219.6	829
219.65	832
219.7	832
219.75	835
219.8	835
219.85	838
219.9	838
219.95	839
220	839
220.05	837
220.1	837
220.15	832
220.2	832
220.25	829
220.3	829
220.35	832
220.4	832
220.45	835
220.5	835
220.55	838
220.6	838
220.65	839
220.7	839
220.75	837
220.8	837
220.85	832
220.9	832
220.95	829
221	829
221.05	832
221.1	832
221.15	835
221.2	835
221.25	838
221.3	838
221.35	839
221.4	839
221.45	837
221.5	837
221.55	832
221.6	832
221.65	829
221.7	829
221.75	832
221.8	832
221.85	835
221.9	835
221.95	838
222	838
222.05	839
222.1	839
222.15	837
222.2	837
222.25	832
222.3	832
222.35	829
222.4	829
222.45	832
222.5	832
222.55	835
222.6	835
222.65	838
222.7	838
222.75	839
222.8	839
222.85	837
222.9	837
222.95	832
223	832
223.05	829
223.1	829
223.15	832
223.2	832
223.25	835
223.3	835
223.35	838
223.4	838
223.45	839
223.5	839
223.55	837
223.6	837
223.65	832
223.7	832
223.75	829
223.8	829
223.85	832
223.9	832
223.95	835
224	835
224.05	838
224.1	838
224.15	839
224.2	839
224.25	837
224.3	837
224.35	832
224.4	832
224.45	829
224.5	829
224.55	832
224.6	832
224.65	835
224.7	835
224.75	838
224.8	838
224.85	839
224.9	839
224.95	837
225	837
225.05	832
225.1	832
225.15	829
225.2	829
225.25	832
225.3	832
225.35	835
225.4	835
225.45	838
225.5	838
225.55	839
225.6	839
225.65	837
225.7	837
225.75	832
225.8	832
225.85	829
225.9	829
225.95	832
226	832
226.05	835
226.1	835
226.15	838
226.2	838
226.25	839
226.3	839
226.35	837
226.4	837
226.45	837
226.5	832
226.55	832
226.6	829
226.65	829
226.7	832
226.75	832
226.8	835
226.85	835
226.9	838
226.95	838
227	839
227.05	839
227.1	837
227.15	837
227.2	832
227.25	832
227.3	829
227.35	829
227.4	832
227.45	832
227.5	835
227.55	835
227.6	838
227.65	838
227.7	839
227.75	839
227.8	836
227.85	836
227.9	832
227.95	832
228	831
228.05	831
228.1	834
228.15	834
228.2	837
228.25	837
228.3	838
228.35	838
228.4	838
228.45	838
228.5	835
228.55	835
228.6	832
228.65	832
228.7	831
228.75	831
228.8	834
228.85	834
228.9	837
228.95	837
229	838
229.05	838
229.1	837
229.15	837
229.2	834
229.25	834
229.3	831
229.35	831
229.4	832
229.45	832
229.5	835
229.55	835
229.6	838
229.65	838
229.7	841
229.75	841
229.8	839
229.85	839
229.9	834
229.95	834
230	829
230.05	829
230.1	830
230.15	830
230.2	833
230.25	833
230.3	836
230.35	836
230.4	839
230.45	839
230.5	839
230.55	839
230.6	837
230.65	837
230.7	832
230.75	832
230.8	829
230.85	829
230.9	832
230.95	832
231	835
231.05	835
231.1	838
231.15	838
231.2	841
231.25	841
231.3	839
231.35	839
231.4	835
231.45	835
231.5	830
231.55	830
231.6	829
231.65	829
231.7	832
231.75	832
231.8	835
231.85	835
231.9	838
231.95	838
232	841
232.05	841
232.1	839
232.15	839
232.2	835
232.25	835
232.3	830
232.35	830
232.4	829
232.45	829
232.5	832
232.55	832
232.6	835
232.65	835
232.7	838
232.75	838
232.8	841
232.85	841
232.9	839
232.95	839
233	834
233.05	834
233.1	829
233.15	829
233.2	830
233.25	830
233.3	833
233.35	833
233.4	836
233.45	836
233.5	839
233.55	839
233.6	839
233.65	839
233.7	836
233.75	836
233.8	831
233.85	831
233.9	830
233.95	830
234	833
234.05	833
234.1	836
234.15	836
234.2	839
234.25	839
234.3	839
234.35	839
234.4	837
234.45	837
234.5	832
234.55	832
234.6	829
234.65	829
234.7	832
234.75	832
234.8	835
234.85	835
234.9	838
234.95	838
235	841
235.05	841
235.1	839
235.15	839
235.2	835
235.25	835
235.3	830
235.35	830
235.4	829
235.45	829
235.5	832
235.55	832
235.6	835
235.65	835
235.7	838
235.75	838
235.8	841
235.85	841
235.9	839
235.95	839
236	834
236.05	834
236.1	829
236.15	829
236.2	830
236.25	830
236.3	833
236.35	833
236.4	836
236.45	836
236.5	839
236.55	839
236.6	839
236.65	839
236.7	836
236.75	836
236.8	831
236.85	831
236.9	830
236.95	830
237	833
237.05	833
237.1	836
237.15	836
237.2	839
237.25	839
237.3	839
237.35	839
237.4	839
237.45	836
237.5	836
237.55	831
237.6	831
237.65	830
237.7	830
237.75	833
237.8	833
237.85	836
237.9	836
237.95	837
238	837
238.05	837
238.1	837
238.15	834
238.2	834
238.25	831
238.3	831
238.35	832
238.4	832
238.45	835
238.5	835
238.55	838
238.6	838
238.65	839
238.7	839
238.75	838
238.8	838
238.85	834
238.9	834
238.95	831
239	831
239.05	832
239.1	832
239.15	835
239.2	835
239.25	838
239.3	838
239.35	841
239.4	841
239.45	839
239.5	839
239.55	835
239.6	835
239.65	830
239.7	830
239.75	829
239.8	829
239.85	832
239.9	832
239.95	835
