# Time(s)	CWND(packets)
0.05	0
0.1	0
0.15	10
0.2	10
0.25	15
0.3	15
0.35	22
0.4	22
0.45	33
0.5	33
0.55	49
0.6	49
0.65	73
0.7	73
0.75	91
0.8	91
0.85	94
0.9	94
0.95	98
1	98
1.05	102
1.1	102
1.15	106
1.2	106
1.25	110
1.3	110
1.35	114
1.4	114
1.45	118
1.5	118
1.55	122
1.6	122
1.65	126
1.7	126
1.75	130
1.8	130
1.85	134
1.9	134
1.95	138
2	138
2.05	142
2.1	142
2.15	146
2.2	146
2.25	150
2.3	150
2.35	154
2.4	154
2.45	158
2.5	158
2.55	162
2.6	162
2.65	166
2.7	166
2.75	170
2.8	170
2.85	174
2.9	174
2.95	178
3	178
3.05	182
3.1	182
3.15	186
3.2	186
3.25	190
3.3	190
3.35	194
3.4	194
3.45	198
3.5	198
3.55	202
3.6	202
3.65	206
3.7	206
3.75	210
3.8	210
3.85	214
3.9	214
3.95	218
4	218
4.05	222
4.1	222
4.15	226
4.2	226
4.25	230
4.3	230
4.35	234
4.4	234
4.45	238
4.5	238
4.55	242
4.6	242
4.65	246
4.7	246
4.75	250
4.8	250
4.85	254
4.9	254
4.95	258
5	258
5.05	262
5.1	262
5.15	265
5.2	265
5.25	268
5.3	268
5.35	271
5.4	271
5.45	274
5.5	274
5.55	280
5.6	280
5.65	284
5.7	284
5.75	288
5.8	288
5.85	292
5.9	292
5.95	296
6	296
6.05	300
6.1	300
6.15	304
6.2	304
6.25	308
6.3	308
6.35	312
6.4	312
6.45	316
6.5	316
6.55	320
6.6	320
6.65	324
6.7	324
6.75	328
6.8	328
6.85	332
6.9	332
6.95	336
7	336
7.05	340
7.1	340
7.15	344
7.2	344
7.25	348
7.3	348
7.35	352
7.4	352
7.45	356
7.5	356
7.55	360
7.6	360
7.65	364
7.7	364
7.75	368
7.8	368
7.85	372
7.9	372
7.95	376
8	376
8.05	380
8.1	380
8.15	384
8.2	384
8.25	388
8.3	388
8.35	392
8.4	392
8.45	396
8.5	396
8.55	400
8.6	400
8.65	404
8.7	404
8.75	408
8.8	408
8.85	412
8.9	412
8.95	416
9	416
9.05	420
9.1	420
9.15	424
9.2	424
9.25	428
9.3	428
9.35	432
9.4	432
9.45	436
9.5	436
9.55	440
9.6	440
9.65	444
9.7	444
9.75	448
9.8	448
9.85	452
9.9	452
9.95	456
10	456
10.05	460
10.1	460
10.15	464
10.2	464
10.25	468
10.3	468
10.35	472
10.4	472
10.45	476
10.5	476
10.55	480
10.6	480
10.65	484
10.7	484
10.75	488
10.8	488
10.85	492
10.9	492
10.95	496
11	496
11.05	500
11.1	500
11.15	504
11.2	504
11.25	508
11.3	508
11.35	512
11.4	512
11.45	516
11.5	516
11.55	520
11.6	520
11.65	524
11.7	524
11.75	528
11.8	528
11.85	532
11.9	532
11.95	536
12	536
12.05	540
12.1	540
12.15	544
12.2	544
12.25	548
12.3	548
12.35	552
12.4	552
12.45	556
12.5	556
12.55	560
12.6	560
12.65	564
12.7	564
12.75	568
12.8	568
12.85	572
12.9	572
12.95	576
13	576
13.05	580
13.1	580
13.15	583
13.2	583
13.25	587
13.3	587
13.35	590
13.4	590
13.45	593
13.5	593
13.55	597
13.6	597
13.65	600
13.7	600
13.75	603
13.8	603
13.85	606
13.9	606
13.95	609
14	609
14.05	612
14.1	612
14.15	615
14.2	615
14.25	618
14.3	618
14.35	621
14.4	621
14.45	625
14.5	625
14.55	628
14.6	628
14.65	631
14.7	631
14.75	634
14.8	634
14.85	637
14.9	637
14.95	640
15	640
15.05	643
15.1	643
15.15	646
15.2	646
15.25	649
15.3	649
15.35	652
15.4	652
15.45	655
15.5	655
15.55	658
15.6	658
15.65	661
15.7	661
15.75	664
15.8	664
15.85	667
15.9	667
15.95	670
16	670
16.05	673
16.1	673
16.15	676
16.2	676
16.25	679
16.3	679
16.35	682
16.4	682
16.45	685
16.5	685
16.55	688
16.6	688
16.65	691
16.7	691
16.75	694
16.8	694
16.85	697
16.9	697
16.95	700
17	700
17.05	703
17.1	703
17.15	706
17.2	706
17.25	709
17.3	709
17.35	712
17.4	712
17.45	715
17.5	715
17.55	718
17.6	718
17.65	721
17.7	721
17.75	724
17.8	724
17.85	727
17.9	727
17.95	730
18	730
18.05	733
18.1	733
18.15	736
18.2	736
18.25	739
18.3	739
18.35	742
18.4	742
18.45	743
18.5	743
18.55	746
18.6	746
18.65	749
18.7	749
18.75	752
18.8	752
18.85	755
18.9	755
18.95	758
19	758
19.05	761
19.1	761
19.15	764
19.2	764
19.25	767
19.3	767
19.35	770
19.4	770
19.45	773
19.5	773
19.55	776
19.6	776
19.65	777
19.7	777
19.75	780
19.8	780
19.85	783
19.9	783
19.95	786
20	786
20.05	787
20.1	787
20.15	790
20.2	790
20.25	793
20.3	793
20.35	796
20.4	796
20.45	799
20.5	799
20.55	802
20.6	802
20.65	805
20.7	805
20.75	808
20.8	808
20.85	809
20.9	809
20.95	812
21	812
21.05	813
21.1	813
21.15	816
21.2	816
21.25	819
21.3	819
21.35	822
21.4	822
21.45	825
21.5	825
21.55	828
21.6	828
21.65	829
21.7	829
21.75	832
21.8	832
21.85	835
21.9	835
21.95	838
22	838
22.05	841
22.1	841
22.15	844
22.2	844
22.25	844
22.3	845
22.35	845
22.4	848
22.45	848
22.5	851
22.55	851
22.6	854
22.65	854
22.7	857
22.75	857
22.8	860
22.85	860
22.9	863
22.95	863
23	864
23.05	864
23.1	867
23.15	867
23.2	870
23.25	870
23.3	871
23.35	871
23.4	872
23.45	872
23.5	873
23.55	873
23.6	876
23.65	876
23.7	877
23.75	877
23.8	878
23.85	878
23.9	881
23.95	881
24	884
24.05	884
24.1	887
24.15	887
24.2	888
24.25	888
24.3	889
24.35	889
24.4	892
24.45	892
24.5	895
24.55	895
24.6	896
24.65	896
24.7	897
24.75	897
24.8	900
24.85	900
24.9	901
24.95	901
25	901
25.05	901
25.1	902
25.15	902
25.2	905
25.25	905
25.3	908
25.35	908
25.4	909
25.45	909
25.5	909
25.55	909
25.6	910
25.65	910
25.7	913
25.75	913
25.8	916
25.85	916
25.9	919
25.95	919
26	919
26.05	919
26.1	919
26.15	919
26.2	922
26.25	922
26.3	925
26.35	925
26.4	925
26.45	925
26.5	925
26.55	925
26.6	928
26.65	928
26.7	931
26.75	931
26.8	934
26.85	934
26.9	935
26.95	935
27	938
27.05	938
27.1	941
27.15	941
27.2	944
27.25	944
27.3	947
27.35	947
27.4	950
27.45	950
27.5	953
27.55	953
27.6	956
27.65	956
27.7	959
27.75	959
27.8	957
27.85	957
27.9	953
27.95	953
28	948
28.05	948
28.1	948
28.15	948
28.2	951
28.25	951
28.3	955
28.35	955
28.4	958
28.45	958
28.5	959
28.55	959
28.6	955
28.65	955
28.7	950
28.75	950
28.8	948
28.85	948
28.9	951
28.95	951
29	954
29.05	954
29.1	957
29.15	957
29.2	958
29.25	958
29.3	956
29.35	956
29.4	951
29.45	951
29.5	949
29.55	949
29.6	950
29.65	950
29.7	951
29.75	951
29.8	952
29.85	952
29.9	952
29.95	952
30	953
30.05	953
30.1	954
30.15	954
30.2	954
30.25	954
30.3	954
30.35	954
30.4	954
30.45	954
30.5	954
30.55	954
30.6	954
30.65	954
30.7	954
30.75	954
30.8	954
30.85	954
30.9	954
30.95	954
31	954
31.05	954
31.1	954
31.15	954
31.2	954
31.25	954
31.3	954
31.35	954
31.4	954
31.45	954
31.5	954
31.55	954
31.6	954
31.65	954
31.7	954
31.75	954
31.8	954
31.85	954
31.9	954
31.95	954
32	954
32.05	954
32.1	954
32.15	954
32.2	954
32.25	954
32.3	954
32.35	954
32.4	954
32.45	954
32.5	954
32.55	954
32.6	954
32.65	954
32.7	954
32.75	954
32.8	954
32.85	954
32.9	954
32.95	954
33	954
33.05	954
33.1	954
33.15	954
33.2	954
33.25	954
33.3	954
33.35	954
33.4	954
33.45	954
33.5	954
33.55	954
33.6	954
33.65	954
33.7	954
33.75	954
33.8	954
33.85	954
33.9	954
33.95	954
34	954
34.05	954
34.1	954
34.15	954
34.2	954
34.25	954
34.3	954
34.35	954
34.4	954
34.45	954
34.5	954
34.55	954
34.6	954
34.65	954
34.7	954
34.75	954
34.8	954
34.85	954
34.9	954
34.95	954
35	954
35.05	954
35.1	954
35.15	954
35.2	954
35.25	954
35.3	954
35.35	954
35.4	954
35.45	954
35.5	954
35.55	954
35.6	954
35.65	954
35.7	954
35.75	954
35.8	954
35.85	954
35.9	954
35.95	954
36	954
36.05	954
36.1	954
36.15	954
36.2	954
36.25	954
36.3	954
36.35	954
36.4	954
36.45	954
36.5	954
36.55	954
36.6	954
36.65	954
36.7	954
36.75	954
36.8	954
36.85	954
36.9	954
36.95	954
37	954
37.05	954
37.1	954
37.15	954
37.2	954
37.25	954
37.3	954
37.35	954
37.4	954
37.45	954
37.5	954
37.55	954
37.6	954
37.65	954
37.7	954
37.75	954
37.8	954
37.85	954
37.9	954
37.95	954
38	954
38.05	954
38.1	954
38.15	954
38.2	954
38.25	954
38.3	954
38.35	954
38.4	954
38.45	954
38.5	954
38.55	954
38.6	954
38.65	954
38.7	954
38.75	954
38.8	954
38.85	954
38.9	954
38.95	954
39	954
39.05	954
39.1	954
39.15	954
39.2	954
39.25	954
39.3	954
39.35	954
39.4	954
39.45	954
39.5	954
39.55	954
39.6	954
39.65	954
39.7	954
39.75	954
39.8	954
39.85	954
39.9	954
39.95	954
40	954
40.05	954
40.1	954
40.15	954
40.2	954
40.25	954
40.3	954
40.35	954
40.4	954
40.45	954
40.5	954
40.55	954
40.6	954
40.65	954
40.7	954
40.75	954
40.8	954
40.85	954
40.9	954
40.95	954
41	954
41.05	954
41.1	954
41.15	954
41.2	954
41.25	954
41.3	954
41.35	954
41.4	954
41.45	954
41.5	954
41.55	954
41.6	954
41.65	954
41.7	954
41.75	954
41.8	954
41.85	954
41.9	954
41.95	954
42	954
42.05	954
42.1	954
42.15	954
42.2	954
42.25	954
42.3	954
42.35	954
42.4	954
42.45	954
42.5	954
42.55	954
42.6	954
42.65	954
42.7	954
42.75	954
42.8	954
42.85	954
42.9	954
42.95	954
43	954
43.05	954
43.1	954
43.15	954
43.2	954
43.25	954
43.3	954
43.35	954
43.4	954
43.45	954
43.5	954
43.55	954
43.6	954
43.65	954
43.7	954
43.75	954
43.8	954
43.85	954
43.9	954
43.95	954
44	954
44.05	954
44.1	954
44.15	954
44.2	954
44.25	954
44.3	954
44.35	954
44.4	954
44.45	954
44.5	954
44.55	954
44.6	954
44.65	954
44.7	954
44.75	954
44.8	954
44.85	954
44.9	954
44.95	954
45	954
45.05	954
45.1	954
45.15	954
45.2	954
45.25	954
45.3	954
45.35	954
45.4	954
45.45	954
45.5	954
45.55	954
45.6	954
45.65	954
45.7	954
45.75	954
45.8	954
45.85	954
45.9	954
45.95	954
46	954
46.05	954
46.1	954
46.15	954
46.2	954
46.25	954
46.3	954
46.35	954
46.4	954
46.45	954
46.5	954
46.55	954
46.6	954
46.65	954
46.7	954
46.75	954
46.8	954
46.85	954
46.9	954
46.95	954
47	954
47.05	954
47.1	954
47.15	954
47.2	954
47.25	954
47.3	954
47.35	954
47.4	954
47.45	954
47.5	954
47.55	954
47.6	954
47.65	954
47.7	954
47.75	954
47.8	954
47.85	954
47.9	954
47.95	954
48	954
48.05	954
48.1	954
48.15	954
48.2	954
48.25	954
48.3	954
48.35	954
48.4	954
48.45	954
48.5	954
48.55	954
48.6	954
48.65	954
48.7	954
48.75	954
48.8	954
48.85	954
48.9	954
48.95	954
49	954
49.05	954
49.1	954
49.15	954
49.2	954
49.25	954
49.3	954
49.35	954
49.4	954
49.45	954
49.5	954
49.55	954
49.6	954
49.65	954
49.7	954
49.75	954
49.8	954
49.85	954
49.9	954
49.95	954
50	954
50.05	954
50.1	954
50.15	954
50.2	954
50.25	954
50.3	954
50.35	954
50.4	954
50.45	954
50.5	954
50.55	954
50.6	954
50.65	954
50.7	954
50.75	954
50.8	954
50.85	954
50.9	954
50.95	954
51	954
51.05	954
51.1	954
51.15	954
51.2	954
51.25	954
51.3	954
51.35	954
51.4	954
51.45	954
51.5	954
51.55	954
51.6	954
51.65	954
51.7	954
51.75	954
51.8	954
51.85	954
51.9	954
51.95	954
52	954
52.05	954
52.1	954
52.15	954
52.2	954
52.25	954
52.3	954
52.35	954
52.4	954
52.45	954
52.5	954
52.55	954
52.6	954
52.65	954
52.7	954
52.75	954
52.8	954
52.85	954
52.9	954
52.95	954
53	954
53.05	954
53.1	954
53.15	954
53.2	954
53.25	954
53.3	954
53.35	954
53.4	954
53.45	954
53.5	954
53.55	954
53.6	954
53.65	954
53.7	954
53.75	954
53.8	954
53.85	954
53.9	954
53.95	954
54	954
54.05	954
54.1	954
54.15	954
54.2	954
54.25	954
54.3	954
54.35	954
54.4	954
54.45	954
54.5	954
54.55	954
54.6	954
54.65	954
54.7	954
54.75	954
54.8	954
54.85	954
54.9	954
54.95	954
55	954
55.05	954
55.1	954
55.15	954
55.2	954
55.25	954
55.3	954
55.35	954
55.4	954
55.45	954
55.5	954
55.55	954
55.6	954
55.65	954
55.7	954
55.75	954
55.8	954
55.85	954
55.9	954
55.95	954
56	954
56.05	954
56.1	954
56.15	954
56.2	954
56.25	954
56.3	954
56.35	954
56.4	954
56.45	954
56.5	954
56.55	954
56.6	954
56.65	954
56.7	954
56.75	954
56.8	954
56.85	954
56.9	954
56.95	954
57	954
57.05	954
57.1	954
57.15	954
57.2	954
57.25	954
57.3	954
57.35	954
57.4	954
57.45	954
57.5	954
57.55	954
57.6	954
57.65	954
57.7	954
57.75	954
57.8	954
57.85	954
57.9	954
57.95	954
58	954
58.05	954
58.1	954
58.15	954
58.2	954
58.25	954
58.3	954
58.35	954
58.4	954
58.45	954
58.5	954
58.55	954
58.6	954
58.65	954
58.7	954
58.75	954
58.8	954
58.85	954
58.9	954
58.95	954
59	954
59.05	954
59.1	954
59.15	954
59.2	954
59.25	954
59.3	954
59.35	954
59.4	954
59.45	954
59.5	954
59.55	954
59.6	954
59.65	954
59.7	954
59.75	954
59.8	954
59.85	954
59.9	954
59.95	954
60	954
60.05	954
60.1	954
60.15	954
60.2	954
60.25	954
60.3	954
60.35	954
60.4	954
60.45	954
60.5	954
60.55	954
60.6	954
60.65	954
60.7	954
60.75	954
60.8	954
60.85	954
60.9	954
60.95	954
61	954
61.05	954
61.1	954
61.15	954
61.2	954
61.25	954
61.3	954
61.35	954
61.4	954
61.45	954
61.5	954
61.55	954
61.6	954
61.65	954
61.7	954
61.75	954
61.8	954
61.85	954
61.9	954
61.95	954
62	954
62.05	954
62.1	954
62.15	954
62.2	954
62.25	954
62.3	954
62.35	954
62.4	954
62.45	954
62.5	954
62.55	954
62.6	954
62.65	954
62.7	954
62.75	954
62.8	954
62.85	954
62.9	954
62.95	954
63	954
63.05	954
63.1	954
63.15	954
63.2	954
63.25	954
63.3	954
63.35	954
63.4	954
63.45	954
63.5	954
63.55	954
63.6	954
63.65	954
63.7	954
63.75	954
63.8	954
63.85	954
63.9	954
63.95	954
64	954
64.05	954
64.1	954
64.15	954
64.2	954
64.25	954
64.3	954
64.35	954
64.4	954
64.45	954
64.5	954
64.55	954
64.6	954
64.65	954
64.7	954
64.75	954
64.8	954
64.85	954
64.9	954
64.95	954
65	954
65.05	954
65.1	954
65.15	954
65.2	954
65.25	954
65.3	954
65.35	954
65.4	954
65.45	954
65.5	954
65.55	954
65.6	954
65.65	954
65.7	954
65.75	954
65.8	954
65.85	954
65.9	954
65.95	954
66	954
66.05	954
66.1	954
66.15	954
66.2	954
66.25	954
66.3	954
66.35	954
66.4	954
66.45	954
66.5	954
66.55	954
66.6	954
66.65	954
66.7	954
66.75	954
66.8	954
66.85	954
66.9	954
66.95	954
67	954
67.05	954
67.1	954
67.15	954
67.2	954
67.25	954
67.3	954
67.35	954
67.4	954
67.45	954
67.5	954
67.55	954
67.6	954
67.65	954
67.7	954
67.75	954
67.8	954
67.85	954
67.9	954
67.95	954
68	954
68.05	954
68.1	954
68.15	954
68.2	954
68.25	954
68.3	954
68.35	954
68.4	954
68.45	954
68.5	954
68.55	954
68.6	954
68.65	954
68.7	954
68.75	954
68.8	954
68.85	954
68.9	954
68.95	954
69	954
69.05	954
69.1	954
69.15	954
69.2	954
69.25	954
69.3	954
69.35	954
69.4	954
69.45	954
69.5	954
69.55	954
69.6	954
69.65	954
69.7	954
69.75	954
69.8	954
69.85	954
69.9	954
69.95	954
70	954
70.05	954
70.1	954
70.15	954
70.2	954
70.25	954
70.3	954
70.35	954
70.4	954
70.45	954
70.5	954
70.55	954
70.6	954
70.65	954
70.7	954
70.75	954
70.8	954
70.85	954
70.9	954
70.95	954
71	954
71.05	954
71.1	954
71.15	954
71.2	954
71.25	954
71.3	954
71.35	954
71.4	954
71.45	954
71.5	954
71.55	954
71.6	954
71.65	954
71.7	954
71.75	954
71.8	954
71.85	954
71.9	954
71.95	954
72	954
72.05	954
72.1	954
72.15	954
72.2	954
72.25	954
72.3	954
72.35	954
72.4	954
72.45	954
72.5	954
72.55	954
72.6	954
72.65	954
72.7	954
72.75	954
72.8	954
72.85	954
72.9	954
72.95	954
73	954
73.05	954
73.1	954
73.15	954
73.2	954
73.25	954
73.3	954
73.35	954
73.4	954
73.45	954
73.5	954
73.55	954
73.6	954
73.65	954
73.7	954
73.75	954
73.8	954
73.85	954
73.9	954
73.95	954
74	954
74.05	954
74.1	954
74.15	954
74.2	954
74.25	954
74.3	954
74.35	954
74.4	954
74.45	954
74.5	954
74.55	954
74.6	954
74.65	954
74.7	954
74.75	954
74.8	954
74.85	954
74.9	954
74.95	954
75	954
75.05	954
75.1	954
75.15	954
75.2	954
75.25	954
75.3	954
75.35	954
75.4	954
75.45	954
75.5	954
75.55	954
75.6	954
75.65	954
75.7	954
75.75	954
75.8	954
75.85	954
75.9	954
75.95	954
76	954
76.05	954
76.1	954
76.15	954
76.2	954
76.25	954
76.3	954
76.35	954
76.4	954
76.45	954
76.5	954
76.55	954
76.6	954
76.65	954
76.7	954
76.75	954
76.8	954
76.85	954
76.9	954
76.95	954
77	954
77.05	954
77.1	954
77.15	954
77.2	954
77.25	954
77.3	954
77.35	954
77.4	954
77.45	954
77.5	954
77.55	954
77.6	954
77.65	954
77.7	954
77.75	954
77.8	954
77.85	954
77.9	954
77.95	954
78	954
78.05	954
78.1	954
78.15	954
78.2	954
78.25	954
78.3	954
78.35	954
78.4	954
78.45	954
78.5	954
78.55	954
78.6	954
78.65	954
78.7	954
78.75	954
78.8	954
78.85	954
78.9	954
78.95	954
79	954
79.05	954
79.1	954
79.15	954
79.2	954
79.25	954
79.3	954
79.35	954
79.4	954
79.45	954
79.5	954
79.55	954
79.6	954
79.65	954
79.7	954
79.75	954
79.8	954
79.85	954
79.9	954
79.95	954
80	954
80.05	954
80.1	954
80.15	954
80.2	954
80.25	954
80.3	954
80.35	954
80.4	730
80.45	730
80.5	730
80.55	730
80.6	367
80.65	367
80.7	367
80.75	242
80.8	242
80.85	242
80.9	245
80.95	249
81	249
81.05	252
81.1	252
81.15	255
81.2	255
81.25	259
81.3	259
81.35	263
81.4	263
81.45	266
81.5	266
81.55	269
81.6	269
81.65	273
81.7	273
81.75	276
81.8	276
81.85	279
81.9	279
81.95	282
82	282
82.05	285
82.1	285
82.15	288
82.2	288
82.25	291
82.3	291
82.35	294
82.4	294
82.45	297
82.5	297
82.55	300
82.6	300
82.65	303
82.7	303
82.75	306
82.8	306
82.85	309
82.9	309
82.95	312
83	312
83.05	315
83.1	315
83.15	318
83.2	318
83.25	321
83.3	321
83.35	324
83.4	324
83.45	327
83.5	327
83.55	330
83.6	330
83.65	333
83.7	333
83.75	336
83.8	336
83.85	339
83.9	339
83.95	342
84	342
84.05	345
84.1	345
84.15	348
84.2	348
84.25	351
84.3	351
84.35	354
84.4	354
84.45	357
84.5	357
84.55	360
84.6	360
84.65	363
84.7	363
84.75	366
84.8	366
84.85	369
84.9	369
84.95	372
85	372
85.05	375
85.1	375
85.15	378
85.2	378
85.25	379
85.3	379
85.35	382
85.4	382
85.45	385
85.5	385
85.55	388
85.6	388
85.65	391
85.7	391
85.75	394
85.8	394
85.85	397
85.9	397
85.95	400
86	400
86.05	403
86.1	403
86.15	406
86.2	406
86.25	409
86.3	409
86.35	412
86.4	412
86.45	415
86.5	415
86.55	418
86.6	418
86.65	421
86.7	421
86.75	424
86.8	424
86.85	427
86.9	427
86.95	430
87	430
87.05	433
87.1	433
87.15	436
87.2	436
87.25	439
87.3	439
87.35	442
87.4	442
87.45	443
87.5	443
87.55	446
87.6	446
87.65	447
87.7	447
87.75	450
87.8	450
87.85	453
87.9	453
87.95	456
88	456
88.05	457
88.1	457
88.15	460
88.2	460
88.25	461
88.3	461
88.35	464
88.4	464
88.45	465
88.5	465
88.55	468
88.6	468
88.65	471
88.7	471
88.75	474
88.8	474
88.85	477
88.9	477
88.95	480
89	480
89.05	481
89.1	481
89.15	480
89.2	480
89.25	478
89.3	478
89.35	476
89.4	476
89.45	476
89.5	476
89.55	479
89.6	479
89.65	482
89.7	482
89.75	483
89.8	483
89.85	481
89.9	481
89.95	477
90	477
90.05	473
90.1	473
90.15	473
90.2	473
90.25	474
90.3	474
90.35	475
90.4	475
90.45	476
90.5	476
90.55	476
90.6	476
90.65	479
90.7	479
90.75	482
90.8	482
90.85	485
90.9	485
90.95	483
91	483
91.05	479
91.1	479
91.15	473
91.2	473
91.25	471
91.3	471
91.35	472
91.4	472
91.45	473
91.5	473
91.55	474
91.6	474
91.65	475
91.7	475
91.75	478
91.8	478
91.85	481
91.9	481
91.95	482
92	482
92.05	482
92.1	482
92.15	482
92.2	478
92.25	478
92.3	474
92.35	474
92.4	474
92.45	474
92.5	477
92.55	477
92.6	480
92.65	480
92.7	481
92.75	481
92.8	481
92.85	481
92.9	478
92.95	478
93	474
93.05	474
93.1	474
93.15	474
93.2	477
93.25	477
93.3	480
93.35	480
93.4	483
93.45	483
93.5	483
93.55	483
93.6	481
93.65	481
93.7	475
93.75	475
93.8	471
93.85	471
93.9	472
93.95	472
94	473
94.05	473
94.1	474
94.15	474
94.2	475
94.25	475
94.3	478
94.35	478
94.4	481
94.45	481
94.5	482
94.55	482
94.6	482
94.65	482
94.7	478
94.75	478
94.8	474
94.85	474
94.9	474
94.95	474
95	477
95.05	477
95.1	480
95.15	480
95.2	481
95.25	481
95.3	481
95.35	481
95.4	479
95.45	479
95.5	475
95.55	475
95.6	473
95.65	473
95.7	474
95.75	474
95.8	475
95.85	475
95.9	476
95.95	476
96	477
96.05	477
96.1	480
96.15	480
96.2	481
96.25	481
96.3	481
96.35	481
96.4	479
96.45	479
96.5	475
96.55	475
96.6	473
96.65	473
96.7	474
96.75	474
96.8	475
96.85	475
96.9	476
96.95	476
97	476
97.05	476
97.1	479
97.15	479
97.2	482
97.25	482
97.3	483
97.35	483
97.4	481
97.45	481
97.5	477
97.55	477
97.6	473
97.65	473
97.7	473
97.75	473
97.8	474
97.85	474
97.9	475
97.95	475
98	476
98.05	476
98.1	476
98.15	476
98.2	479
98.25	479
98.3	482
98.35	482
98.4	483
98.45	483
98.5	481
98.55	481
98.6	477
98.65	477
98.7	473
98.75	473
98.8	473
98.85	473
98.9	474
98.95	474
99	475
99.05	475
99.1	476
99.15	476
99.2	477
99.25	477
99.3	480
99.35	480
99.4	483
99.45	483
99.5	483
99.55	483
99.6	481
99.65	481
99.7	475
99.75	475
99.8	471
99.85	471
99.9	472
99.95	472
100	473
100.05	473
100.1	474
100.15	474
100.2	475
100.25	475
100.3	478
100.35	478
100.4	479
100.45	479
100.5	479
100.55	479
100.6	479
100.65	479
100.7	477
100.75	477
100.8	475
100.85	475
100.9	475
100.95	475
101	475
101.05	476
101.1	476
101.15	477
101.2	477
101.25	478
101.3	478
101.35	479
101.4	479
101.45	479
101.5	479
101.55	479
101.6	479
101.65	477
101.7	477
101.75	475
101.8	475
101.85	475
101.9	475
101.95	476
102	476
102.05	477
102.1	477
102.15	478
102.2	478
102.25	478
102.3	478
102.35	478
102.4	478
102.45	478
102.5	478
102.55	478
102.6	478
102.65	478
102.7	478
102.75	478
102.8	478
102.85	478
102.9	478
102.95	478
103	478
103.05	478
103.1	478
103.15	478
103.2	478
103.25	478
103.3	478
103.35	478
103.4	478
103.45	478
103.5	478
103.55	478
103.6	478
103.65	478
103.7	478
103.75	478
103.8	478
103.85	478
103.9	478
103.95	478
104	478
104.05	478
104.1	478
104.15	478
104.2	478
104.25	478
104.3	478
104.35	478
104.4	478
104.45	478
104.5	478
104.55	478
104.6	478
104.65	478
104.7	478
104.75	478
104.8	478
104.85	478
104.9	478
104.95	478
105	478
105.05	478
105.1	478
105.15	478
105.2	478
105.25	478
105.3	478
105.35	478
105.4	478
105.45	478
105.5	478
105.55	478
105.6	478
105.65	478
105.7	478
105.75	478
105.8	478
105.85	478
105.9	478
105.95	478
106	478
106.05	478
106.1	478
106.15	478
106.2	478
106.25	478
106.3	478
106.35	478
106.4	478
106.45	478
106.5	478
106.55	478
106.6	478
106.65	478
106.7	478
106.75	478
106.8	478
106.85	478
106.9	478
106.95	478
107	478
107.05	478
107.1	478
107.15	478
107.2	478
107.25	478
107.3	478
107.35	478
107.4	478
107.45	478
107.5	478
107.55	478
107.6	478
107.65	478
107.7	478
107.75	478
107.8	478
107.85	478
107.9	478
107.95	478
108	478
108.05	478
108.1	478
108.15	478
108.2	478
108.25	478
108.3	478
108.35	478
108.4	478
108.45	478
108.5	478
108.55	478
108.6	478
108.65	478
108.7	478
108.75	478
108.8	478
108.85	478
108.9	478
108.95	478
109	478
109.05	478
109.1	478
109.15	478
109.2	478
109.25	478
109.3	478
109.35	478
109.4	478
109.45	478
109.5	478
109.55	478
109.6	478
109.65	478
109.7	478
109.75	478
109.8	478
109.85	478
109.9	478
109.95	478
110	478
110.05	478
110.1	478
110.15	478
110.2	478
110.25	478
110.3	478
110.35	478
110.4	478
110.45	478
110.5	478
110.55	478
110.6	478
110.65	478
110.7	478
110.75	478
110.8	478
110.85	478
110.9	478
110.95	478
111	478
111.05	478
111.1	478
111.15	478
111.2	478
111.25	478
111.3	478
111.35	478
111.4	478
111.45	478
111.5	478
111.55	478
111.6	478
111.65	478
111.7	478
111.75	478
111.8	478
111.85	478
111.9	478
111.95	478
112	478
112.05	478
112.1	478
112.15	478
112.2	478
112.25	478
112.3	478
112.35	478
112.4	478
112.45	478
112.5	478
112.55	478
112.6	478
112.65	478
112.7	478
112.75	478
112.8	478
112.85	478
112.9	478
112.95	478
113	478
113.05	478
113.1	478
113.15	478
113.2	478
113.25	478
113.3	478
113.35	478
113.4	478
113.45	478
113.5	478
113.55	478
113.6	478
113.65	478
113.7	478
113.75	478
113.8	478
113.85	478
113.9	478
113.95	478
114	478
114.05	478
114.1	478
114.15	478
114.2	478
114.25	478
114.3	478
114.35	478
114.4	478
114.45	478
114.5	478
114.55	478
114.6	478
114.65	478
114.7	478
114.75	478
114.8	478
114.85	478
114.9	478
114.95	478
115	478
115.05	478
115.1	478
115.15	478
115.2	478
115.25	478
115.3	478
115.35	478
115.4	478
115.45	478
115.5	478
115.55	478
115.6	478
115.65	478
115.7	478
115.75	478
115.8	478
115.85	478
115.9	478
115.95	478
116	478
116.05	478
116.1	478
116.15	478
116.2	478
116.25	478
116.3	478
116.35	478
116.4	478
116.45	478
116.5	478
116.55	478
116.6	478
116.65	478
116.7	478
116.75	478
116.8	478
116.85	478
116.9	478
116.95	478
117	478
117.05	478
117.1	478
117.15	478
117.2	478
117.25	478
117.3	478
117.35	478
117.4	478
117.45	478
117.5	478
117.55	478
117.6	478
117.65	478
117.7	478
117.75	478
117.8	478
117.85	478
117.9	478
117.95	478
118	478
118.05	478
118.1	478
118.15	478
118.2	478
118.25	478
118.3	478
118.35	478
118.4	478
118.45	478
118.5	478
118.55	478
118.6	478
118.65	478
118.7	478
118.75	478
118.8	478
118.85	478
118.9	478
118.95	478
119	478
119.05	478
119.1	478
119.15	478
119.2	478
119.25	478
119.3	478
119.35	478
119.4	478
119.45	478
119.5	478
119.55	478
119.6	478
119.65	478
119.7	478
119.75	478
119.8	478
119.85	478
119.9	478
119.95	478
120	478
120.05	478
120.1	478
120.15	478
120.2	478
120.25	478
120.3	478
120.35	478
120.4	478
120.45	478
120.5	478
120.55	478
120.6	478
120.65	478
120.7	478
120.75	478
120.8	478
120.85	478
120.9	478
120.95	478
121	478
121.05	478
121.1	478
121.15	478
121.2	478
121.25	478
121.3	478
121.35	478
121.4	478
121.45	478
121.5	478
121.55	478
121.6	478
121.65	478
121.7	478
121.75	478
121.8	478
121.85	478
121.9	478
121.95	478
122	478
122.05	478
122.1	478
122.15	478
122.2	478
122.25	478
122.3	478
122.35	478
122.4	478
122.45	478
122.5	478
122.55	478
122.6	478
122.65	478
122.7	478
122.75	478
122.8	478
122.85	478
122.9	478
122.95	478
123	478
123.05	478
123.1	478
123.15	478
123.2	478
123.25	478
123.3	478
123.35	478
123.4	478
123.45	478
123.5	478
123.55	478
123.6	478
123.65	478
123.7	478
123.75	478
123.8	478
123.85	478
123.9	478
123.95	478
124	478
124.05	478
124.1	478
124.15	478
124.2	478
124.25	478
124.3	478
124.35	478
124.4	478
124.45	478
124.5	478
124.55	478
124.6	478
124.65	478
124.7	478
124.75	478
124.8	478
124.85	478
124.9	478
124.95	478
125	478
125.05	478
125.1	478
125.15	478
125.2	478
125.25	478
125.3	478
125.35	478
125.4	478
125.45	478
125.5	478
125.55	478
125.6	478
125.65	478
125.7	478
125.75	478
125.8	478
125.85	478
125.9	478
125.95	478
126	478
126.05	478
126.1	478
126.15	478
126.2	478
126.25	478
126.3	478
126.35	478
126.4	478
126.45	478
126.5	478
126.55	478
126.6	478
126.65	478
126.7	478
126.75	478
126.8	478
126.85	478
126.9	478
126.95	478
127	478
127.05	478
127.1	478
127.15	478
127.2	478
127.25	478
127.3	478
127.35	478
127.4	478
127.45	478
127.5	478
127.55	478
127.6	478
127.65	478
127.7	478
127.75	478
127.8	478
127.85	478
127.9	478
127.95	478
128	478
128.05	478
128.1	478
128.15	478
128.2	478
128.25	478
128.3	478
128.35	478
128.4	478
128.45	478
128.5	478
128.55	478
128.6	478
128.65	478
128.7	478
128.75	478
128.8	478
128.85	478
128.9	478
128.95	478
129	478
129.05	478
129.1	478
129.15	478
129.2	478
129.25	478
129.3	478
129.35	478
129.4	478
129.45	478
129.5	478
129.55	478
129.6	478
129.65	478
129.7	478
129.75	478
129.8	478
129.85	478
129.9	478
129.95	478
130	478
130.05	478
130.1	478
130.15	478
130.2	478
130.25	478
130.3	478
130.35	478
130.4	478
130.45	478
130.5	478
130.55	478
130.6	478
130.65	478
130.7	478
130.75	478
130.8	478
130.85	478
130.9	478
130.95	478
131	478
131.05	478
131.1	478
131.15	478
131.2	478
131.25	478
131.3	478
131.35	478
131.4	478
131.45	478
131.5	478
131.55	478
131.6	478
131.65	478
131.7	478
131.75	478
131.8	478
131.85	478
131.9	478
131.95	478
132	478
132.05	478
132.1	478
132.15	478
132.2	478
132.25	478
132.3	478
132.35	478
132.4	478
132.45	478
132.5	478
132.55	478
132.6	478
132.65	478
132.7	478
132.75	478
132.8	478
132.85	478
132.9	478
132.95	478
133	478
133.05	478
133.1	478
133.15	478
133.2	478
133.25	478
133.3	478
133.35	478
133.4	478
133.45	478
133.5	478
133.55	478
133.6	478
133.65	478
133.7	478
133.75	478
133.8	478
133.85	478
133.9	478
133.95	478
134	478
134.05	478
134.1	478
134.15	478
134.2	478
134.25	478
134.3	478
134.35	478
134.4	478
134.45	478
134.5	478
134.55	478
134.6	478
134.65	478
134.7	478
134.75	478
134.8	478
134.85	478
134.9	478
134.95	478
135	478
135.05	478
135.1	478
135.15	478
135.2	478
135.25	478
135.3	478
135.35	478
135.4	478
135.45	478
135.5	478
135.55	478
135.6	478
135.65	478
135.7	478
135.75	478
135.8	478
135.85	478
135.9	478
135.95	478
136	478
136.05	478
136.1	478
136.15	478
136.2	478
136.25	478
136.3	478
136.35	478
136.4	478
136.45	478
136.5	478
136.55	478
136.6	478
136.65	478
136.7	478
136.75	478
136.8	478
136.85	478
136.9	478
136.95	478
137	478
137.05	478
137.1	478
137.15	478
137.2	478
137.25	478
137.3	478
137.35	478
137.4	478
137.45	478
137.5	478
137.55	478
137.6	478
137.65	478
137.7	478
137.75	478
137.8	478
137.85	478
137.9	478
137.95	478
138	478
138.05	478
138.1	478
138.15	478
138.2	478
138.25	478
138.3	478
138.35	478
138.4	478
138.45	478
138.5	478
138.55	478
138.6	478
138.65	478
138.7	478
138.75	478
138.8	478
138.85	478
138.9	478
138.95	478
139	478
139.05	478
139.1	478
139.15	478
139.2	478
139.25	478
139.3	478
139.35	478
139.4	478
139.45	478
139.5	478
139.55	478
139.6	478
139.65	478
139.7	478
139.75	478
139.8	478
139.85	478
139.9	478
139.95	478
140	478
140.05	478
140.1	478
140.15	478
140.2	478
140.25	478
140.3	478
140.35	478
140.4	478
140.45	478
140.5	478
140.55	478
140.6	478
140.65	478
140.7	478
140.75	478
140.8	478
140.85	478
140.9	478
140.95	478
141	478
141.05	478
141.1	478
141.15	478
141.2	478
141.25	478
141.3	478
141.35	478
141.4	478
141.45	478
141.5	478
141.55	478
141.6	478
141.65	478
141.7	478
141.75	478
141.8	478
141.85	478
141.9	478
141.95	478
142	478
142.05	478
142.1	478
142.15	478
142.2	478
142.25	478
142.3	478
142.35	478
142.4	478
142.45	478
142.5	478
142.55	478
142.6	478
142.65	478
142.7	478
142.75	478
142.8	478
142.85	478
142.9	478
142.95	478
143	478
143.05	478
143.1	478
143.15	478
143.2	478
143.25	478
143.3	478
143.35	478
143.4	478
143.45	478
143.5	478
143.55	478
143.6	478
143.65	478
143.7	478
143.75	478
143.8	478
143.85	478
143.9	478
143.95	478
144	478
144.05	478
144.1	478
144.15	478
144.2	478
144.25	478
144.3	478
144.35	478
144.4	478
144.45	478
144.5	478
144.55	478
144.6	478
144.65	478
144.7	478
144.75	478
144.8	478
144.85	478
144.9	478
144.95	478
145	478
145.05	478
145.1	478
145.15	478
145.2	478
145.25	478
145.3	478
145.35	478
145.4	478
145.45	478
145.5	478
145.55	478
145.6	478
145.65	478
145.7	478
145.75	478
145.8	478
145.85	478
145.9	478
145.95	478
146	478
146.05	478
146.1	478
146.15	478
146.2	478
146.25	478
146.3	478
146.35	478
146.4	478
146.45	478
146.5	478
146.55	478
146.6	478
146.65	478
146.7	478
146.75	478
146.8	478
146.85	478
146.9	478
146.95	478
147	478
147.05	478
147.1	478
147.15	478
147.2	478
147.25	478
147.3	478
147.35	478
147.4	478
147.45	478
147.5	478
147.55	478
147.6	478
147.65	478
147.7	478
147.75	478
147.8	478
147.85	478
147.9	478
147.95	478
148	478
148.05	478
148.1	478
148.15	478
148.2	478
148.25	478
148.3	478
148.35	478
148.4	478
148.45	478
148.5	478
148.55	478
148.6	478
148.65	478
148.7	478
148.75	478
148.8	478
148.85	478
148.9	478
148.95	478
149	478
149.05	478
149.1	478
149.15	478
149.2	478
149.25	478
149.3	478
149.35	478
149.4	478
149.45	478
149.5	478
149.55	478
149.6	478
149.65	478
149.7	478
149.75	478
149.8	478
149.85	478
149.9	478
149.95	478
150	478
150.05	478
150.1	478
150.15	478
150.2	478
150.25	478
150.3	478
150.35	478
150.4	478
150.45	478
150.5	478
150.55	478
150.6	478
150.65	478
150.7	478
150.75	478
150.8	478
150.85	478
150.9	478
150.95	478
151	478
151.05	478
151.1	478
151.15	478
151.2	478
151.25	478
151.3	478
151.35	478
151.4	478
151.45	478
151.5	478
151.55	478
151.6	478
151.65	478
151.7	478
151.75	478
151.8	478
151.85	478
151.9	478
151.95	478
152	478
152.05	478
152.1	478
152.15	478
152.2	478
152.25	478
152.3	478
152.35	478
152.4	478
152.45	478
152.5	478
152.55	478
152.6	478
152.65	478
152.7	478
152.75	478
152.8	478
152.85	478
152.9	478
152.95	478
153	478
153.05	478
153.1	478
153.15	478
153.2	478
153.25	478
153.3	478
153.35	478
153.4	478
153.45	478
153.5	478
153.55	478
153.6	478
153.65	478
153.7	478
153.75	478
153.8	478
153.85	478
153.9	478
153.95	478
154	478
154.05	478
154.1	478
154.15	478
154.2	478
154.25	478
154.3	478
154.35	478
154.4	478
154.45	478
154.5	478
154.55	478
154.6	478
154.65	478
154.7	478
154.75	478
154.8	478
154.85	478
154.9	478
154.95	478
155	478
155.05	478
155.1	478
155.15	478
155.2	478
155.25	478
155.3	478
155.35	478
155.4	478
155.45	478
155.5	478
155.55	478
155.6	478
155.65	478
155.7	478
155.75	478
155.8	478
155.85	478
155.9	478
155.95	478
156	478
156.05	478
156.1	478
156.15	478
156.2	478
156.25	478
156.3	478
156.35	478
156.4	478
156.45	478
156.5	478
156.55	478
156.6	478
156.65	478
156.7	478
156.75	478
156.8	478
156.85	478
156.9	478
156.95	478
157	478
157.05	478
157.1	478
157.15	478
157.2	478
157.25	478
157.3	478
157.35	478
157.4	478
157.45	478
157.5	478
157.55	478
157.6	478
157.65	478
157.7	478
157.75	478
157.8	478
157.85	478
157.9	478
157.95	478
158	478
158.05	478
158.1	478
158.15	478
158.2	478
158.25	478
158.3	478
158.35	478
158.4	478
158.45	478
158.5	478
158.55	478
158.6	478
158.65	478
158.7	478
158.75	478
158.8	478
158.85	478
158.9	478
158.95	478
159	478
159.05	478
159.1	478
159.15	478
159.2	478
159.25	478
159.3	478
159.35	478
159.4	478
159.45	478
159.5	478
159.55	478
159.6	478
159.65	478
159.7	478
159.75	478
159.8	478
159.85	478
159.9	478
159.95	478
160	478
160.05	478
160.1	478
160.15	479
160.2	479
160.25	483
160.3	483
160.35	487
160.4	487
160.45	488
160.5	488
160.55	491
160.6	491
160.65	495
160.7	495
160.75	498
160.8	498
160.85	501
160.9	501
160.95	505
161	505
161.05	508
161.1	508
161.15	511
161.2	511
161.25	515
161.3	515
161.35	518
161.4	518
161.45	519
161.5	519
161.55	523
161.6	523
161.65	526
161.7	526
161.75	527
161.8	527
161.85	531
161.9	531
161.95	534
162	534
162.05	537
162.1	537
162.15	541
162.2	541
162.25	545
162.3	545
162.35	546
162.4	546
162.45	547
162.5	547
162.55	551
162.6	551
162.65	554
162.7	554
162.75	555
162.8	555
162.85	559
162.9	559
162.95	562
163	562
163.05	563
163.1	563
163.15	567
163.2	567
163.25	570
163.3	570
163.35	571
163.4	571
163.45	575
163.5	575
163.55	578
163.6	578
163.65	579
163.7	579
163.75	583
163.8	583
163.85	587
163.9	587
163.95	588
164	588
164.05	589
164.1	589
164.15	593
164.2	593
164.25	596
164.3	596
164.35	597
164.4	597
164.45	601
164.5	601
164.55	605
164.6	605
164.65	606
164.7	606
164.75	607
164.8	607
164.85	611
164.9	611
164.95	615
165	615
165.05	616
165.1	616
165.15	617
165.2	617
165.25	621
165.3	621
165.35	624
165.4	624
165.45	625
165.5	625
165.55	629
165.6	629
165.65	632
165.7	632
165.75	633
165.8	633
165.85	637
165.9	637
165.95	640
166	640
166.05	641
166.1	641
166.15	645
166.2	645
166.25	648
166.3	648
166.35	649
166.4	649
166.45	653
166.5	653
166.55	656
166.6	656
166.65	657
166.7	657
166.75	661
166.8	661
166.85	664
166.9	664
166.95	665
167	665
167.05	669
167.1	669
167.15	672
167.2	672
167.25	673
167.3	673
167.35	677
167.4	677
167.45	681
167.5	681
167.55	682
167.6	682
167.65	683
167.7	683
167.75	687
167.8	687
167.85	690
167.9	690
167.95	691
168	691
168.05	695
168.1	695
168.15	699
168.2	699
168.25	700
168.3	700
168.35	700
168.4	700
168.45	704
168.5	704
168.55	708
168.6	708
168.65	712
168.7	712
168.75	716
168.8	716
168.85	720
168.9	720
168.95	724
169	724
169.05	728
169.1	728
169.15	732
169.2	732
169.25	736
169.3	736
169.35	740
169.4	740
169.45	744
169.5	744
169.55	748
169.6	748
169.65	752
169.7	752
169.75	756
169.8	756
169.85	760
169.9	760
169.95	764
170	764
170.05	768
170.1	768
170.15	772
170.2	772
170.25	776
170.3	776
170.35	779
170.4	779
170.45	782
170.5	782
170.55	783
170.6	783
170.65	786
170.7	786
170.75	787
170.8	787
170.85	790
170.9	790
170.95	791
171	791
171.05	794
171.1	794
171.15	797
171.2	797
171.25	800
171.3	800
171.35	803
171.4	803
171.45	806
171.5	806
171.55	809
171.6	809
171.65	812
171.7	812
171.75	815
171.8	815
171.85	818
171.9	818
171.95	821
172	821
172.05	824
172.1	824
172.15	827
172.2	827
172.25	830
172.3	830
172.35	833
172.4	833
172.45	836
172.5	836
172.55	839
172.6	839
172.65	842
172.7	842
172.75	845
172.8	848
172.85	848
172.9	848
172.95	851
173	854
173.05	854
173.1	854
173.15	858
173.2	861
173.25	861
173.3	864
173.35	864
173.4	865
173.45	865
173.5	868
173.55	868
173.6	869
173.65	869
173.7	872
173.75	872
173.8	875
173.85	875
173.9	878
173.95	878
174	881
174.05	881
174.1	884
174.15	884
174.2	885
174.25	885
174.3	888
174.35	888
174.4	891
174.45	891
174.5	894
174.55	894
174.6	897
174.65	897
174.7	900
174.75	900
174.8	903
174.85	903
174.9	906
174.95	906
175	909
175.05	909
175.1	912
175.15	912
175.2	915
175.25	915
175.3	918
175.35	918
175.4	921
175.45	921
175.5	924
175.55	924
175.6	925
175.65	925
175.7	928
175.75	928
175.8	931
175.85	931
175.9	934
175.95	934
176	937
176.05	937
176.1	940
176.15	940
176.2	943
176.25	943
176.3	946
176.35	946
176.4	947
176.45	947
176.5	950
176.55	950
176.6	951
176.65	951
176.7	952
176.75	952
176.8	953
176.85	953
176.9	954
176.95	954
177	955
177.05	955
177.1	955
177.15	955
177.2	955
177.25	954
177.3	954
177.35	952
177.4	952
177.45	952
177.5	952
177.55	953
177.6	953
177.65	954
177.7	954
177.75	955
177.8	955
177.85	955
177.9	955
177.95	953
178	953
178.05	951
178.1	951
178.15	951
178.2	951
178.25	952
178.3	952
178.35	953
178.4	953
178.45	954
178.5	954
178.55	954
178.6	954
178.65	954
178.7	954
178.75	954
178.8	954
178.85	954
178.9	954
178.95	954
179	954
179.05	954
179.1	954
179.15	954
179.2	954
179.25	954
179.3	954
179.35	954
179.4	954
179.45	954
179.5	954
179.55	954
179.6	954
179.65	954
179.7	954
179.75	954
179.8	954
179.85	954
179.9	954
179.95	954
180	954
180.05	954
180.1	954
180.15	954
180.2	954
180.25	954
180.3	954
180.35	954
180.4	954
180.45	954
180.5	954
180.55	954
180.6	954
180.65	954
180.7	954
180.75	954
180.8	954
180.85	954
180.9	954
180.95	954
181	954
181.05	954
181.1	954
181.15	954
181.2	954
181.25	954
181.3	954
181.35	954
181.4	954
181.45	954
181.5	954
181.55	954
181.6	954
181.65	954
181.7	954
181.75	954
181.8	954
181.85	954
181.9	954
181.95	954
182	954
182.05	954
182.1	954
182.15	954
182.2	954
182.25	954
182.3	954
182.35	954
182.4	954
182.45	954
182.5	954
182.55	954
182.6	954
182.65	954
182.7	954
182.75	954
182.8	954
182.85	954
182.9	954
182.95	954
183	954
183.05	954
183.1	954
183.15	954
183.2	954
183.25	954
183.3	954
183.35	954
183.4	954
183.45	954
183.5	954
183.55	954
183.6	954
183.65	954
183.7	954
183.75	954
183.8	954
183.85	954
183.9	954
183.95	954
184	954
184.05	954
184.1	954
184.15	954
184.2	954
184.25	954
184.3	954
184.35	954
184.4	954
184.45	954
184.5	954
184.55	954
184.6	954
184.65	954
184.7	954
184.75	954
184.8	954
184.85	954
184.9	954
184.95	954
185	954
185.05	954
185.1	954
185.15	954
185.2	954
185.25	954
185.3	954
185.35	954
185.4	954
185.45	954
185.5	954
185.55	954
185.6	954
185.65	954
185.7	954
185.75	954
185.8	954
185.85	954
185.9	954
185.95	954
186	954
186.05	954
186.1	954
186.15	954
186.2	954
186.25	954
186.3	954
186.35	954
186.4	954
186.45	954
186.5	954
186.55	954
186.6	954
186.65	954
186.7	954
186.75	954
186.8	954
186.85	954
186.9	954
186.95	954
187	954
187.05	954
187.1	954
187.15	954
187.2	954
187.25	954
187.3	954
187.35	954
187.4	954
187.45	954
187.5	954
187.55	954
187.6	954
187.65	954
187.7	954
187.75	954
187.8	954
187.85	954
187.9	954
187.95	954
188	954
188.05	954
188.1	954
188.15	954
188.2	954
188.25	954
188.3	954
188.35	954
188.4	954
188.45	954
188.5	954
188.55	954
188.6	954
188.65	954
188.7	954
188.75	954
188.8	954
188.85	954
188.9	954
188.95	954
189	954
189.05	954
189.1	954
189.15	954
189.2	954
189.25	954
189.3	954
189.35	954
189.4	954
189.45	954
189.5	954
189.55	954
189.6	954
189.65	954
189.7	954
189.75	954
189.8	954
189.85	954
189.9	954
189.95	954
190	954
190.05	954
190.1	954
190.15	954
190.2	954
190.25	954
190.3	954
190.35	954
190.4	954
190.45	954
190.5	954
190.55	954
190.6	954
190.65	954
190.7	954
190.75	954
190.8	954
190.85	954
190.9	954
190.95	954
191	954
191.05	954
191.1	954
191.15	954
191.2	954
191.25	954
191.3	954
191.35	954
191.4	954
191.45	954
191.5	954
191.55	954
191.6	954
191.65	954
191.7	954
191.75	954
191.8	954
191.85	954
191.9	954
191.95	954
192	954
192.05	954
192.1	954
192.15	954
192.2	954
192.25	954
192.3	954
192.35	954
192.4	954
192.45	954
192.5	954
192.55	954
192.6	954
192.65	954
192.7	954
192.75	954
192.8	954
192.85	954
192.9	954
192.95	954
193	954
193.05	954
193.1	954
193.15	954
193.2	954
193.25	954
193.3	954
193.35	954
193.4	954
193.45	954
193.5	954
193.55	954
193.6	954
193.65	954
193.7	954
193.75	954
193.8	954
193.85	954
193.9	954
193.95	954
194	954
194.05	954
194.1	954
194.15	954
194.2	954
194.25	954
194.3	954
194.35	954
194.4	954
194.45	954
194.5	954
194.55	954
194.6	954
194.65	954
194.7	954
194.75	954
194.8	954
194.85	954
194.9	954
194.95	954
195	954
195.05	954
195.1	954
195.15	954
195.2	954
195.25	954
195.3	954
195.35	954
195.4	954
195.45	954
195.5	954
195.55	954
195.6	954
195.65	954
195.7	954
195.75	954
195.8	954
195.85	954
195.9	954
195.95	954
196	954
196.05	954
196.1	954
196.15	954
196.2	954
196.25	954
196.3	954
196.35	954
196.4	954
196.45	954
196.5	954
196.55	954
196.6	954
196.65	954
196.7	954
196.75	954
196.8	954
196.85	954
196.9	954
196.95	954
197	954
197.05	954
197.1	954
197.15	954
197.2	954
197.25	954
197.3	954
197.35	954
197.4	954
197.45	954
197.5	954
197.55	954
197.6	954
197.65	954
197.7	954
197.75	954
197.8	954
197.85	954
197.9	954
197.95	954
198	954
198.05	954
198.1	954
198.15	954
198.2	954
198.25	954
198.3	954
198.35	954
198.4	954
198.45	954
198.5	954
198.55	954
198.6	954
198.65	954
198.7	954
198.75	954
198.8	954
198.85	954
198.9	954
198.95	954
199	954
199.05	954
199.1	954
199.15	954
199.2	954
199.25	954
199.3	954
199.35	954
199.4	954
199.45	954
199.5	954
199.55	954
199.6	954
199.65	954
199.7	954
199.75	954
199.8	954
199.85	954
199.9	954
199.95	954
200	954
200.05	954
200.1	954
200.15	954
200.2	954
200.25	954
200.3	954
200.35	954
200.4	954
200.45	954
200.5	954
200.55	954
200.6	954
200.65	954
200.7	954
200.75	954
200.8	954
200.85	954
200.9	954
200.95	954
201	954
201.05	954
201.1	954
201.15	954
201.2	954
201.25	954
201.3	954
201.35	954
201.4	954
201.45	954
201.5	954
201.55	954
201.6	954
201.65	954
201.7	954
201.75	954
201.8	954
201.85	954
201.9	954
201.95	954
202	954
202.05	954
202.1	954
202.15	954
202.2	954
202.25	954
202.3	954
202.35	954
202.4	954
202.45	954
202.5	954
202.55	954
202.6	954
202.65	954
202.7	954
202.75	954
202.8	954
202.85	954
202.9	954
202.95	954
203	954
203.05	954
203.1	954
203.15	954
203.2	954
203.25	954
203.3	954
203.35	954
203.4	954
203.45	954
203.5	954
203.55	954
203.6	954
203.65	954
203.7	954
203.75	954
203.8	954
203.85	954
203.9	954
203.95	954
204	954
204.05	954
204.1	954
204.15	954
204.2	954
204.25	954
204.3	954
204.35	954
204.4	954
204.45	954
204.5	954
204.55	954
204.6	954
204.65	954
204.7	954
204.75	954
204.8	954
204.85	954
204.9	954
204.95	954
205	954
205.05	954
205.1	954
205.15	954
205.2	954
205.25	954
205.3	954
205.35	954
205.4	954
205.45	954
205.5	954
205.55	954
205.6	954
205.65	954
205.7	954
205.75	954
205.8	954
205.85	954
205.9	954
205.95	954
206	954
206.05	954
206.1	954
206.15	954
206.2	954
206.25	954
206.3	954
206.35	954
206.4	954
206.45	954
206.5	954
206.55	954
206.6	954
206.65	954
206.7	954
206.75	954
206.8	954
206.85	954
206.9	954
206.95	954
207	954
207.05	954
207.1	954
207.15	954
207.2	954
207.25	954
207.3	954
207.35	954
207.4	954
207.45	954
207.5	954
207.55	954
207.6	954
207.65	954
207.7	954
207.75	954
207.8	954
207.85	954
207.9	954
207.95	954
208	954
208.05	954
208.1	954
208.15	954
208.2	954
208.25	954
208.3	954
208.35	954
208.4	954
208.45	954
208.5	954
208.55	954
208.6	954
208.65	954
208.7	954
208.75	954
208.8	954
208.85	954
208.9	954
208.95	954
209	954
209.05	954
209.1	954
209.15	954
209.2	954
209.25	954
209.3	954
209.35	954
209.4	954
209.45	954
209.5	954
209.55	954
209.6	954
209.65	954
209.7	954
209.75	954
209.8	954
209.85	954
209.9	954
209.95	954
210	954
210.05	954
210.1	954
210.15	954
210.2	954
210.25	954
210.3	954
210.35	954
210.4	954
210.45	954
210.5	954
210.55	954
210.6	954
210.65	954
210.7	954
210.75	954
210.8	954
210.85	954
210.9	954
210.95	954
211	954
211.05	954
211.1	954
211.15	954
211.2	954
211.25	954
211.3	954
211.35	954
211.4	954
211.45	954
211.5	954
211.55	954
211.6	954
211.65	954
211.7	954
211.75	954
211.8	954
211.85	954
211.9	954
211.95	954
212	954
212.05	954
212.1	954
212.15	954
212.2	954
212.25	954
212.3	954
212.35	954
212.4	954
212.45	954
212.5	954
212.55	954
212.6	954
212.65	954
212.7	954
212.75	954
212.8	954
212.85	954
212.9	954
212.95	954
213	954
213.05	954
213.1	954
213.15	954
213.2	954
213.25	954
213.3	954
213.35	954
213.4	954
213.45	954
213.5	954
213.55	954
213.6	954
213.65	954
213.7	954
213.75	954
213.8	954
213.85	954
213.9	954
213.95	954
214	954
214.05	954
214.1	954
214.15	954
214.2	954
214.25	954
214.3	954
214.35	954
214.4	954
214.45	954
214.5	954
214.55	954
214.6	954
214.65	954
214.7	954
214.75	954
214.8	954
214.85	954
214.9	954
214.95	954
215	954
215.05	954
215.1	954
215.15	954
215.2	954
215.25	954
215.3	954
215.35	954
215.4	954
215.45	954
215.5	954
215.55	954
215.6	954
215.65	954
215.7	954
215.75	954
215.8	954
215.85	954
215.9	954
215.95	954
216	954
216.05	954
216.1	954
216.15	954
216.2	954
216.25	954
216.3	954
216.35	954
216.4	954
216.45	954
216.5	954
216.55	954
216.6	954
216.65	954
216.7	954
216.75	954
216.8	954
216.85	954
216.9	954
216.95	954
217	954
217.05	954
217.1	954
217.15	954
217.2	954
217.25	954
217.3	954
217.35	954
217.4	954
217.45	954
217.5	954
217.55	954
217.6	954
217.65	954
217.7	954
217.75	954
217.8	954
217.85	954
217.9	954
217.95	954
218	954
218.05	954
218.1	954
218.15	954
218.2	954
218.25	954
218.3	954
218.35	954
218.4	954
218.45	954
218.5	954
218.55	954
218.6	954
218.65	954
218.7	954
218.75	954
218.8	954
218.85	954
218.9	954
218.95	954
219	954
219.05	954
219.1	954
219.15	954
219.2	954
219.25	954
219.3	954
219.35	954
219.4	954
219.45	954
219.5	954
219.55	954
219.6	954
219.65	954
219.7	954
219.75	954
219.8	954
219.85	954
219.9	954
219.95	954
220	954
220.05	954
220.1	954
220.15	954
220.2	954
220.25	954
220.3	954
220.35	954
220.4	954
220.45	954
220.5	954
220.55	954
220.6	954
220.65	954
220.7	954
220.75	954
220.8	954
220.85	954
220.9	954
220.95	954
221	954
221.05	954
221.1	954
221.15	954
221.2	954
221.25	954
221.3	954
221.35	954
221.4	954
221.45	954
221.5	954
221.55	954
221.6	954
221.65	954
221.7	954
221.75	954
221.8	954
221.85	954
221.9	954
221.95	954
222	954
222.05	954
222.1	954
222.15	954
222.2	954
222.25	954
222.3	954
222.35	954
222.4	954
222.45	954
222.5	954
222.55	954
222.6	954
222.65	954
222.7	954
222.75	954
222.8	954
222.85	954
222.9	954
222.95	954
223	954
223.05	954
223.1	954
223.15	954
223.2	954
223.25	954
223.3	954
223.35	954
223.4	954
223.45	954
223.5	954
223.55	954
223.6	954
223.65	954
223.7	954
223.75	954
223.8	954
223.85	954
223.9	954
223.95	954
224	954
224.05	954
224.1	954
224.15	954
224.2	954
224.25	954
224.3	954
224.35	954
224.4	954
224.45	954
224.5	954
224.55	954
224.6	954
224.65	954
224.7	954
224.75	954
224.8	954
224.85	954
224.9	954
224.95	954
225	954
225.05	954
225.1	954
225.15	954
225.2	954
225.25	954
225.3	954
225.35	954
225.4	954
225.45	954
225.5	954
225.55	954
225.6	954
225.65	954
225.7	954
225.75	954
225.8	954
225.85	954
225.9	954
225.95	954
226	954
226.05	954
226.1	954
226.15	954
226.2	954
226.25	954
226.3	954
226.35	954
226.4	954
226.45	954
226.5	954
226.55	954
226.6	954
226.65	954
226.7	954
226.75	954
226.8	954
226.85	954
226.9	954
226.95	954
227	954
227.05	954
227.1	954
227.15	954
227.2	954
227.25	954
227.3	954
227.35	954
227.4	954
227.45	954
227.5	954
227.55	954
227.6	954
227.65	954
227.7	954
227.75	954
227.8	954
227.85	954
227.9	954
227.95	954
228	954
228.05	954
228.1	954
228.15	954
228.2	954
228.25	954
228.3	954
228.35	954
228.4	954
228.45	954
228.5	954
228.55	954
228.6	954
228.65	954
228.7	954
228.75	954
228.8	954
228.85	954
228.9	954
228.95	954
229	954
229.05	954
229.1	954
229.15	954
229.2	954
229.25	954
229.3	954
229.35	954
229.4	954
229.45	954
229.5	954
229.55	954
229.6	954
229.65	954
229.7	954
229.75	954
229.8	954
229.85	954
229.9	954
229.95	954
230	954
230.05	954
230.1	954
230.15	954
230.2	954
230.25	954
230.3	954
230.35	954
230.4	954
230.45	954
230.5	954
230.55	954
230.6	954
230.65	954
230.7	954
230.75	954
230.8	954
230.85	954
230.9	954
230.95	954
231	954
231.05	954
231.1	954
231.15	954
231.2	954
231.25	954
231.3	954
231.35	954
231.4	954
231.45	954
231.5	954
231.55	954
231.6	954
231.65	954
231.7	954
231.75	954
231.8	954
231.85	954
231.9	954
231.95	954
232	954
232.05	954
232.1	954
232.15	954
232.2	954
232.25	954
232.3	954
232.35	954
232.4	954
232.45	954
232.5	954
232.55	954
232.6	954
232.65	954
232.7	954
232.75	954
232.8	954
232.85	954
232.9	954
232.95	954
233	954
233.05	954
233.1	954
233.15	954
233.2	954
233.25	954
233.3	954
233.35	954
233.4	954
233.45	954
233.5	954
233.55	954
233.6	954
233.65	954
233.7	954
233.75	954
233.8	954
233.85	954
233.9	954
233.95	954
234	954
234.05	954
234.1	954
234.15	954
234.2	954
234.25	954
234.3	954
234.35	954
234.4	954
234.45	954
234.5	954
234.55	954
234.6	954
234.65	954
234.7	954
234.75	954
234.8	954
234.85	954
234.9	954
234.95	954
235	954
235.05	954
235.1	954
235.15	954
235.2	954
235.25	954
235.3	954
235.35	954
235.4	954
235.45	954
235.5	954
235.55	954
235.6	954
235.65	954
235.7	954
235.75	954
235.8	954
235.85	954
235.9	954
235.95	954
236	954
236.05	954
236.1	954
236.15	954
236.2	954
236.25	954
236.3	954
236.35	954
236.4	954
236.45	954
236.5	954
236.55	954
236.6	954
236.65	954
236.7	954
236.75	954
236.8	954
236.85	954
236.9	954
236.95	954
237	954
237.05	954
237.1	954
237.15	954
237.2	954
237.25	954
237.3	954
237.35	954
237.4	954
237.45	954
237.5	954
237.55	954
237.6	954
237.65	954
237.7	954
237.75	954
237.8	954
237.85	954
237.9	954
237.95	954
238	954
238.05	954
238.1	954
238.15	954
238.2	954
238.25	954
238.3	954
238.35	954
238.4	954
238.45	954
238.5	954
238.55	954
238.6	954
238.65	954
238.7	954
238.75	954
238.8	954
238.85	954
238.9	954
238.95	954
239	954
239.05	954
239.1	954
239.15	954
239.2	954
239.25	954
239.3	954
239.35	954
239.4	954
239.45	954
239.5	954
239.55	954
239.6	954
239.65	954
239.7	954
239.75	954
239.8	954
239.85	954
239.9	954
239.95	954
