# Time(s)	CWND(packets)
0.05	0
0.1	0
0.15	10
0.2	10
0.25	15
0.3	15
0.35	22
0.4	22
0.45	28
0.5	28
0.55	31
0.6	31
0.65	35
0.7	35
0.75	39
0.8	39
0.85	42
0.9	42
0.95	45
1	45
1.05	49
1.1	49
1.15	53
1.2	53
1.25	56
1.3	56
1.35	59
1.4	59
1.45	63
1.5	63
1.55	67
1.6	67
1.65	70
1.7	70
1.75	71
1.8	71
1.85	75
1.9	75
1.95	79
2	79
2.05	80
2.1	80
2.15	81
2.2	81
2.25	85
2.3	85
2.35	89
2.4	89
2.45	90
2.5	90
2.55	91
2.6	91
2.65	95
2.7	95
2.75	99
2.8	99
2.85	100
2.9	100
2.95	101
3	101
3.05	104
3.1	104
3.15	107
3.2	107
3.25	110
3.3	110
3.35	113
3.4	113
3.45	116
3.5	116
3.55	119
3.6	119
3.65	122
3.7	122
3.75	125
3.8	125
3.85	126
3.9	126
3.95	127
4	127
4.05	130
4.1	130
4.15	133
4.2	133
4.25	134
4.3	134
4.35	135
4.4	138
4.45	138
4.5	141
4.55	141
4.6	144
4.65	144
4.7	147
4.75	147
4.8	150
4.85	150
4.9	153
4.95	153
5	156
5.05	156
5.1	159
5.15	159
5.2	162
5.25	162
5.3	165
5.35	165
5.4	168
5.45	168
5.5	171
5.55	171
5.6	174
5.65	174
5.7	177
5.75	177
5.8	180
5.85	180
5.9	183
5.95	183
6	186
6.05	186
6.1	189
6.15	189
6.2	192
6.25	192
6.3	195
6.35	195
6.4	198
6.45	198
6.5	201
6.55	201
6.6	204
6.65	204
6.7	207
6.75	207
6.8	210
6.85	210
6.9	213
6.95	213
7	216
7.05	216
7.1	219
7.15	219
7.2	222
7.25	222
7.3	223
7.35	223
7.4	226
7.45	226
7.5	229
7.55	229
7.6	232
7.65	232
7.7	233
7.75	233
7.8	236
7.85	236
7.9	239
7.95	239
8	242
8.05	242
8.1	243
8.15	243
8.2	243
8.25	243
8.3	242
8.35	242
8.4	239
8.45	239
8.5	238
8.55	238
8.6	239
8.65	239
8.7	242
8.75	242
8.8	243
8.85	243
8.9	243
8.95	243
9	243
9.05	242
9.1	242
9.15	239
9.2	239
9.25	238
9.3	238
9.35	239
9.4	239
9.45	242
9.5	242
9.55	243
9.6	243
9.65	244
9.7	244
9.75	243
9.8	243
9.85	240
9.9	240
9.95	237
10	237
10.05	238
10.1	238
10.15	239
10.2	239
10.25	242
10.3	242
10.35	243
10.4	243
10.45	243
10.5	243
10.55	242
10.6	242
10.65	239
10.7	239
10.75	238
10.8	238
10.85	239
10.9	239
10.95	242
11	242
11.05	245
11.1	245
11.15	245
11.2	245
11.25	244
11.3	244
11.35	239
11.4	239
11.45	236
11.5	236
11.55	237
11.6	237
11.65	240
11.7	240
11.75	241
11.8	241
11.85	242
11.9	242
11.95	243
12	243
12.05	242
12.1	242
12.15	241
12.2	241
12.25	240
12.3	240
12.35	239
12.4	239
12.45	240
12.5	240
12.55	241
12.6	241
12.65	242
12.7	242
12.75	243
12.8	243
12.85	242
12.9	242
12.95	241
13	241
13.05	240
13.1	240
13.15	239
13.2	239
13.25	240
13.3	240
13.35	241
13.4	241
13.45	242
13.5	242
13.55	243
13.6	243
13.65	243
13.7	242
13.75	242
13.8	241
13.85	241
13.9	240
13.95	240
14	239
14.05	239
14.1	240
14.15	240
14.2	241
14.25	241
14.3	242
14.35	242
14.4	243
14.45	243
14.5	242
14.55	242
14.6	241
14.65	241
14.7	240
14.75	240
14.8	239
14.85	239
14.9	240
14.95	240
15	241
15.05	241
15.1	242
15.15	242
15.2	243
15.25	243
15.3	242
15.35	242
15.4	241
15.45	241
15.5	240
15.55	240
15.6	239
15.65	239
15.7	240
15.75	240
15.8	241
15.85	241
15.9	242
15.95	242
16	243
16.05	243
16.1	242
16.15	242
16.2	241
16.25	241
16.3	240
16.35	240
16.4	239
16.45	239
16.5	240
16.55	240
16.6	241
16.65	241
16.7	242
16.75	242
16.8	243
16.85	243
16.9	242
16.95	242
17	241
17.05	241
17.1	240
17.15	240
17.2	239
17.25	239
17.3	240
17.35	240
17.4	241
17.45	241
17.5	242
17.55	242
17.6	242
17.65	242
17.7	241
17.75	241
17.8	240
17.85	240
17.9	239
17.95	239
18	240
18.05	240
18.1	241
18.15	241
18.2	242
18.25	242
18.3	243
18.35	243
18.4	242
18.45	242
18.5	241
18.55	241
18.6	240
18.65	240
18.7	240
18.75	239
18.8	239
18.85	240
18.9	240
18.95	241
19	241
19.05	242
19.1	242
19.15	243
19.2	243
19.25	242
19.3	242
19.35	240
19.4	240
19.45	239
19.5	239
19.55	240
19.6	240
19.65	241
19.7	241
19.75	242
19.8	242
19.85	243
19.9	243
19.95	242
20	242
20.05	241
20.1	241
20.15	240
20.2	240
20.25	239
20.3	239
20.35	240
20.4	240
20.45	241
20.5	241
20.55	242
20.6	242
20.65	243
20.7	243
20.75	242
20.8	242
20.85	241
20.9	241
20.95	240
21	240
21.05	239
21.1	239
21.15	240
21.2	240
21.25	241
21.3	241
21.35	242
21.4	242
21.45	243
21.5	243
21.55	242
21.6	242
21.65	241
21.7	241
21.75	240
21.8	240
21.85	239
21.9	239
21.95	240
22	240
22.05	241
22.1	241
22.15	242
22.2	242
22.25	242
22.3	242
22.35	241
22.4	241
22.45	240
22.5	240
22.55	239
22.6	239
22.65	240
22.7	240
22.75	241
22.8	241
22.85	242
22.9	242
22.95	243
23	243
23.05	242
23.1	242
23.15	241
23.2	241
23.25	240
23.3	240
23.35	239
23.4	239
23.45	240
23.5	240
23.55	241
23.6	241
23.65	242
23.7	242
23.75	242
23.8	242
23.85	241
23.9	241
23.95	240
24	240
24.05	240
24.1	239
24.15	239
24.2	240
24.25	240
24.3	241
24.35	241
24.4	242
24.45	242
24.5	243
24.55	243
24.6	242
24.65	242
24.7	241
24.75	241
24.8	240
24.85	240
24.9	239
24.95	239
25	240
25.05	240
25.1	241
25.15	241
25.2	242
25.25	242
25.3	243
25.35	243
25.4	242
25.45	242
25.5	240
25.55	240
25.6	239
25.65	239
25.7	240
25.75	240
25.8	241
25.85	241
25.9	242
25.95	242
26	243
26.05	243
26.1	242
26.15	242
26.2	241
26.25	241
26.3	240
26.35	240
26.4	239
26.45	239
26.5	240
26.55	240
26.6	241
26.65	241
26.7	242
26.75	242
26.8	243
26.85	243
26.9	242
26.95	242
27	241
27.05	241
27.1	240
27.15	240
27.2	239
27.25	239
27.3	240
27.35	240
27.4	241
27.45	241
27.5	242
27.55	242
27.6	243
27.65	243
27.7	242
27.75	242
27.8	241
27.85	241
27.9	240
27.95	240
28	239
28.05	239
28.1	240
28.15	240
28.2	241
28.25	241
28.3	242
28.35	242
28.4	243
28.45	243
28.5	242
28.55	242
28.6	241
28.65	241
28.7	240
28.75	240
28.8	239
28.85	239
28.9	240
28.95	240
29	241
29.05	241
29.1	242
29.15	242
29.2	243
29.25	243
29.3	243
29.35	242
29.4	242
29.45	241
29.5	241
29.55	240
29.6	240
29.65	239
29.7	239
29.75	240
29.8	240
29.85	241
29.9	241
29.95	242
30	242
30.05	243
30.1	243
30.15	242
30.2	242
30.25	241
30.3	241
30.35	240
30.4	240
30.45	239
30.5	239
30.55	240
30.6	240
30.65	241
30.7	241
30.75	242
30.8	242
30.85	243
30.9	243
30.95	242
31	242
31.05	241
31.1	241
31.15	240
31.2	240
31.25	239
31.3	239
31.35	240
31.4	240
31.45	241
31.5	241
31.55	242
31.6	242
31.65	243
31.7	243
31.75	242
31.8	242
31.85	241
31.9	241
31.95	240
32	240
32.05	239
32.1	239
32.15	240
32.2	240
32.25	241
32.3	241
32.35	242
32.4	242
32.45	243
32.5	243
32.55	242
32.6	242
32.65	241
32.7	241
32.75	240
32.8	240
32.85	239
32.9	239
32.95	240
33	240
33.05	241
33.1	241
33.15	242
33.2	242
33.25	243
33.3	243
33.35	242
33.4	242
33.45	241
33.5	241
33.55	240
33.6	240
33.65	239
33.7	239
33.75	240
33.8	240
33.85	241
33.9	241
33.95	242
34	242
34.05	243
34.1	243
34.15	242
34.2	242
34.25	241
34.3	241
34.35	241
34.4	240
34.45	240
34.5	239
34.55	239
34.6	240
34.65	240
34.7	241
34.75	241
34.8	242
34.85	242
34.9	243
34.95	243
35	242
35.05	242
35.1	241
35.15	241
35.2	240
35.25	240
35.3	239
35.35	239
35.4	240
35.45	240
35.5	241
35.55	241
35.6	242
35.65	242
35.7	243
35.75	243
35.8	242
35.85	242
35.9	241
35.95	241
36	240
36.05	240
36.1	239
36.15	239
36.2	240
36.25	240
36.3	241
36.35	241
36.4	242
36.45	242
36.5	243
36.55	243
36.6	242
36.65	242
36.7	241
36.75	241
36.8	240
36.85	240
36.9	239
36.95	239
37	240
37.05	240
37.1	241
37.15	241
37.2	242
37.25	242
37.3	243
37.35	243
37.4	242
37.45	242
37.5	241
37.55	241
37.6	240
37.65	240
37.7	239
37.75	239
37.8	240
37.85	240
37.9	241
37.95	241
38	242
38.05	242
38.1	243
38.15	243
38.2	242
38.25	242
38.3	241
38.35	241
38.4	240
38.45	240
38.5	239
38.55	239
38.6	240
38.65	240
38.7	241
38.75	241
38.8	242
38.85	242
38.9	242
38.95	242
39	241
39.05	241
39.1	240
39.15	240
39.2	239
39.25	239
39.3	240
39.35	240
39.4	241
39.45	241
39.5	242
39.55	242
39.6	242
39.65	243
39.7	243
39.75	242
39.8	242
39.85	241
39.9	241
39.95	240
40	240
40.05	239
40.1	239
40.15	240
40.2	240
40.25	241
40.3	241
40.35	242
40.4	242
40.45	243
40.5	243
40.55	242
40.6	242
40.65	240
40.7	240
40.75	239
40.8	239
40.85	240
40.9	240
40.95	241
41	241
41.05	242
41.1	242
41.15	243
41.2	243
41.25	242
41.3	242
41.35	241
41.4	241
41.45	240
41.5	240
41.55	239
41.6	239
41.65	240
41.7	240
41.75	241
41.8	241
41.85	242
41.9	242
41.95	243
42	243
42.05	242
42.1	242
42.15	241
42.2	241
42.25	240
42.3	240
42.35	239
42.4	239
42.45	240
42.5	240
42.55	241
42.6	241
42.65	242
42.7	242
42.75	243
42.8	243
42.85	242
42.9	242
42.95	241
43	241
43.05	240
43.1	240
43.15	239
43.2	239
43.25	240
43.3	240
43.35	241
43.4	241
43.45	242
43.5	242
43.55	243
43.6	243
43.65	242
43.7	242
43.75	241
43.8	241
43.85	240
43.9	240
43.95	239
44	239
44.05	240
44.1	240
44.15	241
44.2	241
44.25	242
44.3	242
44.35	243
44.4	243
44.45	242
44.5	242
44.55	241
44.6	241
44.65	241
44.7	240
44.75	240
44.8	239
4