# Time(s)	CWND(packets)
0.05	0
0.1	0
0.15	10
0.2	10
0.25	15
0.3	15
0.35	22
0.4	22
0.45	33
0.5	33
0.55	49
0.6	49
0.65	73
0.7	73
0.75	91
0.8	91
0.85	92
0.9	92
0.95	96
1	96
1.05	100
1.1	100
1.15	104
1.2	104
1.25	108
1.3	108
1.35	112
1.4	112
1.45	116
1.5	116
1.55	120
1.6	120
1.65	124
1.7	124
1.75	128
1.8	128
1.85	132
1.9	132
1.95	136
2	136
2.05	140
2.1	140
2.15	144
2.2	144
2.25	148
2.3	148
2.35	152
2.4	152
2.45	156
2.5	156
2.55	160
2.6	160
2.65	164
2.7	164
2.75	168
2.8	168
2.85	172
2.9	172
2.95	176
3	176
3.05	180
3.1	180
3.15	184
3.2	184
3.25	188
3.3	188
3.35	192
3.4	192
3.45	196
3.5	196
3.55	200
3.6	200
3.65	204
3.7	204
3.75	208
3.8	208
3.85	211
3.9	211
3.95	214
4	214
4.05	218
4.1	218
4.15	222
4.2	222
4.25	226
4.3	226
4.35	230
4.4	230
4.45	233
4.5	233
4.55	236
4.6	236
4.65	239
4.7	239
4.75	242
4.8	242
4.85	246
4.9	246
4.95	249
5	249
5.05	252
5.1	252
5.15	255
5.2	255
5.25	258
5.3	258
5.35	261
5.4	261
5.45	264
5.5	264
5.55	267
5.6	267
5.65	270
5.7	270
5.75	273
5.8	273
5.85	276
5.9	276
5.95	279
6	279
6.05	282
6.1	282
6.15	283
6.2	283
6.25	286
6.3	286
6.35	289
6.4	292
6.45	292
6.5	295
6.55	295
6.6	299
6.65	299
6.7	303
6.75	303
6.8	307
6.85	307
6.9	311
6.95	311
7	315
7.05	315
7.1	319
7.15	319
7.2	323
7.25	323
7.3	327
7.35	327
7.4	331
7.45	331
7.5	335
7.55	335
7.6	339
7.65	339
7.7	343
7.75	343
7.8	346
7.85	346
7.9	349
7.95	349
8	352
8.05	352
8.1	355
8.15	355
8.2	358
8.25	358
8.3	361
8.35	361
8.4	364
8.45	364
8.5	367
8.55	367
8.6	370
8.65	370
8.7	373
8.75	373
8.8	376
8.85	376
8.9	379
8.95	379
9	382
9.05	382
9.1	385
9.15	385
9.2	388
9.25	388
9.3	391
9.35	391
9.4	394
9.45	394
9.5	397
9.55	397
9.6	400
9.65	400
9.7	403
9.75	403
9.8	406
9.85	406
9.9	409
9.95	409
10	412
10.05	412
10.1	415
10.15	415
10.2	418
10.25	418
10.3	421
10.35	421
10.4	424
10.45	424
10.5	427
10.55	427
10.6	430
10.65	430
10.7	433
10.75	433
10.8	436
10.85	436
10.9	439
10.95	439
11	442
11.05	442
11.1	445
11.15	445
11.2	448
11.25	448
11.3	451
11.35	451
11.4	454
11.45	454
11.5	457
11.55	457
11.6	460
11.65	460
11.7	463
11.75	463
11.8	466
11.85	466
11.9	469
11.95	469
12	472
12.05	472
12.1	475
12.15	475
12.2	478
12.25	478
12.3	481
12.35	481
12.4	484
12.45	484
12.5	487
12.55	487
12.6	490
12.65	490
12.7	493
12.75	493
12.8	496
12.85	496
12.9	499
12.95	499
13	502
13.05	502
13.1	505
13.15	505
13.2	508
13.25	508
13.3	511
13.35	511
13.4	514
13.45	514
13.5	517
13.55	517
13.6	520
13.65	520
13.7	523
13.75	523
13.8	526
13.85	526
13.9	529
13.95	529
14	532
14.05	532
14.1	535
14.15	535
14.2	538
14.25	538
14.3	541
14.35	541
14.4	544
14.45	544
14.5	547
14.55	547
14.6	550
14.65	550
14.7	553
14.75	553
14.8	556
14.85	556
14.9	559
14.95	559
15	562
15.05	562
15.1	565
15.15	565
15.2	568
15.25	568
15.3	571
15.35	571
15.4	574
15.45	574
15.5	577
15.55	577
15.6	580
15.65	580
15.7	583
15.75	583
15.8	586
15.85	586
15.9	589
15.95	589
16	592
16.05	592
16.1	595
16.15	595
16.2	598
16.25	598
16.3	601
16.35	601
16.4	601
16.45	601
16.5	600
16.55	600
16.6	596
16.65	596
16.7	594
16.75	594
16.8	597
16.85	597
16.9	600
16.95	600
17	601
17.05	601
17.1	600
17.15	600
17.2	596
17.25	596
17.3	594
17.35	594
17.4	597
17.45	597
17.5	600
17.55	600
17.6	603
17.65	603
17.7	601
17.75	601
17.8	597
17.85	597
17.9	593
17.95	593
18	593
18.05	593
18.1	596
18.15	596
18.2	599
18.25	599
18.3	600
18.35	600
18.4	598
18.45	598
18.5	596
18.55	596
18.6	596
18.65	596
18.7	599
18.75	599
18.8	602
18.85	602
18.9	602
18.95	602
19	599
19.05	599
19.1	595
19.15	595
19.2	595
19.25	593
19.3	593
19.35	596
19.4	596
19.45	599
19.5	599
19.55	599
19.6	599
19.65	598
19.7	598
19.75	596
19.8	596
19.85	596
19.9	596
19.95	599
20	599
20.05	602
20.1	602
20.15	603
20.2	603
20.25	599
20.3	599
20.35	594
20.4	594
20.45	592
20.5	592
20.55	595
20.6	595
20.65	598
20.7	598
20.75	601
20.8	601
20.85	602
20.9	602
20.95	600
21	600
21.05	596
21.1	596
21.15	594
21.2	594
21.25	597
21.3	597
21.35	600
21.4	600
21.45	603
21.5	603
21.55	602
21.6	602
21.65	597
21.7	597
21.75	593
21.8	593
21.85	593
21.9	593
21.95	596
22	596
22.05	599
22.1	599
22.15	599
22.2	599
22.25	598
22.3	598
22.35	596
22.4	596
22.45	596
22.5	596
22.55	599
22.6	599
22.65	602
22.7	602
22.75	602
22.8	602
22.85	598
22.9	598
22.95	594
23	594
23.05	594
23.1	594
23.15	597
23.2	597
23.25	600
23.3	600
23.35	603
23.4	603
23.45	601
23.5	601
23.55	599
23.6	599
23.65	595
23.7	595
23.75	593
23.8	593
23.85	596
23.9	596
23.95	599
24	599
24.05	600
24.1	600
24.15	598
24.2	598
24.25	596
24.3	596
24.35	596
24.4	596
24.45	599
24.5	599
24.55	602
24.6	602
24.65	603
24.7	603
24.75	599
24.8	599
24.85	593
24.9	593
24.95	591
25	591
25.05	594
25.1	594
25.15	597
25.2	597
25.25	597
25.3	597
25.35	598
25.4	598
25.45	598
25.5	598
25.55	598
25.6	598
25.65	598
25.7	598
25.75	598
25.8	598
25.85	598
25.9	598
25.95	598
26	598
26.05	598
26.1	598
26.15	598
26.2	598
26.25	598
26.3	598
26.35	598
26.4	598
26.45	598
26.5	598
26.55	598
26.6	598
26.65	598
26.7	598
26.75	598
26.8	598
26.85	598
26.9	598
26.95	598
27	598
27.05	598
27.1	598
27.15	598
27.2	598
27.25	598
27.3	598
27.35	598
27.4	598
27.45	598
27.5	598
27.55	598
27.6	598
27.65	598
27.7	598
27.75	598
27.8	598
27.85	598
27.9	598
27.95	598
28	598
28.05	598
28.1	598
28.15	598
28.2	598
28.25	598
28.3	598
28.35	598
28.4	598
28.45	598
28.5	598
28.55	598
28.6	598
28.65	598
28.7	598
28.75	598
28.8	598
28.85	598
28.9	598
28.95	598
29	598
29.05	598
29.1	598
29.15	598
29.2	598
29.25	598
29.3	598
29.35	598
29.4	598
29.45	598
29.5	598
29.55	598
29.6	598
29.65	598
29.7	598
29.75	598
29.8	598
29.85	598
29.9	598
29.95	598
30	598
30.05	598
30.1	598
30.15	598
30.2	598
30.25	598
30.3	598
30.35	598
30.4	598
30.45	598
30.5	598
30.55	598
30.6	598
30.65	598
30.7	598
30.75	598
30.8	598
30.85	598
30.9	598
30.95	598
31	598
31.05	598
31.1	598
31.15	598
31.2	598
31.25	598
31.3	598
31.35	598
31.4	598
31.45	598
31.5	598
31.55	598
31.6	598
31.65	598
31.7	598
31.75	598
31.8	598
31.85	598
31.9	598
31.95	598
32	598
32.05	598
32.1	598
32.15	598
32.2	598
32.25	598
32.3	598
32.35	598
32.4	598
32.45	598
32.5	598
32.55	598
32.6	598
32.65	598
32.7	598
32.75	598
32.8	598
32.85	598
32.9	598
32.95	598
33	598
33.05	598
33.1	598
33.15	598
33.2	598
33.25	598
33.3	598
33.35	598
33.4	598
33.45	598
33.5	598
33.55	598
33.6	598
33.65	598
33.7	598
33.75	598
33.8	598
33.85	598
33.9	598
33.95	598
34	598
34.05	598
34.1	598
34.15	598
34.2	598
34.25	598
34.3	598
34.35	598
34.4	598
34.45	598
34.5	598
34.55	598
34.6	598
34.65	598
34.7	598
34.75	598
34.8	598
34.85	598
34.9	598
34.95	598
35	598
35.05	598
35.1	598
35.15	598
35.2	598
35.25	598
35.3	598
35.35	598
35.4	598
35.45	598
35.5	598
35.55	598
35.6	598
35.65	598
35.7	598
35.75	598
35.8	598
35.85	598
35.9	598
35.95	598
36	598
36.05	598
36.1	598
36.15	598
36.2	598
36.25	598
36.3	598
36.35	598
36.4	598
36.45	598
36.5	598
36.55	598
36.6	598
36.65	598
36.7	598
36.75	598
36.8	598
36.85	598
36.9	598
36.95	598
37	598
37.05	598
37.1	598
37.15	598
37.2	598
37.25	598
37.3	598
37.35	598
37.4	598
37.45	598
37.5	598
37.55	598
37.6	598
37.65	598
37.7	598
37.75	598
37.8	598
37.85	598
37.9	598
37.95	598
38	598
38.05	598
38.1	598
38.15	598
38.2	598
38.25	598
38.3	598
38.35	598
38.4	598
38.45	598
38.5	598
38.55	598
38.6	598
38.65	598
38.7	598
38.75	598
38.8	598
38.85	598
38.9	598
38.95	598
39	598
39.05	598
39.1	598
39.15	598
39.2	598
39.25	598
39.3	598
39.35	598
39.4	598
39.45	598
39.5	598
39.55	598
39.6	598
39.65	598
39.7	598
39.75	598
39.8	598
39.85	598
39.9	598
39.95	598
40	598
40.05	598
40.1	598
40.15	598
40.2	598
40.25	598
40.3	598
40.35	598
40.4	598
40.45	598
40.5	598
40.55	598
40.6	598
40.65	598
40.7	598
40.75	598
40.8	598
40.85	598
40.9	598
40.95	598
41	598
41.05	598
41.1	598
41.15	598
41.2	598
41.25	598
41.3	598
41.35	598
41.4	598
41.45	598
41.5	598
41.55	598
41.6	598
41.65	598
41.7	598
41.75	598
41.8	598
41.85	598
41.9	598
41.95	598
42	598
42.05	598
42.1	598
42.15	598
42.2	598
42.25	598
42.3	598
42.35	598
42.4	598
42.45	598
42.5	598
42.55	598
42.6	598
42.65	598
42.7	598
42.75	598
42.8	598
42.85	598
42.9	598
42.95	598
43	598
43.05	598
43.1	598
43.15	598
43.2	598
43.25	598
43.3	598
43.35	598
43.4	598
43.45	598
43.5	598
43.55	598
43.6	598
43.65	598
43.7	598
43.75	598
43.8	598
43.85	598
43.9	598
43.95	598
44	598
44.05	598
44.1	598
44.15	598
44.2	598
44.25	598
44.3	598
44.35	598
44.4	598
44.45	598
44.5	598
44.55	598
44.6	598
44.65	598
44.7	598
44.75	598
44.8	598
44.85	598
44.9	598
44.95	598
45	598
45.05	598
45.1	598
45.15	598
45.2	598
45.25	598
45.3	598
45.35	598
45.4	598
45.45	598
45.5	598
45.55	598
45.6	598
45.65	598
45.7	598
45.75	598
45.8	598
45.85	598
45.9	598
45.95	598
46	598
46.05	598
46.1	598
46.15	598
46.2	598
46.25	598
46.3	598
46.35	598
46.4	598
46.45	598
46.5	598
46.55	598
46.6	598
46.65	598
46.7	598
46.75	598
46.8	598
46.85	598
46.9	598
46.95	598
47	598
47.05	598
47.1	598
47.15	598
47.2	598
47.25	598
47.3	598
47.35	598
47.4	598
47.45	598
47.5	598
47.55	598
47.6	598
47.65	598
47.7	598
47.75	598
47.8	598
47.85	598
47.9	598
47.95	598
48	598
48.05	598
48.1	598
48.15	598
48.2	598
48.25	598
48.3	598
48.35	598
48.4	598
48.45	598
48.5	598
48.55	598
48.6	598
48.65	598
48.7	598
48.75	598
48.8	598
48.85	598
48.9	598
48.95	598
49	598
49.05	598
49.1	598
49.15	598
49.2	598
49.25	598
49.3	598
49.35	598
49.4	598
49.45	598
49.5	598
49.55	598
49.6	598
49.65	598
49.7	598
49.75	598
49.8	598
49.85	598
49.9	598
49.95	598
50	598
50.05	598
50.1	598
50.15	598
50.2	598
50.25	598
50.3	598
50.35	598
50.4	598
50.45	598
50.5	598
50.55	598
50.6	598
50.65	598
50.7	598
50.75	598
50.8	598
50.85	598
50.9	598
50.95	598
51	598
51.05	598
51.1	598
51.15	598
51.2	598
51.25	598
51.3	598
51.35	598
51.4	598
51.45	598
51.5	598
51.55	598
51.6	598
51.65	598
51.7	598
51.75	598
51.8	598
51.85	598
51.9	598
51.95	598
52	598
52.05	598
52.1	598
52.15	598
52.2	598
52.25	598
52.3	598
52.35	598
52.4	598
52.45	598
52.5	598
52.55	598
52.6	598
52.65	598
52.7	598
52.75	598
52.8	598
52.85	598
52.9	598
52.95	598
53	598
53.05	598
53.1	598
53.15	598
53.2	598
53.25	598
53.3	598
53.35	598
53.4	598
53.45	598
53.5	598
53.55	598
53.6	598
53.65	598
53.7	598
53.75	598
53.8	598
53.85	598
53.9	598
53.95	598
54	598
54.05	598
54.1	598
54.15	598
54.2	598
54.25	598
54.3	598
54.35	598
54.4	598
54.45	598
54.5	598
54.55	598
54.6	598
54.65	598
54.7	598
54.75	598
54.8	598
54.85	598
54.9	598
54.95	598
55	598
55.05	598
55.1	598
55.15	598
55.2	598
55.25	598
55.3	598
55.35	598
55.4	598
55.45	598
55.5	598
55.55	598
55.6	598
55.65	598
55.7	598
55.75	598
55.8	598
55.85	598
55.9	598
55.95	598
56	598
56.05	598
56.1	598
56.15	598
56.2	598
56.25	598
56.3	598
56.35	598
56.4	598
56.45	598
56.5	598
56.55	598
56.6	598
56.65	598
56.7	598
56.75	598
56.8	598
56.85	598
56.9	598
56.95	598
57	598
57.05	598
57.1	598
57.15	598
57.2	598
57.25	598
57.3	598
57.35	598
57.4	598
57.45	598
57.5	598
57.55	598
57.6	598
57.65	598
57.7	598
57.75	598
57.8	598
57.85	598
57.9	598
57.95	598
58	598
58.05	598
58.1	598
58.15	598
58.2	598
58.25	598
58.3	598
58.35	598
58.4	598
58.45	598
58.5	598
58.55	598
58.6	598
58.65	598
58.7	598
58.75	598
58.8	598
58.85	598
58.9	598
58.95	598
59	598
59.05	598
59.1	598
59.15	598
59.2	598
59.25	598
59.3	598
59.35	598
59.4	598
59.45	598
59.5	598
59.55	598
59.6	598
59.65	598
59.7	598
59.75	598
59.8	598
59.85	598
59.9	598
59.95	598
60	598
60.05	598
60.1	598
60.15	598
60.2	598
60.25	598
60.3	598
60.35	598
60.4	598
60.45	598
60.5	598
60.55	598
60.6	598
60.65	598
60.7	598
60.75	598
60.8	598
60.85	598
60.9	598
60.95	598
61	598
61.05	598
61.1	598
61.15	598
61.2	598
61.25	598
61.3	598
61.35	598
61.4	598
61.45	598
61.5	598
61.55	598
61.6	598
61.65	598
61.7	598
61.75	598
61.8	598
61.85	598
61.9	598
61.95	598
62	598
62.05	598
62.1	598
62.15	598
62.2	598
62.25	598
62.3	598
62.35	598
62.4	598
62.45	598
62.5	598
62.55	598
62.6	598
62.65	598
62.7	598
62.75	598
62.8	598
62.85	598
62.9	598
62.95	598
63	598
63.05	598
63.1	598
63.15	598
63.2	598
63.25	598
63.3	598
63.35	598
63.4	598
63.45	598
63.5	598
63.55	598
63.6	598
63.65	598
63.7	598
63.75	598
63.8	598
63.85	598
63.9	598
63.95	598
64	598
64.05	598
64.1	598
64.15	598
64.2	598
64.25	598
64.3	598
64.35	598
64.4	598
64.45	598
64.5	598
64.55	598
64.6	598
64.65	598
64.7	598
64.75	598
64.8	598
64.85	598
64.9	598
64.95	598
65	598
65.05	598
65.1	598
65.15	598
65.2	598
65.25	598
65.3	598
65.35	598
65.4	598
65.45	598
65.5	598
65.55	598
65.6	598
65.65	598
65.7	598
65.75	598
65.8	598
65.85	598
65.9	598
65.95	598
66	598
66.05	598
66.1	598
66.15	598
66.2	598
66.25	598
66.3	598
66.35	598
66.4	598
66.45	598
66.5	598
66.55	598
66.6	598
66.65	598
66.7	598
66.75	598
66.8	598
66.85	598
66.9	598
66.95	598
67	598
67.05	598
67.1	598
67.15	598
67.2	598
67.25	598
67.3	598
67.35	598
67.4	598
67.45	598
67.5	598
67.55	598
67.6	598
67.65	598
67.7	598
67.75	598
67.8	598
67.85	598
67.9	598
67.95	598
68	598
68.05	598
68.1	598
68.15	598
68.2	598
68.25	598
68.3	598
68.35	598
68.4	598
68.45	598
68.5	598
68.55	598
68.6	598
68.65	598
68.7	598
68.75	598
68.8	598
68.85	598
68.9	598
68.95	598
69	598
69.05	598
69.1	598
69.15	598
69.2	598
69.25	598
69.3	598
69.35	598
69.4	598
69.45	598
69.5	598
69.55	598
69.6	598
69.65	598
69.7	598
69.75	598
69.8	598
69.85	598
69.9	598
69.95	598
70	598
70.05	598
70.1	598
70.15	598
70.2	598
70.25	598
70.3	598
70.35	598
70.4	598
70.45	598
70.5	598
70.55	598
70.6	598
70.65	598
70.7	598
70.75	598
70.8	598
70.85	598
70.9	598
70.95	598
71	598
71.05	598
71.1	598
71.15	598
71.2	598
71.25	598
71.3	598
71.35	598
71.4	598
71.45	598
71.5	598
71.55	598
71.6	598
71.65	598
71.7	598
71.75	598
71.8	598
71.85	598
71.9	598
71.95	598
72	598
72.05	598
72.1	598
72.15	598
72.2	598
72.25	598
72.3	598
72.35	598
72.4	598
72.45	598
72.5	598
72.55	598
72.6	598
72.65	598
72.7	598
72.75	598
72.8	598
72.85	598
72.9	598
72.95	598
73	598
73.05	598
73.1	598
73.15	598
73.2	598
73.25	598
73.3	598
73.35	598
73.4	598
73.45	598
73.5	598
73.55	598
73.6	598
73.65	598
73.7	598
73.75	598
73.8	598
73.85	598
73.9	598
73.95	598
74	598
74.05	598
74.1	598
74.15	598
74.2	598
74.25	598
74.3	598
74.35	598
74.4	598
74.45	598
74.5	598
74.55	598
74.6	598
74.65	598
74.7	598
74.75	598
74.8	598
74.85	598
74.9	598
74.95	598
75	598
75.05	598
75.1	598
75.15	598
75.2	598
75.25	598
75.3	598
75.35	598
75.4	598
75.45	598
75.5	598
75.55	598
75.6	598
75.65	598
75.7	598
75.75	598
75.8	598
75.85	598
75.9	598
75.95	598
76	598
76.05	598
76.1	598
76.15	598
76.2	598
76.25	598
76.3	598
76.35	598
76.4	598
76.45	598
76.5	598
76.55	598
76.6	598
76.65	598
76.7	598
76.75	598
76.8	598
76.85	598
76.9	598
76.95	598
77	598
77.05	598
77.1	598
77.15	598
77.2	598
77.25	598
77.3	598
77.35	598
77.4	598
77.45	598
77.5	598
77.55	598
77.6	598
77.65	598
77.7	598
77.75	598
77.8	598
77.85	598
77.9	598
77.95	598
78	598
78.05	598
78.1	598
78.15	598
78.2	598
78.25	598
78.3	598
78.35	598
78.4	598
78.45	598
78.5	598
78.55	598
78.6	598
78.65	598
78.7	598
78.75	598
78.8	598
78.85	598
78.9	598
78.95	598
79	598
79.05	598
79.1	598
79.15	598
79.2	598
79.25	598
79.3	598
79.35	598
79.4	598
79.45	598
79.5	598
79.55	598
79.6	598
79.65	598
79.7	598
79.75	598
79.8	598
79.85	598
79.9	598
79.95	598
80	598
80.05	598
80.1	598
80.15	598
80.2	598
80.25	598
80.3	598
80.35	519
80.4	519
80.45	519
80.5	519
80.55	261
80.6	261
80.65	261
80.7	261
80.75	152
80.8	152
80.85	152
80.9	155
80.95	159
81	159
81.05	162
81.1	162
81.15	165
81.2	165
81.25	168
81.3	168
81.35	171
81.4	171
81.45	174
81.5	174
81.55	177
81.6	177
81.65	180
81.7	180
81.75	183
81.8	183
81.85	186
81.9	186
81.95	189
82	189
82.05	192
82.1	192
82.15	195
82.2	195
82.25	198
82.3	198
82.35	201
82.4	201
82.45	204
82.5	204
82.55	207
82.6	207
82.65	210
82.7	210
82.75	213
82.8	213
82.85	216
82.9	216
82.95	219
83	219
83.05	222
83.1	222
83.15	225
83.2	225
83.25	228
83.3	228
83.35	231
83.4	231
83.45	234
83.5	234
83.55	237
83.6	237
83.65	240
83.7	240
83.75	243
83.8	243
83.85	246
83.9	246
83.95	249
84	249
84.05	252
84.1	252
84.15	255
84.2	255
84.25	258
84.3	258
84.35	261
84.4	261
84.45	264
84.5	264
84.55	265
84.6	265
84.65	268
84.7	268
84.75	271
84.8	271
84.85	274
84.9	274
84.95	277
85	277
85.05	280
85.1	280
85.15	283
85.2	283
85.25	286
85.3	286
85.35	289
85.4	289
85.45	292
85.5	292
85.55	293
85.6	293
85.65	296
85.7	296
85.75	299
85.8	299
85.85	302
85.9	302
85.95	303
86	303
86.05	303
86.1	303
86.15	301
86.2	301
86.25	298
86.3	298
86.35	297
86.4	297
86.45	300
86.5	300
86.55	301
86.6	301
86.65	302
86.7	302
86.75	302
86.8	302
86.85	301
86.9	301
86.95	300
87	300
87.05	299
87.1	299
87.15	299
87.2	299
87.25	299
87.3	299
87.35	299
87.4	299
87.45	299
87.5	299
87.55	299
87.6	299
87.65	299
87.7	299
87.75	299
87.8	299
87.85	299
87.9	299
87.95	299
88	299
88.05	299
88.1	299
88.15	299
88.2	299
88.25	299
88.3	299
88.35	299
88.4	299
88.45	299
88.5	299
88.55	299
88.6	299
88.65	299
88.7	299
88.75	299
88.8	299
88.85	299
88.9	299
88.95	299
89	299
89.05	299
89.1	299
89.15	299
89.2	299
89.25	299
89.3	299
89.35	299
89.4	299
89.45	299
89.5	299
89.55	299
89.6	299
89.65	299
89.7	299
89.75	299
89.8	299
89.85	299
89.9	299
89.95	299
90	299
90.05	299
90.1	299
90.15	299
90.2	299
90.25	299
90.3	299
90.35	299
90.4	299
90.45	299
90.5	299
90.55	299
90.6	299
90.65	299
90.7	299
90.75	299
90.8	299
90.85	299
90.9	299
90.95	299
91	299
91.05	299
91.1	299
91.15	299
91.2	299
91.25	299
91.3	299
91.35	299
91.4	299
91.45	299
91.5	299
91.55	299
91.6	299
91.65	299
91.7	299
91.75	299
91.8	299
91.85	299
91.9	299
91.95	299
92	299
92.05	299
92.1	299
92.15	299
92.2	299
92.25	299
92.3	299
92.35	299
92.4	299
92.45	299
92.5	299
92.55	299
92.6	299
92.65	299
92.7	299
92.75	299
92.8	299
92.85	299
92.9	299
92.95	299
93	299
93.05	299
93.1	299
93.15	299
93.2	299
93.25	299
93.3	299
93.35	299
93.4	299
93.45	299
93.5	299
93.55	299
93.6	299
93.65	299
93.7	299
93.75	299
93.8	299
93.85	299
93.9	299
93.95	299
94	299
94.05	299
94.1	299
94.15	299
94.2	299
94.25	299
94.3	299
94.35	299
94.4	299
94.45	299
94.5	299
94.55	299
94.6	299
94.65	299
94.7	299
94.75	299
94.8	299
94.85	299
94.9	299
94.95	299
95	299
95.05	299
95.1	299
95.15	299
95.2	299
95.25	299
95.3	299
95.35	299
95.4	299
95.45	299
95.5	299
95.55	299
95.6	299
95.65	299
95.7	299
95.75	299
95.8	299
95.85	299
95.9	299
95.95	299
96	299
96.05	299
96.1	299
96.15	299
96.2	299
96.25	299
96.3	299
96.35	299
96.4	299
96.45	299
96.5	299
96.55	299
96.6	299
96.65	299
96.7	299
96.75	299
96.8	299
96.85	299
96.9	299
96.95	299
97	299
97.05	299
97.1	299
97.15	299
97.2	299
97.25	299
97.3	299
97.35	299
97.4	299
97.45	299
97.5	299
97.55	299
97.6	299
97.65	299
97.7	299
97.75	299
97.8	299
97.85	299
97.9	299
97.95	299
98	299
98.05	299
98.1	299
98.15	299
98.2	299
98.25	299
98.3	299
98.35	299
98.4	299
98.45	299
98.5	299
98.55	299
98.6	299
98.65	299
98.7	299
98.75	299
98.8	299
98.85	299
98.9	299
98.95	299
99	299
99.05	299
99.1	299
99.15	299
99.2	299
99.25	299
99.3	299
99.35	299
99.4	299
99.45	299
99.5	299
99.55	299
99.6	299
99.65	299
99.7	299
99.75	299
99.8	299
99.85	299
99.9	299
99.95	299
100	299
100.05	299
100.1	299
100.15	299
100.2	299
100.25	299
100.3	299
100.35	299
100.4	299
100.45	299
100.5	299
100.55	299
100.6	299
100.65	299
100.7	299
100.75	299
100.8	299
100.85	299
100.9	299
100.95	299
101	299
101.05	299
101.1	299
101.15	299
101.2	299
101.25	299
101.3	299
101.35	299
101.4	299
101.45	299
101.5	299
101.55	299
101.6	299
101.65	299
101.7	299
101.75	299
101.8	299
101.85	299
101.9	299
101.95	299
102	299
102.05	299
102.1	299
102.15	299
102.2	299
102.25	299
102.3	299
102.35	299
102.4	299
102.45	299
102.5	299
102.55	299
102.6	299
102.65	299
102.7	299
102.75	299
102.8	299
102.85	299
102.9	299
102.95	299
103	299
103.05	299
103.1	299
103.15	299
103.2	299
103.25	299
103.3	299
103.35	299
103.4	299
103.45	299
103.5	299
103.55	299
103.6	299
103.65	299
103.7	299
103.75	299
103.8	299
103.85	299
103.9	299
103.95	299
104	299
104.05	299
104.1	299
104.15	299
104.2	299
104.25	299
104.3	299
104.35	299
104.4	299
104.45	299
104.5	299
104.55	299
104.6	299
104.65	299
104.7	299
104.75	299
104.8	299
104.85	299
104.9	299
104.95	299
105	299
105.05	299
105.1	299
105.15	299
105.2	299
105.25	299
105.3	299
105.35	299
105.4	299
105.45	299
105.5	299
105.55	299
105.6	299
105.65	299
105.7	299
105.75	299
105.8	299
105.85	299
105.9	299
105.95	299
106	299
106.05	299
106.1	299
106.15	299
106.2	299
106.25	299
106.3	299
106.35	299
106.4	299
106.45	299
106.5	299
106.55	299
106.6	299
106.65	299
106.7	299
106.75	299
106.8	299
106.85	299
106.9	299
106.95	299
107	299
107.05	299
107.1	299
107.15	299
107.2	299
107.25	299
107.3	299
107.35	299
107.4	299
107.45	299
107.5	299
107.55	299
107.6	299
107.65	299
107.7	299
107.75	299
107.8	299
107.85	299
107.9	299
107.95	299
108	299
108.05	299
108.1	299
108.15	299
108.2	299
108.25	299
108.3	299
108.35	299
108.4	299
108.45	299
108.5	299
108.55	299
108.6	299
108.65	299
108.7	299
108.75	299
108.8	299
108.85	299
108.9	299
108.95	299
109	299
109.05	299
109.1	299
109.15	299
109.2	299
109.25	299
109.3	299
109.35	299
109.4	299
109.45	299
109.5	299
109.55	299
109.6	299
109.65	299
109.7	299
109.75	299
109.8	299
109.85	299
109.9	299
109.95	299
110	299
110.05	299
110.1	299
110.15	299
110.2	299
110.25	299
110.3	299
110.35	299
110.4	299
110.45	299
110.5	299
110.55	299
110.6	299
110.65	299
110.7	299
110.75	299
110.8	299
110.85	299
110.9	299
110.95	299
111	299
111.05	299
111.1	299
111.15	299
111.2	299
111.25	299
111.3	299
111.35	299
111.4	299
111.45	299
111.5	299
111.55	299
111.6	299
111.65	299
111.7	299
111.75	299
111.8	299
111.85	299
111.9	299
111.95	299
112	299
112.05	299
112.1	299
112.15	299
112.2	299
112.25	299
112.3	299
112.35	299
112.4	299
112.45	299
112.5	299
112.55	299
112.6	299
112.65	299
112.7	299
112.75	299
112.8	299
112.85	299
112.9	299
112.95	299
113	299
113.05	299
113.1	299
113.15	299
113.2	299
113.25	299
113.3	299
113.35	299
113.4	299
113.45	299
113.5	299
113.55	299
113.6	299
113.65	299
113.7	299
113.75	299
113.8	299
113.85	299
113.9	299
113.95	299
114	299
114.05	299
114.1	299
114.15	299
114.2	299
114.25	299
114.3	299
114.35	299
114.4	299
114.45	299
114.5	299
114.55	299
114.6	299
114.65	299
114.7	299
114.75	299
114.8	299
114.85	299
114.9	299
114.95	299
115	299
115.05	299
115.1	299
115.15	299
115.2	299
115.25	299
115.3	299
115.35	299
115.4	299
115.45	299
115.5	299
115.55	299
115.6	299
115.65	299
115.7	299
115.75	299
115.8	299
115.85	299
115.9	299
115.95	299
116	299
116.05	299
116.1	299
116.15	299
116.2	299
116.25	299
116.3	299
116.35	299
116.4	299
116.45	299
116.5	299
116.55	299
116.6	299
116.65	299
116.7	299
116.75	299
116.8	299
116.85	299
116.9	299
116.95	299
117	299
117.05	299
117.1	299
117.15	299
117.2	299
117.25	299
117.3	299
117.35	299
117.4	299
117.45	299
117.5	299
117.55	299
117.6	299
117.65	299
117.7	299
117.75	299
117.8	299
117.85	299
117.9	299
117.95	299
118	299
118.05	299
118.1	299
118.15	299
118.2	299
118.25	299
118.3	299
118.35	299
118.4	299
118.45	299
118.5	299
118.55	299
118.6	299
118.65	299
118.7	299
118.75	299
118.8	299
118.85	299
118.9	299
118.95	299
119	299
119.05	299
119.1	299
119.15	299
119.2	299
119.25	299
119.3	299
119.35	299
119.4	299
119.45	299
119.5	299
119.55	299
119.6	299
119.65	299
119.7	299
119.75	299
119.8	299
119.85	299
119.9	299
119.95	299
120	299
120.05	299
120.1	299
120.15	299
120.2	299
120.25	299
120.3	299
120.35	299
120.4	299
120.45	299
120.5	299
120.55	299
120.6	299
120.65	299
120.7	299
120.75	299
120.8	299
120.85	299
120.9	299
120.95	299
121	299
121.05	299
121.1	299
121.15	299
121.2	299
121.25	299
121.3	299
121.35	299
121.4	299
121.45	299
121.5	299
121.55	299
121.6	299
121.65	299
121.7	299
121.75	299
121.8	299
121.85	299
121.9	299
121.95	299
122	299
122.05	299
122.1	299
122.15	299
122.2	299
122.25	299
122.3	299
122.35	299
122.4	299
122.45	299
122.5	299
122.55	299
122.6	299
122.65	299
122.7	299
122.75	299
122.8	299
122.85	299
122.9	299
122.95	299
123	299
123.05	299
123.1	299
123.15	299
123.2	299
123.25	299
123.3	299
123.35	299
123.4	299
123.45	299
123.5	299
123.55	299
123.6	299
123.65	299
123.7	299
123.75	299
123.8	299
123.85	299
123.9	299
123.95	299
124	299
124.05	299
124.1	299
124.15	299
124.2	299
124.25	299
124.3	299
124.35	299
124.4	299
124.45	299
124.5	299
124.55	299
124.6	299
124.65	299
124.7	299
124.75	299
124.8	299
124.85	299
124.9	299
124.95	299
125	299
125.05	299
125.1	299
125.15	299
125.2	299
125.25	299
125.3	299
125.35	299
125.4	299
125.45	299
125.5	299
125.55	299
125.6	299
125.65	299
125.7	299
125.75	299
125.8	299
125.85	299
125.9	299
125.95	299
126	299
126.05	299
126.1	299
126.15	299
126.2	299
126.25	299
126.3	299
126.35	299
126.4	299
126.45	299
126.5	299
126.55	299
126.6	299
126.65	299
126.7	299
126.75	299
126.8	299
126.85	299
126.9	299
126.95	299
127	299
127.05	299
127.1	299
127.15	299
127.2	299
127.25	299
127.3	299
127.35	299
127.4	299
127.45	299
127.5	299
127.55	299
127.6	299
127.65	299
127.7	299
127.75	299
127.8	299
127.85	299
127.9	299
127.95	299
128	299
128.05	299
128.1	299
128.15	299
128.2	299
128.25	299
128.3	299
128.35	299
128.4	299
128.45	299
128.5	299
128.55	299
128.6	299
128.65	299
128.7	299
128.75	299
128.8	299
128.85	299
128.9	299
128.95	299
129	299
129.05	299
129.1	299
129.15	299
129.2	299
129.25	299
129.3	299
129.35	299
129.4	299
129.45	299
129.5	299
129.55	299
129.6	299
129.65	299
129.7	299
129.75	299
129.8	299
129.85	299
129.9	299
129.95	299
130	299
130.05	299
130.1	299
130.15	299
130.2	299
130.25	299
130.3	299
130.35	299
130.4	299
130.45	299
130.5	299
130.55	299
130.6	299
130.65	299
130.7	299
130.75	299
130.8	299
130.85	299
130.9	299
130.95	299
131	299
131.05	299
131.1	299
131.15	299
131.2	299
131.25	299
131.3	299
131.35	299
131.4	299
131.45	299
131.5	299
131.55	299
131.6	299
131.65	299
131.7	299
131.75	299
131.8	299
131.85	299
131.9	299
131.95	299
132	299
132.05	299
132.1	299
132.15	299
132.2	299
132.25	299
132.3	299
132.35	299
132.4	299
132.45	299
132.5	299
132.55	299
132.6	299
132.65	299
132.7	299
132.75	299
132.8	299
132.85	299
132.9	299
132.95	299
133	299
133.05	299
133.1	299
133.15	299
133.2	299
133.25	299
133.3	299
133.35	299
133.4	299
133.45	299
133.5	299
133.55	299
133.6	299
133.65	299
133.7	299
133.75	299
133.8	299
133.85	299
133.9	299
133.95	299
134	299
134.05	299
134.1	299
134.15	299
134.2	299
134.25	299
134.3	299
134.35	299
134.4	299
134.45	299
134.5	299
134.55	299
134.6	299
134.65	299
134.7	299
134.75	299
134.8	299
134.85	299
134.9	299
134.95	299
135	299
135.05	299
135.1	299
135.15	299
135.2	299
135.25	299
135.3	299
135.35	299
135.4	299
135.45	299
135.5	299
135.55	299
135.6	299
135.65	299
135.7	299
135.75	299
135.8	299
135.85	299
135.9	299
135.95	299
136	299
136.05	299
136.1	299
136.15	299
136.2	299
136.25	299
136.3	299
136.35	299
136.4	299
136.45	299
136.5	299
136.55	299
136.6	299
136.65	299
136.7	299
136.75	299
136.8	299
136.85	299
136.9	299
136.95	299
137	299
137.05	299
137.1	299
137.15	299
137.2	299
137.25	299
137.3	299
137.35	299
137.4	299
137.45	299
137.5	299
137.55	299
137.6	299
137.65	299
137.7	299
137.75	299
137.8	299
137.85	299
137.9	299
137.95	299
138	299
138.05	299
138.1	299
138.15	299
138.2	299
138.25	299
138.3	299
138.35	299
138.4	299
138.45	299
138.5	299
138.55	299
138.6	299
138.65	299
138.7	299
138.75	299
138.8	299
138.85	299
138.9	299
138.95	299
139	299
139.05	299
139.1	299
139.15	299
139.2	299
139.25	299
139.3	299
139.35	299
139.4	299
139.45	299
139.5	299
139.55	299
139.6	299
139.65	299
139.7	299
139.75	299
139.8	299
139.85	299
139.9	299
139.95	299
140	299
140.05	299
140.1	299
140.15	299
140.2	299
140.25	299
140.3	299
140.35	299
140.4	299
140.45	299
140.5	299
140.55	299
140.6	299
140.65	299
140.7	299
140.75	299
140.8	299
140.85	299
140.9	299
140.95	299
141	299
141.05	299
141.1	299
141.15	299
141.2	299
141.25	299
141.3	299
141.35	299
141.4	299
141.45	299
141.5	299
141.55	299
141.6	299
141.65	299
141.7	299
141.75	299
141.8	299
141.85	299
141.9	299
141.95	299
142	299
142.05	299
142.1	299
142.15	299
142.2	299
142.25	299
142.3	299
142.35	299
142.4	299
142.45	299
142.5	299
142.55	299
142.6	299
142.65	299
142.7	299
142.75	299
142.8	299
142.85	299
142.9	299
142.95	299
143	299
143.05	299
143.1	299
143.15	299
143.2	299
143.25	299
143.3	299
143.35	299
143.4	299
143.45	299
143.5	299
143.55	299
143.6	299
143.65	299
143.7	299
143.75	299
143.8	299
143.85	299
143.9	299
143.95	299
144	299
144.05	299
144.1	299
144.15	299
144.2	299
144.25	299
144.3	299
144.35	299
144.4	299
144.45	299
144.5	299
144.55	299
144.6	299
144.65	299
144.7	299
144.75	299
144.8	299
144.85	299
144.9	299
144.95	299
145	299
145.05	299
145.1	299
145.15	299
145.2	299
145.25	299
145.3	299
145.35	299
145.4	299
145.45	299
145.5	299
145.55	299
145.6	299
145.65	299
145.7	299
145.75	299
145.8	299
145.85	299
145.9	299
145.95	299
146	299
146.05	299
146.1	299
146.15	299
146.2	299
146.25	299
146.3	299
146.35	299
146.4	299
146.45	299
146.5	299
146.55	299
146.6	299
146.65	299
146.7	299
146.75	299
146.8	299
146.85	299
146.9	299
146.95	299
147	299
147.05	299
147.1	299
147.15	299
147.2	299
147.25	299
147.3	299
147.35	299
147.4	299
147.45	299
147.5	299
147.55	299
147.6	299
147.65	299
147.7	299
147.75	299
147.8	299
147.85	299
147.9	299
147.95	299
148	299
148.05	299
148.1	299
148.15	299
148.2	299
148.25	299
148.3	299
148.35	299
148.4	299
148.45	299
148.5	299
148.55	299
148.6	299
148.65	299
148.7	299
148.75	299
148.8	299
148.85	299
148.9	299
148.95	299
149	299
149.05	299
149.1	299
149.15	299
149.2	299
149.25	299
149.3	299
149.35	299
149.4	299
149.45	299
149.5	299
149.55	299
149.6	299
149.65	299
149.7	299
149.75	299
149.8	299
149.85	299
149.9	299
149.95	299
150	299
150.05	299
150.1	299
150.15	299
150.2	299
150.25	299
150.3	299
150.35	299
150.4	299
150.45	299
150.5	299
150.55	299
150.6	299
150.65	299
150.7	299
150.75	299
150.8	299
150.85	299
150.9	299
150.95	299
151	299
151.05	299
151.1	299
151.15	299
151.2	299
151.25	299
151.3	299
151.35	299
151.4	299
151.45	299
151.5	299
151.55	299
151.6	299
151.65	299
151.7	299
151.75	299
151.8	299
151.85	299
151.9	299
151.95	299
152	299
152.05	299
152.1	299
152.15	299
152.2	299
152.25	299
152.3	299
152.35	299
152.4	299
152.45	299
152.5	299
152.55	299
152.6	299
152.65	299
152.7	299
152.75	299
152.8	299
152.85	299
152.9	299
152.95	299
153	299
153.05	299
153.1	299
153.15	299
153.2	299
153.25	299
153.3	299
153.35	299
153.4	299
153.45	299
153.5	299
153.55	299
153.6	299
153.65	299
153.7	299
153.75	299
153.8	299
153.85	299
153.9	299
153.95	299
154	299
154.05	299
154.1	299
154.15	299
154.2	299
154.25	299
154.3	299
154.35	299
154.4	299
154.45	299
154.5	299
154.55	299
154.6	299
154.65	299
154.7	299
154.75	299
154.8	299
154.85	299
154.9	299
154.95	299
155	299
155.05	299
155.1	299
155.15	299
155.2	299
155.25	299
155.3	299
155.35	299
155.4	299
155.45	299
155.5	299
155.55	299
155.6	299
155.65	299
155.7	299
155.75	299
155.8	299
155.85	299
155.9	299
155.95	299
156	299
156.05	299
156.1	299
156.15	299
156.2	299
156.25	299
156.3	299
156.35	299
156.4	299
156.45	299
156.5	299
156.55	299
156.6	299
156.65	299
156.7	299
156.75	299
156.8	299
156.85	299
156.9	299
156.95	299
157	299
157.05	299
157.1	299
157.15	299
157.2	299
157.25	299
157.3	299
157.35	299
157.4	299
157.45	299
157.5	299
157.55	299
157.6	299
157.65	299
157.7	299
157.75	299
157.8	299
157.85	299
157.9	299
157.95	299
158	299
158.05	299
158.1	299
158.15	299
158.2	299
158.25	299
158.3	299
158.35	299
158.4	299
158.45	299
158.5	299
158.55	299
158.6	299
158.65	299
158.7	299
158.75	299
158.8	299
158.85	299
158.9	299
158.95	299
159	299
159.05	299
159.1	299
159.15	299
159.2	299
159.25	299
159.3	299
159.35	299
159.4	299
159.45	299
159.5	299
159.55	299
159.6	299
159.65	299
159.7	299
159.75	299
159.8	299
159.85	299
159.9	299
159.95	299
160	299
160.05	299
160.1	299
160.15	299
160.2	299
160.25	302
160.3	302
160.35	305
160.4	305
160.45	309
160.5	309
160.55	313
160.6	313
160.65	314
160.7	314
160.75	317
160.8	317
160.85	321
160.9	321
160.95	324
161	324
161.05	325
161.1	325
161.15	329
161.2	329
161.25	332
161.3	332
161.35	333
161.4	333
161.45	337
161.5	337
161.55	340
161.6	340
161.65	341
161.7	341
161.75	345
161.8	345
161.85	348
161.9	348
161.95	349
162	349
162.05	353
162.1	353
162.15	356
162.2	356
162.25	357
162.3	357
162.35	360
162.4	360
162.45	363
162.5	363
162.55	366
162.6	366
162.65	369
162.7	369
162.75	372
162.8	372
162.85	375
162.9	375
162.95	378
163	378
163.05	381
163.1	381
163.15	384
163.2	384
163.25	387
163.3	387
163.35	390
163.4	390
163.45	393
163.5	393
163.55	396
163.6	396
163.65	399
163.7	399
163.75	402
163.8	402
163.85	405
163.9	405
163.95	408
164	408
164.05	411
164.1	411
164.15	414
164.2	414
164.25	417
164.3	417
164.35	420
164.4	420
164.45	423
164.5	423
164.55	426
164.6	426
164.65	429
164.7	429
164.75	432
164.8	432
164.85	435
164.9	435
164.95	438
165	438
165.05	441
165.1	441
165.15	444
165.2	444
165.25	447
165.3	447
165.35	450
165.4	450
165.45	453
165.5	453
165.55	456
165.6	456
165.65	459
165.7	459
165.75	462
165.8	462
165.85	465
165.9	465
165.95	468
166	468
166.05	471
166.1	471
166.15	474
166.2	474
166.25	475
166.3	475
166.35	478
166.4	478
166.45	481
166.5	481
166.55	484
166.6	484
166.65	487
166.7	487
166.75	490
166.8	490
166.85	491
166.9	491
166.95	494
167	494
167.05	497
167.1	497
167.15	500
167.2	500
167.25	503
167.3	503
167.35	506
167.4	506
167.45	509
167.5	509
167.55	512
167.6	512
167.65	515
167.7	515
167.75	518
167.8	518
167.85	521
167.9	521
167.95	524
168	524
168.05	527
168.1	527
168.15	530
168.2	530
168.25	531
168.3	531
168.35	534
168.4	534
168.45	535
168.5	535
168.55	538
168.6	538
168.65	541
168.7	541
168.75	544
168.8	544
168.85	547
168.9	547
168.95	550
169	550
169.05	551
169.1	551
169.15	554
169.2	554
169.25	557
169.3	557
169.35	560
169.4	560
169.45	563
169.5	563
169.55	566
169.6	566
169.65	567
169.7	567
169.75	570
169.8	570
169.85	571
169.9	571
169.95	574
170	574
170.05	575
170.1	575
170.15	578
170.2	578
170.25	578
170.3	578
170.35	581
170.4	584
170.45	584
170.5	584
170.55	587
170.6	590
170.65	590
170.7	590
170.75	593
170.8	596
170.85	596
170.9	597
170.95	597
171	597
171.05	600
171.1	600
171.15	600
171.2	600
171.25	600
171.3	600
171.35	598
171.4	598
171.45	596
171.5	596
171.55	596
171.6	596
171.65	599
171.7	599
171.75	602
171.8	602
171.85	603
171.9	603
171.95	599
172	599
172.05	594
172.1	594
172.15	592
172.2	592
172.25	595
172.3	595
172.35	598
172.4	598
172.45	601
172.5	601
172.55	604
172.6	604
172.65	602
172.7	602
172.75	598
172.8	598
172.85	594
172.9	594
172.95	594
173	594
173.05	597
173.1	597
173.15	600
173.2	600
173.25	603
173.3	603
173.35	601
173.4	601
173.45	598
173.5	598
173.55	594
173.6	594
173.65	594
173.7	594
173.75	597
173.8	597
173.85	600
173.9	600
173.95	603
174	603
174.05	601
174.1	601
174.15	598
174.2	598
174.25	594
174.3	594
174.35	594
174.4	594
174.45	597
174.5	597
174.55	600
174.6	600
174.65	601
174.7	601
174.75	600
174.8	600
174.85	596
174.9	596
174.95	594
175	594
175.05	597
175.1	597
175.15	600
175.2	600
175.25	601
175.3	601
175.35	600
175.4	600
175.45	596
175.5	596
175.55	594
175.6	594
175.65	597
175.7	597
175.75	600
175.8	600
175.85	601
175.9	601
175.95	599
176	599
176.05	596
176.1	596
176.15	594
176.2	594
176.25	597
176.3	597
176.35	600
176.4	600
176.45	603
176.5	603
176.55	601
176.6	601
176.65	598
176.7	598
176.75	594
176.8	594
176.85	594
176.9	594
176.95	597
177	597
177.05	600
177.1	600
177.15	603
177.2	603
177.25	601
177.3	601
177.35	598
177.4	598
177.45	594
177.5	594
177.55	594
177.6	594
177.65	597
177.7	597
177.75	600
177.8	600
177.85	601
177.9	601
177.95	600
178	600
178.05	596
178.1	596
178.15	594
178.2	594
178.25	597
178.3	597
178.35	600
178.4	600
178.45	603
178.5	603
178.55	602
178.6	602
178.65	597
178.7	597
178.75	597
178.8	593
178.85	593
178.9	593
178.95	593
179	596
179.05	596
179.1	599
179.15	599
179.2	599
179.25	599
179.3	598
179.35	598
179.4	596
179.45	596
179.5	596
179.55	596
179.6	599
179.65	599
179.7	602
179.75	602
179.8	602
179.85	602
179.9	600
179.95	600
180	596
180.05	596
180.1	594
180.15	594
180.2	597
180.25	597
180.3	600
180.35	600
180.4	601
180.45	601
180.5	600
180.55	600
180.6	596
180.65	596
180.7	594
180.75	594
180.8	597
180.85	597
180.9	600
180.95	600
181	603
181.05	603
181.1	601
181.15	601
181.2	599
181.25	599
181.3	595
181.35	595
181.4	593
181.45	593
181.5	596
181.55	596
181.6	599
181.65	599
181.7	600
181.75	600
181.8	598
181.85	598
181.9	596
181.95	596
182	596
182.05	596
182.1	599
182.15	599
182.2	602
182.25	602
182.3	603
182.35	603
182.4	599
182.45	599
182.5	593
182.55	593
182.6	591
182.65	591
182.7	594
182.75	594
182.8	597
182.85	597
182.9	597
182.95	597
183	598
183.05	598
183.1	598
183.15	598
183.2	598
183.25	598
183.3	598
183.35	598
183.4	598
183.45	598
183.5	598
183.55	598
183.6	598
183.65	598
183.7	598
183.75	598
183.8	598
183.85	598
183.9	598
183.95	598
184	598
184.05	598
184.1	598
184.15	598
184.2	598
184.25	598
184.3	598
184.35	598
184.4	598
184.45	598
184.5	598
184.55	598
184.6	598
184.65	598
184.7	598
184.75	598
184.8	598
184.85	598
184.9	598
184.95	598
185	598
185.05	598
185.1	598
185.15	598
185.2	598
185.25	598
185.3	598
185.35	598
185.4	598
185.45	598
185.5	598
185.55	598
185.6	598
185.65	598
185.7	598
185.75	598
185.8	598
185.85	598
185.9	598
185.95	598
186	598
186.05	598
186.1	598
186.15	598
186.2	598
186.25	598
186.3	598
186.35	598
186.4	598
186.45	598
186.5	598
186.55	598
186.6	598
186.65	598
186.7	598
186.75	598
186.8	598
186.85	598
186.9	598
186.95	598
187	598
187.05	598
187.1	598
187.15	598
187.2	598
187.25	598
187.3	598
187.35	598
187.4	598
187.45	598
187.5	598
187.55	598
187.6	598
187.65	598
187.7	598
187.75	598
187.8	598
187.85	598
187.9	598
187.95	598
188	598
188.05	598
188.1	598
188.15	598
188.2	598
188.25	598
188.3	598
188.35	598
188.4	598
188.45	598
188.5	598
188.55	598
188.6	598
188.65	598
188.7	598
188.75	598
188.8	598
188.85	598
188.9	598
188.95	598
189	598
189.05	598
189.1	598
189.15	598
189.2	598
189.25	598
189.3	598
189.35	598
189.4	598
189.45	598
189.5	598
189.55	598
189.6	598
189.65	598
189.7	598
189.75	598
189.8	598
189.85	598
189.9	598
189.95	598
190	598
190.05	598
190.1	598
190.15	598
190.2	598
190.25	598
190.3	598
190.35	598
190.4	598
190.45	598
190.5	598
190.55	598
190.6	598
190.65	598
190.7	598
190.75	598
190.8	598
190.85	598
190.9	598
190.95	598
191	598
191.05	598
191.1	598
191.15	598
191.2	598
191.25	598
191.3	598
191.35	598
191.4	598
191.45	598
191.5	598
191.55	598
191.6	598
191.65	598
191.7	598
191.75	598
191.8	598
191.85	598
191.9	598
191.95	598
192	598
192.05	598
192.1	598
192.15	598
192.2	598
192.25	598
192.3	598
192.35	598
192.4	598
192.45	598
192.5	598
192.55	598
192.6	598
192.65	598
192.7	598
192.75	598
192.8	598
192.85	598
192.9	598
192.95	598
193	598
193.05	598
193.1	598
193.15	598
193.2	598
193.25	598
193.3	598
193.35	598
193.4	598
193.45	598
193.5	598
193.55	598
193.6	598
193.65	598
193.7	598
193.75	598
193.8	598
193.85	598
193.9	598
193.95	598
194	598
194.05	598
194.1	598
194.15	598
194.2	598
194.25	598
194.3	598
194.35	598
194.4	598
194.45	598
194.5	598
194.55	598
194.6	598
194.65	598
194.7	598
194.75	598
194.8	598
194.85	598
194.9	598
194.95	598
195	598
195.05	598
195.1	598
195.15	598
195.2	598
195.25	598
195.3	598
195.35	598
195.4	598
195.45	598
195.5	598
195.55	598
195.6	598
195.65	598
195.7	598
195.75	598
195.8	598
195.85	598
195.9	598
195.95	598
196	598
196.05	598
196.1	598
196.15	598
196.2	598
196.25	598
196.3	598
196.35	598
196.4	598
196.45	598
196.5	598
196.55	598
196.6	598
196.65	598
196.7	598
196.75	598
196.8	598
196.85	598
196.9	598
196.95	598
197	598
197.05	598
197.1	598
197.15	598
197.2	598
197.25	598
197.3	598
197.35	598
197.4	598
197.45	598
197.5	598
197.55	598
197.6	598
197.65	598
197.7	598
197.75	598
197.8	598
197.85	598
197.9	598
197.95	598
198	598
198.05	598
198.1	598
198.15	598
198.2	598
198.25	598
198.3	598
198.35	598
198.4	598
198.45	598
198.5	598
198.55	598
198.6	598
198.65	598
198.7	598
198.75	598
198.8	598
198.85	598
198.9	598
198.95	598
199	598
199.05	598
199.1	598
199.15	598
199.2	598
199.25	598
199.3	598
199.35	598
199.4	598
199.45	598
199.5	598
199.55	598
199.6	598
199.65	598
199.7	598
199.75	598
199.8	598
199.85	598
199.9	598
199.95	598
200	598
200.05	598
200.1	598
200.15	598
200.2	598
200.25	598
200.3	598
200.35	598
200.4	598
200.45	598
200.5	598
200.55	598
200.6	598
200.65	598
200.7	598
200.75	598
200.8	598
200.85	598
200.9	598
200.95	598
201	598
201.05	598
201.1	598
201.15	598
201.2	598
201.25	598
201.3	598
201.35	598
201.4	598
201.45	598
201.5	598
201.55	598
201.6	598
201.65	598
201.7	598
201.75	598
201.8	598
201.85	598
201.9	598
201.95	598
202	598
202.05	598
202.1	598
202.15	598
202.2	598
202.25	598
202.3	598
202.35	598
202.4	598
202.45	598
202.5	598
202.55	598
202.6	598
202.65	598
202.7	598
202.75	598
202.8	598
202.85	598
202.9	598
202.95	598
203	598
203.05	598
203.1	598
203.15	598
203.2	598
203.25	598
203.3	598
203.35	598
203.4	598
203.45	598
203.5	598
203.55	598
203.6	598
203.65	598
203.7	598
203.75	598
203.8	598
203.85	598
203.9	598
203.95	598
204	598
204.05	598
204.1	598
204.15	598
204.2	598
204.25	598
204.3	598
204.35	598
204.4	598
204.45	598
204.5	598
204.55	598
204.6	598
204.65	598
204.7	598
204.75	598
204.8	598
204.85	598
204.9	598
204.95	598
205	598
205.05	598
205.1	598
205.15	598
205.2	598
205.25	598
205.3	598
205.35	598
205.4	598
205.45	598
205.5	598
205.55	598
205.6	598
205.65	598
205.7	598
205.75	598
205.8	598
205.85	598
205.9	598
205.95	598
206	598
206.05	598
206.1	598
206.15	598
206.2	598
206.25	598
206.3	598
206.35	598
206.4	598
206.45	598
206.5	598
206.55	598
206.6	598
206.65	598
206.7	598
206.75	598
206.8	598
206.85	598
206.9	598
206.95	598
207	598
207.05	598
207.1	598
207.15	598
207.2	598
207.25	598
207.3	598
207.35	598
207.4	598
207.45	598
207.5	598
207.55	598
207.6	598
207.65	598
207.7	598
207.75	598
207.8	598
207.85	598
207.9	598
207.95	598
208	598
208.05	598
208.1	598
208.15	598
208.2	598
208.25	598
208.3	598
208.35	598
208.4	598
208.45	598
208.5	598
208.55	598
208.6	598
208.65	598
208.7	598
208.75	598
208.8	598
208.85	598
208.9	598
208.95	598
209	598
209.05	598
209.1	598
209.15	598
209.2	598
209.25	598
209.3	598
209.35	598
209.4	598
209.45	598
209.5	598
209.55	598
209.6	598
209.65	598
209.7	598
209.75	598
209.8	598
209.85	598
209.9	598
209.95	598
210	598
210.05	598
210.1	598
210.15	598
210.2	598
210.25	598
210.3	598
210.35	598
210.4	598
210.45	598
210.5	598
210.55	598
210.6	598
210.65	598
210.7	598
210.75	598
210.8	598
210.85	598
210.9	598
210.95	598
211	598
211.05	598
211.1	598
211.15	598
211.2	598
211.25	598
211.3	598
211.35	598
211.4	598
211.45	598
211.5	598
211.55	598
211.6	598
211.65	598
211.7	598
211.75	598
211.8	598
211.85	598
211.9	598
211.95	598
212	598
212.05	598
212.1	598
212.15	598
212.2	598
212.25	598
212.3	598
212.35	598
212.4	598
212.45	598
212.5	598
212.55	598
212.6	598
212.65	598
212.7	598
212.75	598
212.8	598
212.85	598
212.9	598
212.95	598
213	598
213.05	598
213.1	598
213.15	598
213.2	598
213.25	598
213.3	598
213.35	598
213.4	598
213.45	598
213.5	598
213.55	598
213.6	598
213.65	598
213.7	598
213.75	598
213.8	598
213.85	598
213.9	598
213.95	598
214	598
214.05	598
214.1	598
214.15	598
214.2	598
214.25	598
214.3	598
214.35	598
214.4	598
214.45	598
214.5	598
214.55	598
214.6	598
214.65	598
214.7	598
214.75	598
214.8	598
214.85	598
214.9	598
214.95	598
215	598
215.05	598
215.1	598
215.15	598
215.2	598
215.25	598
215.3	598
215.35	598
215.4	598
215.45	598
215.5	598
215.55	598
215.6	598
215.65	598
215.7	598
215.75	598
215.8	598
215.85	598
215.9	598
215.95	598
216	598
216.05	598
216.1	598
216.15	598
216.2	598
216.25	598
216.3	598
216.35	598
216.4	598
216.45	598
216.5	598
216.55	598
216.6	598
216.65	598
216.7	598
216.75	598
216.8	598
216.85	598
216.9	598
216.95	598
217	598
217.05	598
217.1	598
217.15	598
217.2	598
217.25	598
217.3	598
217.35	598
217.4	598
217.45	598
217.5	598
217.55	598
217.6	598
217.65	598
217.7	598
217.75	598
217.8	598
217.85	598
217.9	598
217.95	598
218	598
218.05	598
218.1	598
218.15	598
218.2	598
218.25	598
218.3	598
218.35	598
218.4	598
218.45	598
218.5	598
218.55	598
218.6	598
218.65	598
218.7	598
218.75	598
218.8	598
218.85	598
218.9	598
218.95	598
219	598
219.05	598
219.1	598
219.15	598
219.2	598
219.25	598
219.3	598
219.35	598
219.4	598
219.45	598
219.5	598
219.55	598
219.6	598
219.65	598
219.7	598
219.75	598
219.8	598
219.85	598
219.9	598
219.95	598
220	598
220.05	598
220.1	598
220.15	598
220.2	598
220.25	598
220.3	598
220.35	598
220.4	598
220.45	598
220.5	598
220.55	598
220.6	598
220.65	598
220.7	598
220.75	598
220.8	598
220.85	598
220.9	598
220.95	598
221	598
221.05	598
221.1	598
221.15	598
221.2	598
221.25	598
221.3	598
221.35	598
221.4	598
221.45	598
221.5	598
221.55	598
221.6	598
221.65	598
221.7	598
221.75	598
221.8	598
221.85	598
221.9	598
221.95	598
222	598
222.05	598
222.1	598
222.15	598
222.2	598
222.25	598
222.3	598
222.35	598
222.4	598
222.45	598
222.5	598
222.55	598
222.6	598
222.65	598
222.7	598
222.75	598
222.8	598
222.85	598
222.9	598
222.95	598
223	598
223.05	598
223.1	598
223.15	598
223.2	598
223.25	598
223.3	598
223.35	598
223.4	598
223.45	598
223.5	598
223.55	598
223.6	598
223.65	598
223.7	598
223.75	598
223.8	598
223.85	598
223.9	598
223.95	598
224	598
224.05	598
224.1	598
224.15	598
224.2	598
224.25	598
224.3	598
224.35	598
224.4	598
224.45	598
224.5	598
224.55	598
224.6	598
224.65	598
224.7	598
224.75	598
224.8	598
224.85	598
224.9	598
224.95	598
225	598
225.05	598
225.1	598
225.15	598
225.2	598
225.25	598
225.3	598
225.35	598
225.4	598
225.45	598
225.5	598
225.55	598
225.6	598
225.65	598
225.7	598
225.75	598
225.8	598
225.85	598
225.9	598
225.95	598
226	598
226.05	598
226.1	598
226.15	598
226.2	598
226.25	598
226.3	598
226.35	598
226.4	598
226.45	598
226.5	598
226.55	598
226.6	598
226.65	598
226.7	598
226.75	598
226.8	598
226.85	598
226.9	598
226.95	598
227	598
227.05	598
227.1	598
227.15	598
227.2	598
227.25	598
227.3	598
227.35	598
227.4	598
227.45	598
227.5	598
227.55	598
227.6	598
227.65	598
227.7	598
227.75	598
227.8	598
227.85	598
227.9	598
227.95	598
228	598
228.05	598
228.1	598
228.15	598
228.2	598
228.25	598
228.3	598
228.35	598
228.4	598
228.45	598
228.5	598
228.55	598
228.6	598
228.65	598
228.7	598
228.75	598
228.8	598
228.85	598
228.9	598
228.95	598
229	598
229.05	598
229.1	598
229.15	598
229.2	598
229.25	598
229.3	598
229.35	598
229.4	598
229.45	598
229.5	598
229.55	598
229.6	598
229.65	598
229.7	598
229.75	598
229.8	598
229.85	598
229.9	598
229.95	598
230	598
230.05	598
230.1	598
230.15	598
230.2	598
230.25	598
230.3	598
230.35	598
230.4	598
230.45	598
230.5	598
230.55	598
230.6	598
230.65	598
230.7	598
230.75	598
230.8	598
230.85	598
230.9	598
230.95	598
231	598
231.05	598
231.1	598
231.15	598
231.2	598
231.25	598
231.3	598
231.35	598
231.4	598
231.45	598
231.5	598
231.55	598
231.6	598
231.65	598
231.7	598
231.75	598
231.8	598
231.85	598
231.9	598
231.95	598
232	598
232.05	598
232.1	598
232.15	598
232.2	598
232.25	598
232.3	598
232.35	598
232.4	598
232.45	598
232.5	598
232.55	598
232.6	598
232.65	598
232.7	598
232.75	598
232.8	598
232.85	598
232.9	598
232.95	598
233	598
233.05	598
233.1	598
233.15	598
233.2	598
233.25	598
233.3	598
233.35	598
233.4	598
233.45	598
233.5	598
233.55	598
233.6	598
233.65	598
233.7	598
233.75	598
233.8	598
233.85	598
233.9	598
233.95	598
234	598
234.05	598
234.1	598
234.15	598
234.2	598
234.25	598
234.3	598
234.35	598
234.4	598
234.45	598
234.5	598
234.55	598
234.6	598
234.65	598
234.7	598
234.75	598
234.8	598
234.85	598
234.9	598
234.95	598
235	598
235.05	598
235.1	598
235.15	598
235.2	598
235.25	598
235.3	598
235.35	598
235.4	598
235.45	598
235.5	598
235.55	598
235.6	598
235.65	598
235.7	598
235.75	598
235.8	598
235.85	598
235.9	598
235.95	598
236	598
236.05	598
236.1	598
236.15	598
236.2	598
236.25	598
236.3	598
236.35	598
236.4	598
236.45	598
236.5	598
236.55	598
236.6	598
236.65	598
236.7	598
236.75	598
236.8	598
236.85	598
236.9	598
236.95	598
237	598
237.05	598
237.1	598
237.15	598
237.2	598
237.25	598
237.3	598
237.35	598
237.4	598
237.45	598
237.5	598
237.55	598
237.6	598
237.65	598
237.7	598
237.75	598
237.8	598
237.85	598
237.9	598
237.95	598
238	598
238.05	598
238.1	598
238.15	598
238.2	598
238.25	598
238.3	598
238.35	598
238.4	598
238.45	598
238.5	598
238.55	598
238.6	598
238.65	598
238.7	598
238.75	598
238.8	598
238.85	598
238.9	598
238.95	598
239	598
239.05	598
239.1	598
239.15	598
239.2	598
239.25	598
239.3	598
239.35	598
239.4	598
239.45	598
239.5	598
239.55	598
239.6	598
239.65	598
239.7	598
239.75	598
239.8	598
239.85	598
239.9	598
239.95	598
