# Time(s)	CWND(packets)
0.05	0
0.1	0
0.15	10
0.2	10
0.25	15
0.3	15
0.35	22
0.4	22
0.45	28
0.5	28
0.55	31
0.6	31
0.65	35
0.7	35
0.75	39
0.8	39
0.85	42
0.9	42
0.95	45
1	45
1.05	49
1.1	49
1.15	52
1.2	52
1.25	53
1.3	53
1.35	56
1.4	56
1.45	59
1.5	59
1.55	62
1.6	62
1.65	65
1.7	65
1.75	68
1.8	68
1.85	71
1.9	71
1.95	74
2	74
2.05	77
2.1	77
2.15	80
2.2	80
2.25	83
2.3	83
2.35	84
2.4	84
2.45	85
2.5	85
2.55	88
2.6	88
2.65	91
2.7	91
2.75	92
2.8	92
2.85	93
2.9	93
2.95	96
3	96
3.05	97
3.1	97
3.15	97
3.2	97
3.25	98
3.3	98
3.35	99
3.4	99
3.45	100
3.5	100
3.55	101
3.6	101
3.65	102
3.7	102
3.75	103
3.8	103
3.85	106
3.9	106
3.95	109
4	109
4.05	112
4.1	112
4.15	115
4.2	115
4.25	118
4.3	118
4.35	121
4.4	121
4.45	124
4.5	124
4.55	125
4.6	125
4.65	125
4.7	125
4.75	123
4.8	123
4.85	120
4.9	120
4.95	119
5	119
5.05	122
5.1	122
5.15	123
5.2	123
5.25	124
5.3	124
5.35	124
5.4	124
5.45	124
5.5	122
5.55	122
5.6	121
5.65	121
5.7	121
5.75	121
5.8	121
5.85	121
5.9	121
5.95	121
6	121
6.05	121
6.1	121
6.15	121
6.2	121
6.25	121
6.3	121
6.35	121
6.4	121
6.45	121
6.5	121
6.55	121
6.6	121
6.65	121
6.7	121
6.75	121
6.8	121
6.85	121
6.9	121
6.95	121
7	121
7.05	121
7.1	121
7.15	121
7.2	121
7.25	121
7.3	121
7.35	121
7.4	121
7.45	121
7.5	121
7.55	121
7.6	121
7.65	121
7.7	121
7.75	121
7.8	121
7.85	121
7.9	121
7.95	121
8	121
8.05	121
8.1	121
8.15	121
8.2	121
8.25	121
8.3	121
8.35	121
8.4	121
8.45	121
8.5	121
8.55	121
8.6	121
8.65	121
8.7	121
8.75	121
8.8	121
8.85	121
8.9	121
8.95	121
9	121
9.05	121
9.1	121
9.15	121
9.2	121
9.25	121
9.3	121
9.35	121
9.4	121
9.45	121
9.5	121
9.55	121
9.6	121
9.65	121
9.7	121
9.75	121
9.8	121
9.85	121
9.9	121
9.95	121
10	121
10.05	121
10.1	121
10.15	121
10.2	121
10.25	121
10.3	121
10.35	121
10.4	121
10.45	121
10.5	121
10.55	121
10.6	121
10.65	121
10.7	121
10.75	121
10.8	121
10.85	121
10.9	121
10.95	121
11	121
11.05	121
11.1	121
11.15	121
11.2	121
11.25	121
11.3	121
11.35	121
11.4	121
11.45	121
11.5	121
11.55	121
11.6	121
11.65	121
11.7	121
11.75	121
11.8	121
11.85	121
11.9	121
11.95	121
12	121
12.05	121
12.1	121
12.15	121
12.2	121
12.25	121
12.3	121
12.35	121
12.4	121
12.45	121
12.5	121
12.55	121
12.6	121
12.65	121
12.7	121
12.75	121
12.8	121
12.85	121
12.9	121
12.95	121
13	121
13.05	121
13.1	121
13.15	121
13.2	121
13.25	121
13.3	121
13.35	121
13.4	121
13.45	121
13.5	121
13.55	121
13.6	121
13.65	121
13.7	121
13.75	121
13.8	121
13.85	121
13.9	121
13.95	121
14	121
14.05	121
14.1	121
14.15	121
14.2	121
14.25	121
14.3	121
14.35	121
14.4	121
14.45	121
14.5	121
14.55	121
14.6	121
14.65	121
14.7	121
14.75	121
14.8	121
14.85	121
14.9	121
14.95	121
15	121
15.05	121
15.1	121
15.15	121
15.2	121
15.25	121
15.3	121
15.35	121
15.4	121
15.45	121
15.5	121
15.55	121
15.6	121
15.65	121
15.7	121
15.75	121
15.8	121
15.85	121
15.9	121
15.95	121
16	121
16.05	121
16.1	121
16.15	121
16.2	121
16.25	121
16.3	121
16.35	121
16.4	121
16.45	121
16.5	121
16.55	121
16.6	121
16.65	121
16.7	121
16.75	121
16.8	121
16.85	121
16.9	121
16.95	121
17	121
17.05	121
17.1	121
17.15	121
17.2	121
17.25	121
17.3	121
17.35	121
17.4	121
17.45	121
17.5	121
17.55	121
17.6	121
17.65	121
17.7	121
17.75	121
17.8	121
17.85	121
17.9	121
17.95	121
18	121
18.05	121
18.1	121
18.15	121
18.2	121
18.25	121
18.3	121
18.35	121
18.4	121
18.45	121
18.5	121
18.55	121
18.6	121
18.65	121
18.7	121
18.75	121
18.8	121
18.85	121
18.9	121
18.95	121
19	121
19.05	121
19.1	121
19.15	121
19.2	121
19.25	121
19.3	121
19.35	121
19.4	121
19.45	121
19.5	121
19.55	121
19.6	121
19.65	121
19.7	121
19.75	121
19.8	121
19.85	121
19.9	121
19.95	121
20	121
20.05	121
20.1	121
20.15	121
20.2	121
20.25	121
20.3	121
20.35	121
20.4	121
20.45	121
20.5	121
20.55	121
20.6	121
20.65	121
20.7	121
20.75	121
20.8	121
20.85	121
20.9	121
20.95	121
21	121
21.05	121
21.1	121
21.15	121
21.2	121
21.25	121
21.3	121
21.35	121
21.4	121
21.45	121
21.5	121
21.55	121
21.6	121
21.65	121
21.7	121
21.75	121
21.8	121
21.85	121
21.9	121
21.95	121
22	121
22.05	121
22.1	121
22.15	121
22.2	121
22.25	121
22.3	121
22.35	121
22.4	121
22.45	121
22.5	121
22.55	121
22.6	121
22.65	121
22.7	121
22.75	121
22.8	121
22.85	121
22.9	121
22.95	121
23	121
23.05	121
23.1	121
23.15	121
23.2	121
23.25	121
23.3	121
23.35	121
23.4	121
23.45	121
23.5	121
23.55	121
23.6	121
23.65	121
23.7	121
23.75	121
23.8	121
23.85	121
23.9	121
23.95	121
24	121
24.05	121
24.1	121
24.15	121
24.2	121
24.25	121
24.3	121
24.35	121
24.4	121
24.45	121
24.5	121
24.55	121
24.6	121
24.65	121
24.7	121
24.75	121
24.8	121
24.85	121
24.9	121
24.95	121
25	121
25.05	121
25.1	121
25.15	121
25.2	121
25.25	121
25.3	121
25.35	121
25.4	121
25.45	121
25.5	121
25.55	121
25.6	121
25.65	121
25.7	121
25.75	121
25.8	121
25.85	121
25.9	121
25.95	121
26	121
26.05	121
26.1	121
26.15	121
26.2	121
26.25	121
26.3	121
26.35	121
26.4	121
26.45	121
26.5	121
26.55	121
26.6	121
26.65	121
26.7	121
26.75	121
26.8	121
26.85	121
26.9	121
26.95	121
27	121
27.05	121
27.1	121
27.15	121
27.2	121
27.25	121
27.3	121
27.35	121
27.4	121
27.45	121
27.5	121
27.55	121
27.6	121
27.65	121
27.7	121
27.75	121
27.8	121
27.85	121
27.9	121
27.95	121
28	121
28.05	121
28.1	121
28.15	121
28.2	121
28.25	121
28.3	121
28.35	121
28.4	121
28.45	121
28.5	121
28.55	121
28.6	121
28.65	121
28.7	121
28.75	121
28.8	121
28.85	121
28.9	121
28.95	121
29	121
29.05	121
29.1	121
29.15	121
29.2	121
29.25	121
29.3	121
29.35	121
29.4	121
29.45	121
29.5	121
29.55	121
29.6	121
29.65	121
29.7	121
29.75	121
29.8	121
29.85	121
29.9	121
29.95	121
30	121
30.05	121
30.1	121
30.15	121
30.2	121
30.25	121
30.3	121
30.35	121
30.4	121
30.45	121
30.5	121
30.55	121
30.6	121
30.65	121
30.7	121
30.75	121
30.8	121
30.85	121
30.9	121
30.95	121
31	121
31.05	121
31.1	121
31.15	121
31.2	121
31.25	121
31.3	121
31.35	121
31.4	121
31.45	121
31.5	121
31.55	121
31.6	121
31.65	121
31.7	121
31.75	121
31.8	121
31.85	121
31.9	121
31.95	121
32	121
32.05	121
32.1	121
32.15	121
32.2	121
32.25	121
32.3	121
32.35	121
32.4	121
32.45	121
32.5	121
32.55	121
32.6	121
32.65	121
32.7	121
32.75	121
32.8	121
32.85	121
32.9	121
32.95	121
33	121
33.05	121
33.1	121
33.15	121
33.2	121
33.25	121
33.3	121
33.35	121
33.4	121
33.45	121
33.5	121
33.55	121
33.6	121
33.65	121
33.7	121
33.75	121
33.8	121
33.85	121
33.9	121
33.95	121
34	121
34.05	121
34.1	121
34.15	121
34.2	121
34.25	121
34.3	121
34.35	121
34.4	121
34.45	121
34.5	121
34.55	121
34.6	121
34.65	121
34.7	121
34.75	121
34.8	121
34.85	121
34.9	121
34.95	121
35	121
35.05	121
35.1	121
35.15	121
35.2	121
35.25	121
35.3	121
35.35	121
35.4	121
35.45	121
35.5	121
35.55	121
35.6	121
35.65	121
35.7	121
35.75	121
35.8	121
35.85	121
35.9	121
35.95	121
36	121
36.05	121
36.1	121
36.15	121
36.2	121
36.25	121
36.3	121
36.35	121
36.4	121
36.45	121
36.5	121
36.55	121
36.6	121
36.65	121
36.7	121
36.75	121
36.8	121
36.85	121
36.9	121
36.95	121
37	121
37.05	121
37.1	121
37.15	121
37.2	121
37.25	121
37.3	121
37.35	121
37.4	121
37.45	121
37.5	121
37.55	121
37.6	121
37.65	121
37.7	121
37.75	121
37.8	121
37.85	121
37.9	121
37.95	121
38	121
38.05	121
38.1	121
38.15	121
38.2	121
38.25	121
38.3	121
38.35	121
38.4	121
38.45	121
38.5	121
38.55	121
38.6	121
38.65	121
38.7	121
38.75	121
38.8	121
38.85	121
38.9	121
38.95	121
39	121
39.05	121
39.1	121
39.15	121
39.2	121
39.25	121
39.3	121
39.35	121
39.4	121
39.45	121
39.5	121
39.55	121
39.6	121
39.65	121
39.7	121
39.75	121
39.8	121
39.85	121
39.9	121
39.95	121
40	121
40.05	121
40.1	121
40.15	121
40.2	121
40.25	121
40.3	121
40.35	121
40.4	121
40.45	121
40.5	121
40.55	121
40.6	121
40.65	121
40.7	121
40.75	121
40.8	121
40.85	121
40.9	121
40.95	121
41	121
41.05	121
41.1	121
41.15	121
41.2	121
41.25	121
41.3	121
41.35	121
41.4	121
41.45	121
41.5	121
41.55	121
41.6	121
41.65	121
41.7	121
41.75	121
41.8	121
41.85	121
41.9	121
41.95	121
42	121
42.05	121
42.1	121
42.15	121
42.2	121
42.25	121
42.3	121
42.35	121
42.4	121
42.45	121
42.5	121
42.55	121
42.6	121
42.65	121
42.7	121
42.75	121
42.8	121
42.85	121
42.9	121
42.95	121
43	121
43.05	121
43.1	121
43.15	121
43.2	121
43.25	121
43.3	121
43.35	121
43.4	121
43.45	121
43.5	121
43.55	121
43.6	121
43.65	121
43.7	121
43.75	121
43.8	121
43.85	121
43.9	121
43.95	121
44	121
44.05	121
44.1	121
44.15	121
44.2	121
44.25	121
44.3	121
44.35	121
44.4	121
44.45	121
44.5	121
44.55	121
44.6	121
44.65	121
44.7	121
44.75	121
44.8	121
44.85	121
44.9	121
44.95	121
45	121
45.05	121
45.1	121
45.15	121
45.2	121
45.25	121
45.3	121
45.35	121
45.4	121
45.45	121
45.5	121
45.55	121
45.6	121
45.65	121
45.7	121
45.75	121
45.8	121
45.85	121
45.9	121
45.95	121
46	121
46.05	121
46.1	121
46.15	121
46.2	121
46.25	121
46.3	121
46.35	121
46.4	121
46.45	121
46.5	121
46.55	121
46.6	121
46.65	121
46.7	121
46.75	121
46.8	121
46.85	121
46.9	121
46.95	121
47	121
47.05	121
47.1	121
47.15	121
47.2	121
47.25	121
47.3	121
47.35	121
47.4	121
47.45	121
47.5	121
47.55	121
47.6	121
47.65	121
47.7	121
47.75	121
47.8	121
47.85	121
47.9	121
47.95	121
48	121
48.05	121
48.1	121
48.15	121
48.2	121
48.25	121
48.3	121
48.35	121
48.4	121
48.45	121
48.5	121
48.55	121
48.6	121
48.65	121
48.7	121
48.75	121
48.8	121
48.85	121
48.9	121
48.95	121
49	121
49.05	121
49.1	121
49.15	121
49.2	121
49.25	121
49.3	121
49.35	121
49.4	121
49.45	121
49.5	121
49.55	121
49.6	121
49.65	121
49.7	121
49.75	121
49.8	121
49.85	121
49.9	121
49.95	121
50	121
50.05	121
50.1	121
50.15	121
50.2	121
50.25	121
50.3	121
50.35	121
50.4	121
50.45	121
50.5	121
50.55	121
50.6	121
50.65	121
50.7	121
50.75	121
50.8	121
50.85	121
50.9	121
50.95	121
51	121
51.05	121
51.1	121
51.15	121
51.2	121
51.25	121
51.3	121
51.35	121
51.4	121
51.45	121
51.5	121
51.55	121
51.6	121
51.65	121
51.7	121
51.75	121
51.8	121
51.85	121
51.9	121
51.95	121
52	121
52.05	121
52.1	121
52.15	121
52.2	121
52.25	121
52.3	121
52.35	121
52.4	121
52.45	121
52.5	121
52.55	121
52.6	121
52.65	121
52.7	121
52.75	121
52.8	121
52.85	121
52.9	121
52.95	121
53	121
53.05	121
53.1	121
53.15	121
53.2	121
53.25	121
53.3	121
53.35	121
53.4	121
53.45	121
53.5	121
53.55	121
53.6	121
53.65	121
53.7	121
53.75	121
53.8	121
53.85	121
53.9	121
53.95	121
54	121
54.05	121
54.1	121
54.15	121
54.2	121
54.25	121
54.3	121
54.35	121
54.4	121
54.45	121
54.5	121
54.55	121
54.6	121
54.65	121
54.7	121
54.75	121
54.8	121
54.85	121
54.9	121
54.95	121
55	121
55.05	121
55.1	121
55.15	121
55.2	121
55.25	121
55.3	121
55.35	121
55.4	121
55.45	121
55.5	121
55.55	121
55.6	121
55.65	121
55.7	121
55.75	121
55.8	121
55.85	121
55.9	121
55.95	121
56	121
56.05	121
56.1	121
56.15	121
56.2	121
56.25	121
56.3	121
56.35	121
56.4	121
56.45	121
56.5	121
56.55	121
56.6	121
56.65	121
56.7	121
56.75	121
56.8	121
56.85	121
56.9	121
56.95	121
57	121
57.05	121
57.1	121
57.15	121
57.2	121
57.25	121
57.3	121
57.35	121
57.4	121
57.45	121
57.5	121
57.55	121
57.6	121
57.65	121
57.7	121
57.75	121
57.8	121
57.85	121
57.9	121
57.95	121
58	121
58.05	121
58.1	121
58.15	121
58.2	121
58.25	121
58.3	121
58.35	121
58.4	121
58.45	121
58.5	121
58.55	121
58.6	121
58.65	121
58.7	121
58.75	121
58.8	121
58.85	121
58.9	121
58.95	121
59	121
59.05	121
59.1	121
59.15	121
59.2	121
59.25	121
59.3	121
59.35	121
59.4	121
59.45	121
59.5	121
59.55	121
59.6	121
59.65	121
59.7	121
59.75	121
59.8	121
59.85	121
59.9	121
59.95	121
60	121
60.05	121
60.1	121
60.15	121
60.2	121
60.25	121
60.3	121
60.35	121
60.4	121
60.45	121
60.5	121
60.55	121
60.6	121
60.65	121
60.7	121
60.75	121
60.8	121
60.85	121
60.9	121
60.95	121
61	121
61.05	121
61.1	121
61.15	121
61.2	121
61.25	121
61.3	121
61.35	121
61.4	121
61.45	121
61.5	121
61.55	121
61.6	121
61.65	121
61.7	121
61.75	121
61.8	121
61.85	121
61.9	121
61.95	121
62	121
62.05	121
62.1	121
62.15	121
62.2	121
62.25	121
62.3	121
62.35	121
62.4	121
62.45	121
62.5	121
62.55	121
62.6	121
62.65	121
62.7	121
62.75	121
62.8	121
62.85	121
62.9	121
62.95	121
63	121
63.05	121
63.1	121
63.15	121
63.2	121
63.25	121
63.3	121
63.35	121
63.4	121
63.45	121
63.5	121
63.55	121
63.6	121
63.65	121
63.7	121
63.75	121
63.8	121
63.85	121
63.9	121
63.95	121
64	121
64.05	121
64.1	121
64.15	121
64.2	121
64.25	121
64.3	121
64.35	121
64.4	121
64.45	121
64.5	121
64.55	121
64.6	121
64.65	121
64.7	121
64.75	121
64.8	121
64.85	121
64.9	121
64.95	121
65	121
65.05	121
65.1	121
65.15	121
65.2	121
65.25	121
65.3	121
65.35	121
65.4	121
65.45	121
65.5	121
65.55	121
65.6	121
65.65	121
65.7	121
65.75	121
65.8	121
65.85	121
65.9	121
65.95	121
66	121
66.05	121
66.1	121
66.15	121
66.2	121
66.25	121
66.3	121
66.35	121
66.4	121
66.45	121
66.5	121
66.55	121
66.6	121
66.65	121
66.7	121
66.75	121
66.8	121
66.85	121
66.9	121
66.95	121
67	121
67.05	121
67.1	121
67.15	121
67.2	121
67.25	121
67.3	121
67.35	121
67.4	121
67.45	121
67.5	121
67.55	121
67.6	121
67.65	121
67.7	121
67.75	121
67.8	121
67.85	121
67.9	121
67.95	121
68	121
68.05	121
68.1	121
68.15	121
68.2	121
68.25	121
68.3	121
68.35	121
68.4	121
68.45	121
68.5	121
68.55	121
68.6	121
68.65	121
68.7	121
68.75	121
68.8	121
68.85	121
68.9	121
68.95	121
69	121
69.05	121
69.1	121
69.15	121
69.2	121
69.25	121
69.3	121
69.35	121
69.4	121
69.45	121
69.5	121
69.55	121
69.6	121
69.65	121
69.7	121
69.75	121
69.8	121
69.85	121
69.9	121
69.95	121
70	121
70.05	121
70.1	121
70.15	121
70.2	121
70.25	121
70.3	121
70.35	121
70.4	121
70.45	121
70.5	121
70.55	121
70.6	121
70.65	121
70.7	121
70.75	121
70.8	121
70.85	121
70.9	121
70.95	121
71	121
71.05	121
71.1	121
71.15	121
71.2	121
71.25	121
71.3	121
71.35	121
71.4	121
71.45	121
71.5	121
71.55	121
71.6	121
71.65	121
71.7	121
71.75	121
71.8	121
71.85	121
71.9	121
71.95	121
72	121
72.05	121
72.1	121
72.15	121
72.2	121
72.25	121
72.3	121
72.35	121
72.4	121
72.45	121
72.5	121
72.55	121
72.6	121
72.65	121
72.7	121
72.75	121
72.8	121
72.85	121
72.9	121
72.95	121
73	121
73.05	121
73.1	121
73.15	121
73.2	121
73.25	121
73.3	121
73.35	121
73.4	121
73.45	121
73.5	121
73.55	121
73.6	121
73.65	121
73.7	121
73.75	121
73.8	121
73.85	121
73.9	121
73.95	121
74	121
74.05	121
74.1	121
74.15	121
74.2	121
74.25	121
74.3	121
74.35	121
74.4	121
74.45	121
74.5	121
74.55	121
74.6	121
74.65	121
74.7	121
74.75	121
74.8	121
74.85	121
74.9	121
74.95	121
75	121
75.05	121
75.1	121
75.15	121
75.2	121
75.25	121
75.3	121
75.35	121
75.4	121
75.45	121
75.5	121
75.55	121
75.6	121
75.65	121
75.7	121
75.75	121
75.8	121
75.85	121
75.9	121
75.95	121
76	121
76.05	121
76.1	121
76.15	121
76.2	121
76.25	121
76.3	121
76.35	121
76.4	121
76.45	121
76.5	121
76.55	121
76.6	121
76.65	121
76.7	121
76.75	121
76.8	121
76.85	121
76.9	121
76.95	121
77	121
77.05	121
77.1	121
77.15	121
77.2	121
77.25	121
77.3	121
77.35	121
77.4	121
77.45	121
77.5	121
77.55	121
77.6	121
77.65	121
77.7	121
77.75	121
77.8	121
77.85	121
77.9	121
77.95	121
78	121
78.05	121
78.1	121
78.15	121
78.2	121
78.25	121
78.3	121
78.35	121
78.4	121
78.45	121
78.5	121
78.55	121
78.6	121
78.65	121
78.7	121
78.75	121
78.8	121
78.85	121
78.9	121
78.95	121
79	121
79.05	121
79.1	121
79.15	121
79.2	121
79.25	121
79.3	121
79.35	121
79.4	121
79.45	121
79.5	121
79.55	121
79.6	121
79.65	121
79.7	121
79.75	121
79.8	121
79.85	121
79.9	121
79.95	121
80	121
80.05	121
80.1	121
80.15	121
80.2	121
80.25	121
80.3	121
80.35	121
80.4	100
80.45	100
80.5	100
80.55	100
80.6	52
80.65	52
80.7	52
80.75	34
80.8	34
80.85	37
80.9	37
80.95	40
81	40
81.05	43
81.1	43
81.15	46
81.2	46
81.25	49
81.3	49
81.35	52
81.4	52
81.45	55
81.5	55
81.55	56
81.6	56
81.65	57
81.7	57
81.75	60
81.8	60
81.85	61
81.9	61
81.95	62
82	62
82.05	63
82.1	63
82.15	64
82.2	64
82.25	64
82.3	65
82.35	65
82.4	64
82.45	64
82.5	63
82.55	63
82.6	62
82.65	62
82.7	61
82.75	61
82.8	62
82.85	62
82.9	63
82.95	63
83	64
83.05	64
83.1	65
83.15	65
83.2	64
83.25	64
83.3	63
83.35	63
83.4	62
83.45	62
83.5	62
83.55	61
83.6	61
83.65	62
83.7	62
83.75	63
83.8	63
83.85	64
83.9	64
83.95	65
84	65
84.05	64
84.1	64
84.15	63
84.2	63
84.25	62
84.3	62
84.35	61
84.4	61
84.45	62
84.5	62
84.55	63
84.6	63
84.65	64
84.7	64
84.75	65
84.8	65
84.85	64
84.9	64
84.95	64
85	63
85.05	63
85.1	62
85.15	62
85.2	61
85.25	61
85.3	62
85.35	62
85.4	63
85.45	63
85.5	64
85.55	64
85.6	65
85.65	65
85.7	64
85.75	64
85.8	63
85.85	63
85.9	62
85.95	62
86	61
86.05	61
86.1	62
86.15	62
86.2	63
86.25	63
86.3	64
86.35	64
86.4	64
86.45	65
86.5	65
86.55	64
86.6	64
86.65	63
86.7	63
86.75	62
86.8	62
86.85	61
86.9	61
86.95	62
87	62
87.05	63
87.1	63
87.15	64
87.2	64
87.25	65
87.3	65
87.35	64
87.4	64
87.45	63
87.5	63
87.55	62
87.6	62
87.65	62
87.7	61
87.75	61
87.8	62
87.85	62
87.9	63
87.95	63
88	64
88.05	64
88.1	65
88.15	65
88.2	64
88.25	64
88.3	63
88.35	63
88.4	62
88.45	62
88.5	61
88.55	61
88.6	62
88.65	62
88.7	63
88.75	63
88.8	64
88.85	64
88.9	65
88.95	65
89	64
89.05	64
89.1	64
89.15	63
89.2	63
89.25	62
89.3	62
89.35	61
89.4	61
89.45	62
89.5	62
89.55	63
89.6	63
89.65	64
89.7	64
89.75	65
89.8	65
89.85	64
89.9	64
89.95	63
90	63
90.05	62
90.1	62
90.15	61
90.2	61
90.25	62
90.3	62
90.35	63
90.4	63
90.45	64
90.5	64
90.55	64
90.6	65
90.65	65
90.7	64
90.75	64
90.8	63
90.85	63
90.9	62
90.95	62
91	61
91.05	61
91.1	62
91.15	62
91.2	63
91.25	63
91.3	64
91.35	64
91.4	65
91.45	65
91.5	64
91.55	64
91.6	63
91.65	63
91.7	63
91.75	62
91.8	62
91.85	61
91.9	61
91.95	62
92	62
92.05	63
92.1	63
92.15	64
92.2	64
92.25	65
92.3	65
92.35	64
92.4	64
92.45	63
92.5	63
92.55	62
92.6	62
92.65	61
92.7	61
92.75	62
92.8	62
92.85	63
92.9	63
92.95	64
93	64
93.05	65
93.1	65
93.15	64
93.2	64
93.25	64
93.3	63
93.35	63
93.4	62
93.45	62
93.5	61
93.55	61
93.6	62
93.65	62
93.7	63
93.75	63
93.8	64
93.85	64
93.9	65
93.95	65
94	64
94.05	64
94.1	63
94.15	63
94.2	62
94.25	62
94.3	61
94.35	61
94.4	62
94.45	62
94.5	63
94.55	63
94.6	63
94.65	64
94.7	64
94.75	65
94.8	65
94.85	64
94.9	64
94.95	63
95	63
95.05	62
95.1	62
95.15	61
95.2	61
95.25	62
95.3	62
95.35	63
95.4	63
95.45	64
95.5	64
95.55	65
95.6	65
95.65	64
95.7	64
95.75	63
95.8	63
95.85	63
95.9	62
95.95	62
96	61
96.05	61
96.1	62
96.15	62
96.2	63
96.25	63
96.3	64
96.35	64
96.4	65
96.45	65
96.5	64
96.55	64
96.6	63
96.65	63
96.7	62
96.75	62
96.8	61
96.85	61
96.9	62
96.95	62
97	63
97.05	63
97.1	64
97.15	64
97.2	65
97.25	65
97.3	65
97.35	64
97.4	64
97.45	63
97.5	63
97.55	62
97.6	62
97.65	61
97.7	61
97.75	62
97.8	62
97.85	63
97.9	63
97.95	64
98	64
98.05	65
98.1	65
98.15	64
98.2	64
98.25	63
98.3	63
98.35	62
98.4	62
98.45	61
98.5	61
98.55	62
98.6	62
98.65	62
98.7	63
98.75	63
98.8	64
98.85	64
98.9	65
98.95	65
99	64
99.05	64
99.1	63
99.15	63
99.2	62
99.25	62
99.3	61
99.35	61
99.4	62
99.45	62
99.5	63
99.55	63
99.6	64
99.65	64
99.7	65
99.75	65
99.8	64
99.85	64
99.9	63
99.95	63
100	63
100.05	62
100.1	62
100.15	61
100.2	61
100.25	62
100.3	62
100.35	63
100.4	63
100.45	64
100.5	64
100.55	65
100.6	65
100.65	64
100.7	64
100.75	63
100.8	63
100.85	62
100.9	62
100.95	61
101	61
101.05	62
101.1	62
101.15	63
101.2	63
101.25	64
101.3	64
101.35	65
101.4	65
101.45	65
101.5	64
101.55	64
101.6	63
101.65	63
101.7	62
101.75	62
101.8	61
101.85	61
101.9	62
101.95	62
102	63
102.05	63
102.1	64
102.15	64
102.2	65
102.25	65
102.3	64
102.35	64
102.4	63
102.45	63
102.5	62
102.55	62
102.6	61
102.65	61
102.7	61
102.75	62
102.8	62
102.85	63
102.9	63
102.95	64
103	64
103.05	65
103.1	65
103.15	64
103.2	64
103.25	63
103.3	63
103.35	62
103.4	62
103.45	61
103.5	61
103.55	62
103.6	62
103.65	63
103.7	63
103.75	64
103.8	64
103.85	65
103.9	65
103.95	64
104	64
104.05	64
104.1	63
104.15	63
104.2	62
104.25	62
104.3	61
104.35	61
104.4	62
104.45	62
104.5	63
104.55	63
104.6	64
104.65	64
104.7	65
104.75	65
104.8	64
104.85	64
104.9	63
104.95	63
105	62
105.05	62
105.1	61
105.15	61
105.2	62
105.25	62
105.3	63
105.35	63
105.4	64
105.45	64
105.5	65
105.55	65
105.6	65
105.65	64
105.7	64
105.75	63
105.8	63
105.85	62
105.9	62
105.95	61
106	61
106.05	62
106.1	62
106.15	63
106.2	63
106.25	64
106.3	64
106.35	65
106.4	65
106.45	64
106.5	64
106.55	63
106.6	63
106.65	62
106.7	62
106.75	62
106.8	61
106.85	61
106.9	62
106.95	62
107	63
107.05	63
107.1	64
107.15	64
107.2	65
107.25	65
107.3	64
107.35	64
107.4	63
107.45	63
107.5	62
107.55	62
107.6	61
107.65	61
107.7	62
107.75	62
107.8	63
107.85	63
107.9	64
107.95	64
108	65
108.05	65
108.1	64
108.15	64
108.2	64
108.25	63
108.3	63
108.35	62
108.4	62
108.45	61
108.5	61
108.55	62
108.6	62
108.65	63
108.7	63
108.75	64
108.8	64
108.85	65
108.9	65
108.95	64
109	64
109.05	63
109.1	63
109.15	62
109.2	62
109.25	61
109.3	61
109.35	62
109.4	62
109.45	63
109.5	63
109.55	64
109.6	64
109.65	64
109.7	65
109.75	65
109.8	64
109.85	64
109.9	63
109.95	63
110	62
110.05	62
110.1	61
110.15	61
110.2	62
110.25	62
110.3	63
110.35	63
110.4	64
110.45	64
110.5	65
110.55	65
110.6	64
110.65	64
110.7	63
110.75	63
110.8	62
110.85	62
110.9	62
110.95	61
111	61
111.05	62
111.1	62
111.15	63
111.2	63
111.25	64
111.3	64
111.35	65
111.4	65
111.45	64
111.5	64
111.55	63
111.6	63
111.65	62
111.7	62
111.75	61
111.8	61
111.85	62
111.9	62
111.95	63
112	63
112.05	64
112.1	64
112.15	65
112.2	65
112.25	64
112.3	64
112.35	64
112.4	63
112.45	63
112.5	62
112.55	62
112.6	61
112.65	61
112.7	62
112.75	62
112.8	63
112.85	63
112.9	64
112.95	64
113	65
113.05	65
113.1	64
113.15	64
113.2	63
113.25	63
113.3	62
113.35	62
113.4	61
113.45	61
113.5	62
113.55	62
113.6	63
113.65	63
113.7	64
113.75	64
113.8	64
113.85	65
113.9	65
113.95	64
114	64
114.05	63
114.1	63
114.15	62
114.2	62
114.25	61
114.3	61
114.35	62
114.4	62
114.45	63
114.5	63
114.55	64
114.6	64
114.65	65
114.7	65
114.75	64
114.8	64
114.85	63
114.9	63
114.95	62
115	62
115.05	62
115.1	61
115.15	61
115.2	62
115.25	62
115.3	63
115.35	63
115.4	64
115.45	64
115.5	65
115.55	65
115.6	64
115.65	64
115.7	63
115.75	63
115.8	62
115.85	62
115.9	61
115.95	61
116	62
116.05	62
116.1	63
116.15	63
116.2	64
116.25	64
116.3	65
116.35	65
116.4	64
116.45	64
116.5	64
116.55	63
116.6	63
116.65	62
116.7	62
116.75	61
116.8	61
116.85	62
116.9	62
116.95	63
117	63
117.05	64
117.1	64
117.15	65
117.2	65
117.25	64
117.3	64
117.35	63
117.4	63
117.45	62
117.5	62
117.55	61
117.6	61
117.65	62
117.7	62
117.75	63
117.8	63
117.85	64
117.9	64
117.95	64
118	65
118.05	65
118.1	64
118.15	64
118.2	63
118.25	63
118.3	62
118.35	62
118.4	61
118.45	61
118.5	62
118.55	62
118.6	63
118.65	63
118.7	64
118.75	64
118.8	65
118.85	65
118.9	64
118.95	64
119	63
119.05	63
119.1	63
119.15	62
119.2	62
119.25	61
119.3	61
119.35	62
119.4	62
119.45	63
119.5	63
119.55	64
119.6	64
119.65	65
119.7	65
119.75	64
119.8	64
119.85	63
119.9	63
119.95	62
120	62
120.05	61
120.1	61
120.15	62
120.2	62
120.25	63
120.3	63
120.35	64
120.4	64
120.45	65
120.5	65
120.55	64
120.6	64
120.65	64
120.7	63
120.75	63
120.8	62
120.85	62
120.9	61
120.95	61
121	62
121.05	62
121.1	63
121.15	63
121.2	64
121.25	64
121.3	65
121.35	65
121.4	64
121.45	64
121.5	63
121.55	63
121.6	62
121.65	62
121.7	61
121.75	61
121.8	62
121.85	62
121.9	63
121.95	63
122	63
122.05	64
122.1	64
122.15	65
122.2	65
122.25	64
122.3	64
122.35	63
122.4	63
122.45	62
122.5	62
122.55	61
122.6	61
122.65	62
122.7	62
122.75	63
122.8	63
122.85	64
122.9	64
122.95	65
123	65
123.05	64
123.1	64
123.15	63
123.2	63
123.25	63
123.3	62
123.35	62
123.4	61
123.45	61
123.5	62
123.55	62
123.6	63
123.65	63
123.7	64
123.75	64
123.8	65
123.85	65
123.9	64
123.95	64
124	63
124.05	63
124.1	62
124.15	62
124.2	61
124.25	61
124.3	62
124.35	62
124.4	63
124.45	63
124.5	64
124.55	64
124.6	65
124.65	65
124.7	65
124.75	64
124.8	64
124.85	63
124.9	63
124.95	62
125	62
125.05	61
125.1	61
125.15	62
125.2	62
125.25	63
125.3	63
125.35	64
125.4	64
125.45	65
125.5	65
125.55	64
125.6	64
125.65	63
125.7	63
125.75	62
125.8	62
125.85	61
125.9	61
125.95	62
126	62
126.05	62
126.1	63
126.15	63
126.2	64
126.25	64
126.3	65
126.35	65
126.4	64
126.45	64
126.5	63
126.55	63
126.6	62
126.65	62
126.7	61
126.75	61
126.8	62
126.85	62
126.9	63
126.95	63
127	64
127.05	64
127.1	65
127.15	65
127.2	64
127.25	64
127.3	63
127.35	63
127.4	63
127.45	62
127.5	62
127.55	61
127.6	61
127.65	62
127.7	62
127.75	63
127.8	63
127.85	64
127.9	64
127.95	65
128	65
128.05	64
128.1	64
128.15	63
128.2	63
128.25	62
128.3	62
128.35	61
128.4	61
128.45	62
128.5	62
128.55	63
128.6	63
128.65	64
128.7	64
128.75	65
128.8	65
128.85	65
128.9	64
128.95	64
129	63
129.05	63
129.1	62
129.15	62
129.2	61
129.25	61
129.3	62
129.35	62
129.4	63
129.45	63
129.5	64
129.55	64
129.6	65
129.65	65
129.7	64
129.75	64
129.8	63
129.85	63
129.9	62
129.95	62
130	61
130.05	61
130.1	61
130.15	62
130.2	62
130.25	63
130.3	63
130.35	64
130.4	64
130.45	65
130.5	65
130.55	64
130.6	64
130.65	63
130.7	63
130.75	62
130.8	62
130.85	61
130.9	61
130.95	62
131	62
131.05	63
131.1	63
131.15	64
131.2	64
131.25	65
131.3	65
131.35	64
131.4	64
131.45	64
131.5	63
131.55	63
131.6	62
131.65	62
131.7	61
131.75	61
131.8	62
131.85	62
131.9	63
131.95	63
132	64
132.05	64
132.1	65
132.15	65
132.2	64
132.25	64
132.3	63
132.35	63
132.4	62
132.45	62
132.5	61
132.55	61
132.6	62
132.65	62
132.7	63
132.75	63
132.8	64
132.85	64
132.9	65
132.95	65
133	65
133.05	64
133.1	64
133.15	63
133.2	63
133.25	62
133.3	62
133.35	61
133.4	61
133.45	62
133.5	62
133.55	63
133.6	63
133.65	64
133.7	64
133.75	65
133.8	65
133.85	64
133.9	64
133.95	63
134	63
134.05	62
134.1	62
134.15	62
134.2	61
134.25	61
134.3	62
134.35	62
134.4	63
134.45	63
134.5	64
134.55	64
134.6	65
134.65	65
134.7	64
134.75	64
134.8	63
134.85	63
134.9	62
134.95	62
135	61
135.05	61
135.1	62
135.15	62
135.2	63
135.25	63
135.3	64
135.35	64
135.4	65
135.45	65
135.5	64
135.55	64
135.6	64
135.65	63
135.7	63
135.75	62
135.8	62
135.85	61
135.9	61
135.95	62
136	62
136.05	63
136.1	63
136.15	64
136.2	64
136.25	65
136.3	65
136.35	64
136.4	64
136.45	63
136.5	63
136.55	62
136.6	62
136.65	61
136.7	61
136.75	62
136.8	62
136.85	63
136.9	63
136.95	64
137	64
137.05	64
137.1	65
137.15	65
137.2	64
137.25	64
137.3	63
137.35	63
137.4	62
137.45	62
137.5	61
137.55	61
137.6	62
137.65	62
137.7	63
137.75	63
137.8	64
137.85	64
137.9	65
137.95	65
138	64
138.05	64
138.1	63
138.15	63
138.2	62
138.25	62
138.3	62
138.35	61
138.4	61
138.45	62
138.5	62
138.55	63
138.6	63
138.65	64
138.7	64
138.75	65
138.8	65
138.85	64
138.9	64
138.95	63
139	63
139.05	62
139.1	62
139.15	61
139.2	61
139.25	62
139.3	62
139.35	63
139.4	63
139.45	64
139.5	64
139.55	65
139.6	65
139.65	64
139.7	64
139.75	64
139.8	63
139.85	63
139.9	62
139.95	62
140	61
140.05	61
140.1	62
140.15	62
140.2	63
140.25	63
140.3	64
140.35	64
140.4	65
140.45	65
140.5	64
140.55	64
140.6	63
140.65	63
140.7	62
140.75	62
140.8	61
140.85	61
140.9	62
140.95	62
141	63
141.05	63
141.1	64
141.15	64
141.2	64
141.25	65
141.3	65
141.35	64
141.4	64
141.45	63
141.5	63
141.55	62
141.6	62
141.65	61
141.7	61
141.75	62
141.8	62
141.85	63
141.9	63
141.95	64
142	64
142.05	65
142.1	65
142.15	64
142.2	64
142.25	63
142.3	63
142.35	63
142.4	62
142.45	62
142.5	61
142.55	61
142.6	62
142.65	62
142.7	63
142.75	63
142.8	64
142.85	64
142.9	65
142.95	65
143	64
143.05	64
143.1	63
143.15	63
143.2	62
143.25	62
143.3	61
143.35	61
143.4	62
143.45	62
143.5	63
143.55	63
143.6	64
143.65	64
143.7	65
143.75	65
143.8	64
143.85	64
143.9	64
143.95	63
144	63
144.05	62
144.1	62
144.15	61
144.2	61
144.25	62
144.3	62
144.35	63
144.4	63
144.45	64
144.5	64
144.55	65
144.6	65
144.65	64
144.7	64
144.75	63
144.8	63
144.85	62
144.9	62
144.95	61
145	61
145.05	62
145.1	62
145.15	63
145.2	63
145.25	64
145.3	64
145.35	64
145.4	65
145.45	65
145.5	64
145.55	64
145.6	63
145.65	63
145.7	62
145.75	62
145.8	61
145.85	61
145.9	62
145.95	62
146	63
146.05	63
146.1	64
146.15	64
146.2	65
146.25	65
146.3	64
146.35	64
146.4	63
146.45	63
146.5	63
146.55	62
146.6	62
146.65	61
146.7	61
146.75	62
146.8	62
146.85	63
146.9	63
146.95	64
147	64
147.05	65
147.1	65
147.15	64
147.2	64
147.25	63
147.3	63
147.35	62
147.4	62
147.45	61
147.5	61
147.55	62
147.6	62
147.65	63
147.7	63
147.75	64
147.8	64
147.85	65
147.9	65
147.95	64
148	64
148.05	64
148.1	63
148.15	63
148.2	62
148.25	62
148.3	61
148.35	61
148.4	62
148.45	62
148.5	63
148.55	63
148.6	64
148.65	64
148.7	65
148.75	65
148.8	64
148.85	64
148.9	63
148.95	63
149	62
149.05	62
149.1	61
149.15	61
149.2	62
149.25	62
149.3	62
149.35	63
149.4	63
149.45	64
149.5	64
149.55	65
149.6	65
149.65	64
149.7	64
149.75	63
149.8	63
149.85	62
149.9	62
149.95	61
150	61
150.05	62
150.1	62
150.15	63
150.2	63
150.25	64
150.3	64
150.35	65
150.4	65
150.45	64
150.5	64
150.55	63
150.6	63
150.65	63
150.7	62
150.75	62
150.8	61
150.85	61
150.9	62
150.95	62
151	63
151.05	63
151.1	64
151.15	64
151.2	65
151.25	65
151.3	64
151.35	64
151.4	63
151.45	63
151.5	62
151.55	62
151.6	61
151.65	61
151.7	62
151.75	62
151.8	63
151.85	63
151.9	64
151.95	64
152	65
152.05	65
152.1	65
152.15	64
152.2	64
152.25	63
152.3	63
152.35	62
152.4	62
152.45	61
152.5	61
152.55	62
152.6	62
152.65	63
152.7	63
152.75	64
152.8	64
152.85	65
152.9	65
152.95	64
153	64
153.05	63
153.1	63
153.15	62
153.2	62
153.25	61
153.3	61
153.35	62
153.4	62
153.45	62
153.5	63
153.55	63
153.6	64
153.65	64
153.7	65
153.75	65
153.8	64
153.85	64
153.9	63
153.95	63
154	62
154.05	62
154.1	61
154.15	61
154.2	62
154.25	62
154.3	63
154.35	63
154.4	64
154.45	64
154.5	65
154.55	65
154.6	64
154.65	64
154.7	64
154.75	63
154.8	63
154.85	62
154.9	62
154.95	61
155	61
155.05	62
155.1	62
155.15	63
155.2	63
155.25	64
155.3	64
155.35	65
155.4	65
155.45	64
155.5	64
155.55	63
155.6	63
155.65	62
155.7	62
155.75	61
155.8	61
155.85	62
155.9	62
155.95	63
156	63
156.05	64
156.1	64
156.15	65
156.2	65
156.25	65
156.3	64
156.35	64
156.4	63
156.45	63
156.5	62
156.55	62
156.6	61
156.65	61
156.7	62
156.75	62
156.8	63
156.85	63
156.9	64
156.95	64
157	65
157.05	65
157.1	64
157.15	64
157.2	63
157.25	63
157.3	62
157.35	62
157.4	62
157.45	61
157.5	61
157.55	62
157.6	62
157.65	63
157.7	63
157.75	64
157.8	64
157.85	65
157.9	65
157.95	64
158	64
158.05	63
158.1	63
158.15	62
158.2	62
158.25	61
158.3	61
158.35	62
158.4	62
158.45	63
158.5	63
158.55	64
158.6	64
158.65	65
158.7	65
158.75	64
158.8	64
158.85	64
158.9	63
158.95	63
159	62
159.05	62
159.1	61
159.15	61
159.2	62
159.25	62
159.3	63
159.35	63
159.4	64
159.45	64
159.5	65
159.55	65
159.6	64
159.65	64
159.7	63
159.75	63
159.8	62
159.85	62
159.9	61
159.95	61
160	62
160.05	62
160.1	63
160.15	63
160.2	66
160.25	66
160.3	69
160.35	69
160.4	72
160.45	72
160.5	75
160.55	75
160.6	78
160.65	78
160.7	81
160.75	81
160.8	84
160.85	84
160.9	87
160.95	87
161	90
161.05	90
161.1	93
161.15	93
161.2	96
161.25	96
161.3	99
161.35	99
161.4	102
161.45	102
161.5	105
161.55	105
161.6	108
161.65	108
161.7	111
161.75	111
161.8	112
161.85	112
161.9	113
161.95	113
162	116
162.05	116
162.1	119
162.15	119
162.2	120
162.25	120
162.3	121
162.35	121
162.4	124
162.45	124
162.5	127
162.55	127
162.6	127
162.65	127
162.7	125
162.75	125
162.8	125
162.85	120
162.9	120
162.95	117
163	117
163.05	120
163.1	120
163.15	123
163.2	123
163.25	126
163.3	126
163.35	127
163.4	127
163.45	125
163.5	125
163.55	121
163.6	121
163.65	118
163.7	118
163.75	118
163.8	118
163.85	121
163.9	121
163.95	124
164	124
164.05	125
164.1	125
164.15	125
164.2	125
164.25	123
164.3	123
164.35	120
164.4	120
164.45	119
164.5	119
164.55	122
164.6	122
164.65	123
164.7	123
164.75	123
164.8	123
164.85	123
164.9	123
164.95	123
165	121
165.05	121
165.1	120
165.15	120
165.2	120
165.25	120
165.3	123
165.35	123
165.4	126
165.45	126
165.5	127
165.55	127
165.6	125
165.65	125
165.7	121
165.75	121
165.8	118
165.85	118
165.9	118
165.95	118
166	121
166.05	121
166.1	124
166.15	124
166.2	127
166.25	127
166.3	127
166.35	127
166.4	125
166.45	125
166.5	120
166.55	120
166.6	117
166.65	117
166.7	120
166.75	120
166.8	121
166.85	121
166.9	124
166.95	124
167	127
167.05	127
167.1	127
167.15	127
167.2	127
167.25	125
167.3	125
167.35	120
167.4	120
167.45	117
167.5	117
167.55	120
167.6	120
167.65	121
167.7	121
167.75	124
167.8	124
167.85	127
167.9	127
167.95	127
168	127
168.05	125
168.1	125
168.15	120
168.2	120
168.25	117
168.3	117
168.35	120
168.4	120
168.45	121
168.5	121
168.55	124
168.6	124
168.65	125
168.7	125
168.75	125
168.8	125
168.85	125
168.9	123
168.95	123
169	120
169.05	120
169.1	119
169.15	119
169.2	122
169.25	122
169.3	123
169.35	123
169.4	124
169.45	124
169.5	124
169.55	124
169.6	122
169.65	122
169.7	121
169.75	121
169.8	121
169.85	121
169.9	121
169.95	121
170	121
170.05	121
170.1	121
170.15	121
170.2	121
170.25	121
170.3	121
170.35	121
170.4	121
170.45	121
170.5	121
170.55	121
170.6	121
170.65	121
170.7	121
170.75	121
170.8	121
170.85	121
170.9	121
170.95	121
171	121
171.05	121
171.1	121
171.15	121
171.2	121
171.25	121
171.3	121
171.35	121
171.4	121
171.45	121
171.5	121
171.55	121
171.6	121
171.65	121
171.7	121
171.75	121
171.8	121
171.85	121
171.9	121
171.95	121
172	121
172.05	121
172.1	121
172.15	121
172.2	121
172.25	121
172.3	121
172.35	121
172.4	121
172.45	121
172.5	121
172.55	121
172.6	121
172.65	121
172.7	121
172.75	121
172.8	121
172.85	121
172.9	121
172.95	121
173	121
173.05	121
173.1	121
173.15	121
173.2	121
173.25	121
173.3	121
173.35	121
173.4	121
173.45	121
173.5	121
173.55	121
173.6	121
173.65	121
173.7	121
173.75	121
173.8	121
173.85	121
173.9	121
173.95	121
174	121
174.05	121
174.1	121
174.15	121
174.2	121
174.25	121
174.3	121
174.35	121
174.4	121
174.45	121
174.5	121
174.55	121
174.6	121
174.65	121
174.7	121
174.75	121
174.8	121
174.85	121
174.9	121
174.95	121
175	121
175.05	121
175.1	121
175.15	121
175.2	121
175.25	121
175.3	121
175.35	121
175.4	121
175.45	121
175.5	121
175.55	121
175.6	121
175.65	121
175.7	121
175.75	121
175.8	121
175.85	121
175.9	121
175.95	121
176	121
176.05	121
176.1	121
176.15	121
176.2	121
176.25	121
176.3	121
176.35	121
176.4	121
176.45	121
176.5	121
176.55	121
176.6	121
176.65	121
176.7	121
176.75	121
176.8	121
176.85	121
176.9	121
176.95	121
177	121
177.05	121
177.1	121
177.15	121
177.2	121
177.25	121
177.3	121
177.35	121
177.4	121
177.45	121
177.5	121
177.55	121
177.6	121
177.65	121
177.7	121
177.75	121
177.8	121
177.85	121
177.9	121
177.95	121
178	121
178.05	121
178.1	121
178.15	121
178.2	121
178.25	121
178.3	121
178.35	121
178.4	121
178.45	121
178.5	121
178.55	121
178.6	121
178.65	121
178.7	121
178.75	121
178.8	121
178.85	121
178.9	121
178.95	121
179	121
179.05	121
179.1	121
179.15	121
179.2	121
179.25	121
179.3	121
179.35	121
179.4	121
179.45	121
179.5	121
179.55	121
179.6	121
179.65	121
179.7	121
179.75	121
179.8	121
179.85	121
179.9	121
179.95	121
180	121
180.05	121
180.1	121
180.15	121
180.2	121
180.25	121
180.3	121
180.35	121
180.4	121
180.45	121
180.5	121
180.55	121
180.6	121
180.65	121
180.7	121
180.75	121
180.8	121
180.85	121
180.9	121
180.95	121
181	121
181.05	121
181.1	121
181.15	121
181.2	121
181.25	121
181.3	121
181.35	121
181.4	121
181.45	121
181.5	121
181.55	121
181.6	121
181.65	121
181.7	121
181.75	121
181.8	121
181.85	121
181.9	121
181.95	121
182	121
182.05	121
182.1	121
182.15	121
182.2	121
182.25	121
182.3	121
182.35	121
182.4	121
182.45	121
182.5	121
182.55	121
182.6	121
182.65	121
182.7	121
182.75	121
182.8	121
182.85	121
182.9	121
182.95	121
183	121
183.05	121
183.1	121
183.15	121
183.2	121
183.25	121
183.3	121
183.35	121
183.4	121
183.45	121
183.5	121
183.55	121
183.6	121
183.65	121
183.7	121
183.75	121
183.8	121
183.85	121
183.9	121
183.95	121
184	121
184.05	121
184.1	121
184.15	121
184.2	121
184.25	121
184.3	121
184.35	121
184.4	121
184.45	121
184.5	121
184.55	121
184.6	121
184.65	121
184.7	121
184.75	121
184.8	121
184.85	121
184.9	121
184.95	121
185	121
185.05	121
185.1	121
185.15	121
185.2	121
185.25	121
185.3	121
185.35	121
185.4	121
185.45	121
185.5	121
185.55	121
185.6	121
185.65	121
185.7	121
185.75	121
185.8	121
185.85	121
185.9	121
185.95	121
186	121
186.05	121
186.1	121
186.15	121
186.2	121
186.25	121
186.3	121
186.35	121
186.4	121
186.45	121
186.5	121
186.55	121
186.6	121
186.65	121
186.7	121
186.75	121
186.8	121
186.85	121
186.9	121
186.95	121
187	121
187.05	121
187.1	121
187.15	121
187.2	121
187.25	121
187.3	121
187.35	121
187.4	121
187.45	121
187.5	121
187.55	121
187.6	121
187.65	121
187.7	121
187.75	121
187.8	121
187.85	121
187.9	121
187.95	121
188	121
188.05	121
188.1	121
188.15	121
188.2	121
188.25	121
188.3	121
188.35	121
188.4	121
188.45	121
188.5	121
188.55	121
188.6	121
188.65	121
188.7	121
188.75	121
188.8	121
188.85	121
188.9	121
188.95	121
189	121
189.05	121
189.1	121
189.15	121
189.2	121
189.25	121
189.3	121
189.35	121
189.4	121
189.45	121
189.5	121
189.55	121
189.6	121
189.65	121
189.7	121
189.75	121
189.8	121
189.85	121
189.9	121
189.95	121
190	121
190.05	121
190.1	121
190.15	121
190.2	121
190.25	121
190.3	121
190.35	121
190.4	121
190.45	121
190.5	121
190.55	121
190.6	121
190.65	121
190.7	121
190.75	121
190.8	121
190.85	121
190.9	121
190.95	121
191	121
191.05	121
191.1	121
191.15	121
191.2	121
191.25	121
191.3	121
191.35	121
191.4	121
191.45	121
191.5	121
191.55	121
191.6	121
191.65	121
191.7	121
191.75	121
191.8	121
191.85	121
191.9	121
191.95	121
192	121
192.05	121
192.1	121
192.15	121
192.2	121
192.25	121
192.3	121
192.35	121
192.4	121
192.45	121
192.5	121
192.55	121
192.6	121
192.65	121
192.7	121
192.75	121
192.8	121
192.85	121
192.9	121
192.95	121
193	121
193.05	121
193.1	121
193.15	121
193.2	121
193.25	121
193.3	121
193.35	121
193.4	121
193.45	121
193.5	121
193.55	121
193.6	121
193.65	121
193.7	121
193.75	121
193.8	121
193.85	121
193.9	121
193.95	121
194	121
194.05	121
194.1	121
194.15	121
194.2	121
194.25	121
194.3	121
194.35	121
194.4	121
194.45	121
194.5	121
194.55	121
194.6	121
194.65	121
194.7	121
194.75	121
194.8	121
194.85	121
194.9	121
194.95	121
195	121
195.05	121
195.1	121
195.15	121
195.2	121
195.25	121
195.3	121
195.35	121
195.4	121
195.45	121
195.5	121
195.55	121
195.6	121
195.65	121
195.7	121
195.75	121
195.8	121
195.85	121
195.9	121
195.95	121
196	121
196.05	121
196.1	121
196.15	121
196.2	121
196.25	121
196.3	121
196.35	121
196.4	121
196.45	121
196.5	121
196.55	121
196.6	121
196.65	121
196.7	121
196.75	121
196.8	121
196.85	121
196.9	121
196.95	121
197	121
197.05	121
197.1	121
197.15	121
197.2	121
197.25	121
197.3	121
197.35	121
197.4	121
197.45	121
197.5	121
197.55	121
197.6	121
197.65	121
197.7	121
197.75	121
197.8	121
197.85	121
197.9	121
197.95	121
198	121
198.05	121
198.1	121
198.15	121
198.2	121
198.25	121
198.3	121
198.35	121
198.4	121
198.45	121
198.5	121
198.55	121
198.6	121
198.65	121
198.7	121
198.75	121
198.8	121
198.85	121
198.9	121
198.95	121
199	121
199.05	121
199.1	121
199.15	121
199.2	121
199.25	121
199.3	121
199.35	121
199.4	121
199.45	121
199.5	121
199.55	121
199.6	121
199.65	121
199.7	121
199.75	121
199.8	121
199.85	121
199.9	121
199.95	121
200	121
200.05	121
200.1	121
200.15	121
200.2	121
200.25	121
200.3	121
200.35	121
200.4	121
200.45	121
200.5	121
200.55	121
200.6	121
200.65	121
200.7	121
200.75	121
200.8	121
200.85	121
200.9	121
200.95	121
201	121
201.05	121
201.1	121
201.15	121
201.2	121
201.25	121
201.3	121
201.35	121
201.4	121
201.45	121
201.5	121
201.55	121
201.6	121
201.65	121
201.7	121
201.75	121
201.8	121
201.85	121
201.9	121
201.95	121
202	121
202.05	121
202.1	121
202.15	121
202.2	121
202.25	121
202.3	121
202.35	121
202.4	121
202.45	121
202.5	121
202.55	121
202.6	121
202.65	121
202.7	121
202.75	121
202.8	121
202.85	121
202.9	121
202.95	121
203	121
203.05	121
203.1	121
203.15	121
203.2	121
203.25	121
203.3	121
203.35	121
203.4	121
203.45	121
203.5	121
203.55	121
203.6	121
203.65	121
203.7	121
203.75	121
203.8	121
203.85	121
203.9	121
203.95	121
204	121
204.05	121
204.1	121
204.15	121
204.2	121
204.25	121
204.3	121
204.35	121
204.4	121
204.45	121
204.5	121
204.55	121
204.6	121
204.65	121
204.7	121
204.75	121
204.8	121
204.85	121
204.9	121
204.95	121
205	121
205.05	121
205.1	121
205.15	121
205.2	121
205.25	121
205.3	121
205.35	121
205.4	121
205.45	121
205.5	121
205.55	121
205.6	121
205.65	121
205.7	121
205.75	121
205.8	121
205.85	121
205.9	121
205.95	121
206	121
206.05	121
206.1	121
206.15	121
206.2	121
206.25	121
206.3	121
206.35	121
206.4	121
206.45	121
206.5	121
206.55	121
206.6	121
206.65	121
206.7	121
206.75	121
206.8	121
206.85	121
206.9	121
206.95	121
207	121
207.05	121
207.1	121
207.15	121
207.2	121
207.25	121
207.3	121
207.35	121
207.4	121
207.45	121
207.5	121
207.55	121
207.6	121
207.65	121
207.7	121
207.75	121
207.8	121
207.85	121
207.9	121
207.95	121
208	121
208.05	121
208.1	121
208.15	121
208.2	121
208.25	121
208.3	121
208.35	121
208.4	121
208.45	121
208.5	121
208.55	121
208.6	121
208.65	121
208.7	121
208.75	121
208.8	121
208.85	121
208.9	121
208.95	121
209	121
209.05	121
209.1	121
209.15	121
209.2	121
209.25	121
209.3	121
209.35	121
209.4	121
209.45	121
209.5	121
209.55	121
209.6	121
209.65	121
209.7	121
209.75	121
209.8	121
209.85	121
209.9	121
209.95	121
210	121
210.05	121
210.1	121
210.15	121
210.2	121
210.25	121
210.3	121
210.35	121
210.4	121
210.45	121
210.5	121
210.55	121
210.6	121
210.65	121
210.7	121
210.75	121
210.8	121
210.85	121
210.9	121
210.95	121
211	121
211.05	121
211.1	121
211.15	121
211.2	121
211.25	121
211.3	121
211.35	121
211.4	121
211.45	121
211.5	121
211.55	121
211.6	121
211.65	121
211.7	121
211.75	121
211.8	121
211.85	121
211.9	121
211.95	121
212	121
212.05	121
212.1	121
212.15	121
212.2	121
212.25	121
212.3	121
212.35	121
212.4	121
212.45	121
212.5	121
212.55	121
212.6	121
212.65	121
212.7	121
212.75	121
212.8	121
212.85	121
212.9	121
212.95	121
213	121
213.05	121
213.1	121
213.15	121
213.2	121
213.25	121
213.3	121
213.35	121
213.4	121
213.45	121
213.5	121
213.55	121
213.6	121
213.65	121
213.7	121
213.75	121
213.8	121
213.85	121
213.9	121
213.95	121
214	121
214.05	121
214.1	121
214.15	121
214.2	121
214.25	121
214.3	121
214.35	121
214.4	121
214.45	121
214.5	121
214.55	121
214.6	121
214.65	121
214.7	121
214.75	121
214.8	121
214.85	121
214.9	121
214.95	121
215	121
215.05	121
215.1	121
215.15	121
215.2	121
215.25	121
215.3	121
215.35	121
215.4	121
215.45	121
215.5	121
215.55	121
215.6	121
215.65	121
215.7	121
215.75	121
215.8	121
215.85	121
215.9	121
215.95	121
216	121
216.05	121
216.1	121
216.15	121
216.2	121
216.25	121
216.3	121
216.35	121
216.4	121
216.45	121
216.5	121
216.55	121
216.6	121
216.65	121
216.7	121
216.75	121
216.8	121
216.85	121
216.9	121
216.95	121
217	121
217.05	121
217.1	121
217.15	121
217.2	121
217.25	121
217.3	121
217.35	121
217.4	121
217.45	121
217.5	121
217.55	121
217.6	121
217.65	121
217.7	121
217.75	121
217.8	121
217.85	121
217.9	121
217.95	121
218	121
218.05	121
218.1	121
218.15	121
218.2	121
218.25	121
218.3	121
218.35	121
218.4	121
218.45	121
218.5	121
218.55	121
218.6	121
218.65	121
218.7	121
218.75	121
218.8	121
218.85	121
218.9	121
218.95	121
219	121
219.05	121
219.1	121
219.15	121
219.2	121
219.25	121
219.3	121
219.35	121
219.4	121
219.45	121
219.5	121
219.55	121
219.6	121
219.65	121
219.7	121
219.75	121
219.8	121
219.85	121
219.9	121
219.95	121
220	121
220.05	121
220.1	121
220.15	121
220.2	121
220.25	121
220.3	121
220.35	121
220.4	121
220.45	121
220.5	121
220.55	121
220.6	121
220.65	121
220.7	121
220.75	121
220.8	121
220.85	121
220.9	121
220.95	121
221	121
221.05	121
221.1	121
221.15	121
221.2	121
221.25	121
221.3	121
221.35	121
221.4	121
221.45	121
221.5	121
221.55	121
221.6	121
221.65	121
221.7	121
221.75	121
221.8	121
221.85	121
221.9	121
221.95	121
222	121
222.05	121
222.1	121
222.15	121
222.2	121
222.25	121
222.3	121
222.35	121
222.4	121
222.45	121
222.5	121
222.55	121
222.6	121
222.65	121
222.7	121
222.75	121
222.8	121
222.85	121
222.9	121
222.95	121
223	121
223.05	121
223.1	121
223.15	121
223.2	121
223.25	121
223.3	121
223.35	121
223.4	121
223.45	121
223.5	121
223.55	121
223.6	121
223.65	121
223.7	121
223.75	121
223.8	121
223.85	121
223.9	121
223.95	121
224	121
224.05	121
224.1	121
224.15	121
224.2	121
224.25	121
224.3	121
224.35	121
224.4	121
224.45	121
224.5	121
224.55	121
224.6	121
224.65	121
224.7	121
224.75	121
224.8	121
224.85	121
224.9	121
224.95	121
225	121
225.05	121
225.1	121
225.15	121
225.2	121
225.25	121
225.3	121
225.35	121
225.4	121
225.45	121
225.5	121
225.55	121
225.6	121
225.65	121
225.7	121
225.75	121
225.8	121
225.85	121
225.9	121
225.95	121
226	121
226.05	121
226.1	121
226.15	121
226.2	121
226.25	121
226.3	121
226.35	121
226.4	121
226.45	121
226.5	121
226.55	121
226.6	121
226.65	121
226.7	121
226.75	121
226.8	121
226.85	121
226.9	121
226.95	121
227	121
227.05	121
227.1	121
227.15	121
227.2	121
227.25	121
227.3	121
227.35	121
227.4	121
227.45	121
227.5	121
227.55	121
227.6	121
227.65	121
227.7	121
227.75	121
227.8	121
227.85	121
227.9	121
227.95	121
228	121
228.05	121
228.1	121
228.15	121
228.2	121
228.25	121
228.3	121
228.35	121
228.4	121
228.45	121
228.5	121
228.55	121
228.6	121
228.65	121
228.7	121
228.75	121
228.8	121
228.85	121
228.9	121
228.95	121
229	121
229.05	121
229.1	121
229.15	121
229.2	121
229.25	121
229.3	121
229.35	121
229.4	121
229.45	121
229.5	121
229.55	121
229.6	121
229.65	121
229.7	121
229.75	121
229.8	121
229.85	121
229.9	121
229.95	121
230	121
230.05	121
230.1	121
230.15	121
230.2	121
230.25	121
230.3	121
230.35	121
230.4	121
230.45	121
230.5	121
230.55	121
230.6	121
230.65	121
230.7	121
230.75	121
230.8	121
230.85	121
230.9	121
230.95	121
231	121
231.05	121
231.1	121
231.15	121
231.2	121
231.25	121
231.3	121
231.35	121
231.4	121
231.45	121
231.5	121
231.55	121
231.6	121
231.65	121
231.7	121
231.75	121
231.8	121
231.85	121
231.9	121
231.95	121
232	121
232.05	121
232.1	121
232.15	121
232.2	121
232.25	121
232.3	121
232.35	121
232.4	121
232.45	121
232.5	121
232.55	121
232.6	121
232.65	121
232.7	121
232.75	121
232.8	121
232.85	121
232.9	121
232.95	121
233	121
233.05	121
233.1	121
233.15	121
233.2	121
233.25	121
233.3	121
233.35	121
233.4	121
233.45	121
233.5	121
233.55	121
233.6	121
233.65	121
233.7	121
233.75	121
233.8	121
233.85	121
233.9	121
233.95	121
234	121
234.05	121
234.1	121
234.15	121
234.2	121
234.25	121
234.3	121
234.35	121
234.4	121
234.45	121
234.5	121
234.55	121
234.6	121
234.65	121
234.7	121
234.75	121
234.8	121
234.85	121
234.9	121
234.95	121
235	121
235.05	121
235.1	121
235.15	121
235.2	121
235.25	121
235.3	121
235.35	121
235.4	121
235.45	121
235.5	121
235.55	121
235.6	121
235.65	121
235.7	121
235.75	121
235.8	121
235.85	121
235.9	121
235.95	121
236	121
236.05	121
236.1	121
236.15	121
236.2	121
236.25	121
236.3	121
236.35	121
236.4	121
236.45	121
236.5	121
236.55	121
236.6	121
236.65	121
236.7	121
236.75	121
236.8	121
236.85	121
236.9	121
236.95	121
237	121
237.05	121
237.1	121
237.15	121
237.2	121
237.25	121
237.3	121
237.35	121
237.4	121
237.45	121
237.5	121
237.55	121
237.6	121
237.65	121
237.7	121
237.75	121
237.8	121
237.85	121
237.9	121
237.95	121
238	121
238.05	121
238.1	121
238.15	121
238.2	121
238.25	121
238.3	121
238.35	121
238.4	121
238.45	121
238.5	121
238.55	121
238.6	121
238.65	121
238.7	121
238.75	121
238.8	121
238.85	121
238.9	121
238.95	121
239	121
239.05	121
239.1	121
239.15	121
239.2	121
239.25	121
239.3	121
239.35	121
239.4	121
239.45	121
239.5	121
239.55	121
239.6	121
239.65	121
239.7	121
239.75	121
239.8	121
239.85	121
239.9	121
239.95	121
