# Time(s)	CWND(packets)
0.05	0
0.1	0
0.15	10
0.2	10
0.25	15
0.3	15
0.35	22
0.4	22
0.45	33
0.5	33
0.55	49
0.6	49
0.65	73
0.7	73
0.75	91
0.8	91
0.85	92
0.9	92
0.95	96
1	96
1.05	100
1.1	100
1.15	104
1.2	104
1.25	108
1.3	108
1.35	112
1.4	112
1.45	116
1.5	116
1.55	120
1.6	120
1.65	124
1.7	124
1.75	128
1.8	128
1.85	132
1.9	132
1.95	136
2	136
2.05	140
2.1	140
2.15	144
2.2	144
2.25	148
2.3	148
2.35	152
2.4	152
2.45	156
2.5	156
2.55	160
2.6	160
2.65	164
2.7	164
2.75	168
2.8	168
2.85	172
2.9	172
2.95	176
3	176
3.05	180
3.1	180
3.15	184
3.2	184
3.25	188
3.3	188
3.35	192
3.4	192
3.45	196
3.5	196
3.55	200
3.6	200
3.65	204
3.7	204
3.75	208
3.8	208
3.85	212
3.9	212
3.95	216
4	216
4.05	220
4.1	220
4.15	224
4.2	224
4.25	228
4.3	228
4.35	232
4.4	232
4.45	236
4.5	236
4.55	239
4.6	239
4.65	243
4.7	243
4.75	247
4.8	247
4.85	248
4.9	248
4.95	249
5	249
5.05	253
5.1	253
5.15	256
5.2	256
5.25	257
5.3	257
5.35	260
5.4	260
5.45	263
5.5	263
5.55	266
5.6	266
5.65	269
5.7	269
5.75	272
5.8	272
5.85	275
5.9	275
5.95	278
6	278
6.05	281
6.1	281
6.15	284
6.2	284
6.25	287
6.3	287
6.35	290
6.4	290
6.45	293
6.5	296
6.55	296
6.6	299
6.65	299
6.7	303
6.75	303
6.8	307
6.85	307
6.9	310
6.95	310
7	313
7.05	313
7.1	317
7.15	317
7.2	320
7.25	320
7.3	323
7.35	323
7.4	327
7.45	327
7.5	330
7.55	330
7.6	333
7.65	333
7.7	337
7.75	337
7.8	341
7.85	341
7.9	344
7.95	344
8	347
8.05	347
8.1	351
8.15	351
8.2	355
8.25	355
8.3	358
8.35	358
8.4	361
8.45	361
8.5	365
8.55	365
8.6	368
8.65	368
8.7	371
8.75	371
8.8	375
8.85	375
8.9	379
8.95	379
9	382
9.05	382
9.1	385
9.15	385
9.2	389
9.25	389
9.3	392
9.35	392
9.4	395
9.45	395
9.5	399
9.55	399
9.6	402
9.65	402
9.7	405
9.75	405
9.8	409
9.85	409
9.9	413
9.95	413
10	416
10.05	416
10.1	419
10.15	419
10.2	423
10.25	423
10.3	426
10.35	426
10.4	429
10.45	429
10.5	433
10.55	433
10.6	437
10.65	437
10.7	440
10.75	440
10.8	443
10.85	443
10.9	447
10.95	447
11	450
11.05	450
11.1	453
11.15	453
11.2	456
11.25	456
11.3	459
11.35	459
11.4	462
11.45	462
11.5	465
11.55	465
11.6	468
11.65	468
11.7	471
11.75	471
11.8	474
11.85	474
11.9	477
11.95	477
12	480
12.05	480
12.1	483
12.15	483
12.2	486
12.25	486
12.3	489
12.35	489
12.4	492
12.45	492
12.5	495
12.55	495
12.6	498
12.65	498
12.7	501
12.75	501
12.8	504
12.85	504
12.9	507
12.95	507
13	510
13.05	510
13.1	513
13.15	513
13.2	516
13.25	516
13.3	519
13.35	519
13.4	522
13.45	522
13.5	525
13.55	525
13.6	528
13.65	528
13.7	531
13.75	531
13.8	534
13.85	534
13.9	537
13.95	537
14	540
14.05	540
14.1	543
14.15	543
14.2	546
14.25	546
14.3	549
14.35	549
14.4	552
14.45	552
14.5	555
14.55	555
14.6	558
14.65	558
14.7	561
14.75	561
14.8	564
14.85	564
14.9	567
14.95	567
15	570
15.05	570
15.1	573
15.15	573
15.2	576
15.25	576
15.3	579
15.35	579
15.4	582
15.45	582
15.5	585
15.55	585
15.6	588
15.65	588
15.7	591
15.75	591
15.8	594
15.85	594
15.9	597
15.95	597
16	600
16.05	600
16.1	603
16.15	603
16.2	606
16.25	606
16.3	607
16.35	607
16.4	610
16.45	610
16.5	611
16.55	611
16.6	614
16.65	614
16.7	617
16.75	617
16.8	620
16.85	620
16.9	623
16.95	623
17	626
17.05	626
17.1	629
17.15	629
17.2	632
17.25	632
17.3	633
17.35	633
17.4	636
17.45	636
17.5	637
17.55	637
17.6	640
17.65	640
17.7	643
17.75	643
17.8	646
17.85	646
17.9	649
17.95	649
18	652
18.05	652
18.1	655
18.15	655
18.2	658
18.25	658
18.3	661
18.35	661
18.4	664
18.45	664
18.5	665
18.55	665
18.6	668
18.65	668
18.7	671
18.75	671
18.8	674
18.85	674
18.9	677
18.95	677
19	680
19.05	680
19.1	683
19.15	683
19.2	686
19.25	686
19.3	689
19.35	689
19.4	692
19.45	692
19.5	693
19.55	693
19.6	696
19.65	696
19.7	699
19.75	699
19.8	702
19.85	702
19.9	705
19.95	705
20	708
20.05	708
20.1	711
20.15	711
20.2	714
20.25	714
20.3	717
20.35	717
20.4	720
20.45	720
20.5	721
20.55	721
20.6	718
20.65	718
20.7	713
20.75	713
20.8	711
20.85	711
20.9	712
20.95	712
21	713
21.05	713
21.1	714
21.15	714
21.2	714
21.25	714
21.3	717
21.35	717
21.4	720
21.45	720
21.5	723
21.55	723
21.6	720
21.65	720
21.7	715
21.75	715
21.8	711
21.85	711
21.9	711
21.95	711
22	712
22.05	712
22.1	713
22.15	713
22.2	714
22.25	714
22.3	717
22.35	717
22.4	720
22.45	720
22.5	721
22.55	721
22.6	718
22.65	718
22.7	713
22.75	713
22.8	711
22.85	711
22.9	712
22.95	712
23	713
23.05	713
23.1	714
23.15	714
23.2	715
23.25	715
23.3	718
23.35	718
23.4	721
23.45	721
23.5	720
23.55	720
23.6	717
23.65	717
23.7	713
23.75	713
23.8	711
23.85	711
23.9	712
23.95	712
24	713
24.05	713
24.1	714
24.15	714
24.2	715
24.25	715
24.3	718
24.35	718
24.4	719
24.45	719
24.5	718
24.55	718
24.6	715
24.65	715
24.7	713
24.75	713
24.8	713
24.85	713
24.9	714
24.95	714
25	715
25.05	715
25.1	716
25.15	716
25.2	717
25.25	717
25.3	717
25.35	717
25.4	716
25.45	716
25.5	714
25.55	714
25.6	714
25.65	714
25.7	717
25.75	717
25.8	720
25.85	720
25.9	721
25.95	721
26	718
26.05	718
26.1	713
26.15	713
26.2	711
26.25	711
26.3	711
26.35	712
26.4	712
26.45	713
26.5	713
26.55	714
26.6	714
26.65	714
26.7	714
26.75	717
26.8	717
26.85	720
26.9	720
26.95	720
27	720
27.05	717
27.1	717
27.15	713
27.2	713
27.25	711
27.3	711
27.35	712
27.4	712
27.45	713
27.5	713
27.55	714
27.6	714
27.65	714
27.7	714
27.75	717
27.8	717
27.85	720
27.9	720
27.95	721
28	721
28.05	718
28.1	718
28.15	713
28.2	713
28.25	711
28.3	711
28.35	712
28.4	712
28.45	713
28.5	713
28.55	714
28.6	714
28.65	714
28.7	714
28.75	717
28.8	717
28.85	720
28.9	720
28.95	723
29	723
29.05	720
29.1	720
29.15	715
29.2	715
29.25	711
29.3	711
29.35	711
29.4	711
29.45	712
29.5	712
29.55	713
29.6	713
29.65	714
29.7	714
29.75	717
29.8	717
29.85	720
29.9	720
29.95	721
30	721
30.05	718
30.1	718
30.15	713
30.2	713
30.25	711
30.3	711
30.35	712
30.4	712
30.45	713
30.5	713
30.55	714
30.6	714
30.65	715
30.7	715
30.75	718
30.8	718
30.85	721
30.9	721
30.95	720
31	720
31.05	717
31.1	717
31.15	713
31.2	713
31.25	711
31.3	711
31.35	712
31.4	712
31.45	713
31.5	713
31.55	714
31.6	714
31.65	715
31.7	715
31.75	718
31.8	718
31.85	719
31.9	719
31.95	718
32	718
32.05	715
32.1	715
32.15	713
32.2	713
32.25	713
32.3	713
32.35	714
32.4	714
32.45	715
32.5	715
32.55	716
32.6	716
32.65	717
32.7	717
32.75	717
32.8	717
32.85	716
32.9	716
32.95	714
33	714
33.05	714
33.1	714
33.15	717
33.2	717
33.25	720
33.3	720
33.35	721
33.4	721
33.45	718
33.5	718
33.55	713
33.6	713
33.65	711
33.7	711
33.75	712
33.8	712
33.85	713
33.9	713
33.95	714
34	714
34.05	714
34.1	714
34.15	717
34.2	717
34.25	720
34.3	720
34.35	720
34.4	720
34.45	717
34.5	717
34.55	713
34.6	713
34.65	711
34.7	711
34.75	712
34.8	712
34.85	713
34.9	713
34.95	714
35	714
35.05	714
35.1	714
35.15	717
35.2	717
35.25	720
35.3	720
35.35	721
35.4	721
35.45	718
35.5	718
35.55	713
35.6	713
35.65	711
35.7	711
35.75	712
35.8	712
35.85	713
35.9	713
35.95	714
36	714
36.05	714
36.1	714
36.15	717
36.2	717
36.25	720
36.3	720
36.35	723
36.4	723
36.45	720
36.5	720
36.55	715
36.6	715
36.65	711
36.7	711
36.75	711
36.8	711
36.85	712
36.9	712
36.95	713
37	713
37.05	714
37.1	714
37.15	717
37.2	717
37.25	720
37.3	720
37.35	721
37.4	721
37.45	718
37.5	718
37.55	713
37.6	713
37.65	711
37.7	711
37.75	711
37.8	712
37.85	712
37.9	713
37.95	714
38	714
38.05	714
38.1	715
38.15	715
38.2	718
38.25	718
38.3	721
38.35	721
38.4	720
38.45	720
38.5	717
38.55	717
38.6	713
38.65	713
38.7	711
38.75	711
38.8	712
38.85	712
38.9	713
38.95	713
39	714
39.05	714
39.1	715
39.15	715
39.2	718
39.25	718
39.3	719
39.35	719
39.4	718
39.45	718
39.5	715
39.55	715
39.6	713
39.65	713
39.7	713
39.75	713
39.8	714
39.85	714
39.9	715
39.95	715
40	716
40.05	716
40.1	717
40.15	717
40.2	717
40.25	717
40.3	716
40.35	716
40.4	714
40.45	714
40.5	714
40.55	714
40.6	717
40.65	717
40.7	720
40.75	720
40.8	721
40.85	721
40.9	718
40.95	718
41	713
41.05	713
41.1	711
41.15	711
41.2	712
41.25	712
41.3	713
41.35	713
41.4	714
41.45	714
41.5	714
41.55	714
41.6	717
41.65	717
41.7	720
41.75	720
41.8	720
41.85	720
41.9	717
41.95	717
42	713
42.05	713
42.1	711
42.15	711
42.2	712
42.25	712
42.3	713
42.35	713
42.4	714
42.45	714
42.5	714
42.55	714
42.6	717
42.65	717
42.7	720
42.75	720
42.8	721
42.85	721
42.9	718
42.95	718
43	713
43.05	713
43.1	711
43.15	711
43.2	712
43.25	712
43.3	713
43.35	713
43.4	714
43.45	714
43.5	714
43.55	714
43.6	717
43.65	717
43.7	720
43.75	720
43.8	723
43.85	723
43.9	720
43.95	720
44	715
44.05	715
44.1	711
44.15	711
44.2	711
44.25	711
44.3	712
44.35	712
44.4	713
44.45	713
44.5	714
44.55	714
44.6	717
44.65	717
44.7	720
44.75	720
44.8	721
44.85	721
44.9	718
44.95	718
45	713
45.05	713
45.1	711
45.15	711
45.2	712
45.25	712
45.3	713
45.35	713
45.4	714
45.45	714
45.5	715
45.55	715
45.6	718
45.65	718
45.7	721
45.75	721
45.8	720
45.85	720
45.9	717
45.95	717
46	713
46.05	713
46.1	711
46.15	711
46.2	712
46.25	712
46.3	713
46.35	713
46.4	714
46.45	714
46.5	715
46.55	715
46.6	718
46.65	718
46.7	719
46.75	719
46.8	718
46.85	718
46.9	715
46.95	715
47	713
47.05	713
47.1	713
47.15	713
47.2	714
47.25	714
47.3	715
47.35	715
47.4	716
47.45	716
47.5	717
47.55	717
47.6	717
47.65	717
47.7	716
47.75	716
47.8	714
47.85	714
47.9	714
47.95	714
48	717
48.05	717
48.1	720
48.15	720
48.2	721
48.25	721
48.3	718
48.35	718
48.4	713
48.45	713
48.5	711
48.55	711
48.6	712
48.65	712
48.7	713
48.75	713
48.8	714
48.85	714
48.9	714
48.95	714
49	717
49.05	717
49.1	720
49.15	720
49.2	720
49.25	720
49.3	717
49.35	717
49.4	713
49.45	713
49.5	711
49.55	711
49.6	711
49.65	712
49.7	712
49.75	713
49.8	713
49.85	714
49.9	714
49.95	714
50	714
50.05	717
50.1	717
50.15	720
50.2	720
50.25	721
50.3	721
50.35	718
50.4	718
50.45	713
50.5	713
50.55	711
50.6	711
50.65	712
50.7	712
50.75	713
50.8	713
50.85	714
50.9	714
50.95	714
51	714
51.05	717
51.1	717
51.15	720
51.2	720
51.25	723
51.3	723
51.35	720
51.4	720
51.45	715
51.5	715
51.55	711
51.6	711
51.65	711
51.7	711
51.75	712
51.8	712
51.85	713
51.9	713
51.95	714
52	714
52.05	717
52.1	717
52.15	720
52.2	720
52.25	721
52.3	721
52.35	718
52.4	718
52.45	713
52.5	713
52.55	711
52.6	711
52.65	712
52.7	712
52.75	713
52.8	713
52.85	714
52.9	714
52.95	715
53	715
53.05	718
53.1	718
53.15	721
53.2	721
53.25	720
53.3	720
53.35	717
53.4	717
53.45	713
53.5	713
53.55	711
53.6	711
53.65	712
53.7	712
53.75	713
53.8	713
53.85	714
53.9	714
53.95	715
54	715
54.05	718
54.1	718
54.15	719
54.2	719
54.25	718
54.3	718
54.35	715
54.4	715
54.45	713
54.5	713
54.55	713
54.6	713
54.65	714
54.7	714
54.75	715
54.8	715
54.85	716
54.9	716
54.95	717
55	717
55.05	717
55.1	717
55.15	716
55.2	716
55.25	714
55.3	714
55.35	714
55.4	714
55.45	717
55.5	717
55.55	720
55.6	720
55.65	721
55.7	721
55.75	718
55.8	718
55.85	713
55.9	713
55.95	711
56	711
56.05	712
56.1	712
56.15	713
56.2	713
56.25	714
56.3	714
56.35	714
56.4	714
56.45	717
56.5	717
56.55	720
56.6	720
56.65	721
56.7	721
56.75	718
56.8	718
56.85	713
56.9	713
56.95	711
57	711
57.05	712
57.1	712
57.15	713
57.2	713
57.25	714
57.3	714
57.35	714
57.4	714
57.45	717
57.5	717
57.55	720
57.6	720
57.65	723
57.7	723
57.75	721
57.8	721
57.85	716
57.9	716
57.95	710
58	710
58.05	710
58.1	710
58.15	713
58.2	713
58.25	716
58.3	716
58.35	719
58.4	719
58.45	719
58.5	719
58.55	718
58.6	718
58.65	714
58.7	714
58.75	712
58.8	712
58.85	715
58.9	715
58.95	718
59	718
59.05	721
59.1	721
59.15	719
59.2	719
59.25	717
59.3	717
59.35	713
59.4	713
59.45	711
59.5	711
59.55	712
59.6	712
59.65	713
59.7	713
59.75	714
59.8	714
59.85	717
59.9	717
59.95	720
60	720
60.05	723
60.1	723
60.15	720
60.2	720
60.25	714
60.3	714
60.35	710
60.4	710
60.45	713
60.5	713
60.55	716
60.6	716
60.65	719
60.7	719
60.75	720
60.8	720
60.85	720
60.9	719
60.95	719
61	715
61.05	715
61.1	711
61.15	711
61.2	711
61.25	711
61.3	712
61.35	712
61.4	713
61.45	713
61.5	714
61.55	714
61.6	715
61.65	715
61.7	718
61.75	718
61.8	719
61.85	719
61.9	718
61.95	718
62	715
62.05	715
62.1	713
62.15	713
62.2	713
62.25	713
62.3	714
62.35	714
62.4	715
62.45	715
62.5	716
62.55	716
62.6	716
62.65	716
62.7	716
62.75	716
62.8	716
62.85	716
62.9	716
62.95	716
63	716
63.05	716
63.1	716
63.15	716
63.2	716
63.25	716
63.3	716
63.35	716
63.4	716
63.45	716
63.5	716
63.55	716
63.6	716
63.65	716
63.7	716
63.75	716
63.8	716
63.85	716
63.9	716
63.95	716
64	716
64.05	716
64.1	716
64.15	716
64.2	716
64.25	716
64.3	716
64.35	716
64.4	716
64.45	716
64.5	716
64.55	716
64.6	716
64.65	716
64.7	716
64.75	716
64.8	716
64.85	716
64.9	716
64.95	716
65	716
65.05	716
65.1	716
65.15	716
65.2	716
65.25	716
65.3	716
65.35	716
65.4	716
65.45	716
65.5	716
65.55	716
65.6	716
65.65	716
65.7	716
65.75	716
65.8	716
65.85	716
65.9	716
65.95	716
66	716
66.05	716
66.1	716
66.15	716
66.2	716
66.25	716
66.3	716
66.35	716
66.4	716
66.45	716
66.5	716
66.55	716
66.6	716
66.65	716
66.7	716
66.75	716
66.8	716
66.85	716
66.9	716
66.95	716
67	716
67.05	716
67.1	716
67.15	716
67.2	716
67.25	716
67.3	716
67.35	716
67.4	716
67.45	716
67.5	716
67.55	716
67.6	716
67.65	716
67.7	716
67.75	716
67.8	716
67.85	716
67.9	716
67.95	716
68	716
68.05	716
68.1	716
68.15	716
68.2	716
68.25	716
68.3	716
68.35	716
68.4	716
68.45	716
68.5	716
68.55	716
68.6	716
68.65	716
68.7	716
68.75	716
68.8	716
68.85	716
68.9	716
68.95	716
69	716
69.05	716
69.1	716
69.15	716
69.2	716
69.25	716
69.3	716
69.35	716
69.4	716
69.45	716
69.5	716
69.55	716
69.6	716
69.65	716
69.7	716
69.75	716
69.8	716
69.85	716
69.9	716
69.95	716
70	716
70.05	716
70.1	716
70.15	716
70.2	716
70.25	716
70.3	716
70.35	716
70.4	716
70.45	716
70.5	716
70.55	716
70.6	716
70.65	716
70.7	716
70.75	716
70.8	716
70.85	716
70.9	716
70.95	716
71	716
71.05	716
71.1	716
71.15	716
71.2	716
71.25	716
71.3	716
71.35	716
71.4	716
71.45	716
71.5	716
71.55	716
71.6	716
71.65	716
71.7	716
71.75	716
71.8	716
71.85	716
71.9	716
71.95	716
72	716
72.05	716
72.1	716
72.15	716
72.2	716
72.25	716
72.3	716
72.35	716
72.4	716
72.45	716
72.5	716
72.55	716
72.6	716
72.65	716
72.7	716
72.75	716
72.8	716
72.85	716
72.9	716
72.95	716
73	716
73.05	716
73.1	716
73.15	716
73.2	716
73.25	716
73.3	716
73.35	716
73.4	716
73.45	716
73.5	716
73.55	716
73.6	716
73.65	716
73.7	716
73.75	716
73.8	716
73.85	716
73.9	716
73.95	716
74	716
74.05	716
74.1	716
74.15	716
74.2	716
74.25	716
74.3	716
74.35	716
74.4	716
74.45	716
74.5	716
74.55	716
74.6	716
74.65	716
74.7	716
74.75	716
74.8	716
74.85	716
74.9	716
74.95	716
75	716
75.05	716
75.1	716
75.15	716
75.2	716
75.25	716
75.3	716
75.35	716
75.4	716
75.45	716
75.5	716
75.55	716
75.6	716
75.65	716
75.7	716
75.75	716
75.8	716
75.85	716
75.9	716
75.95	716
76	716
76.05	716
76.1	716
76.15	716
76.2	716
76.25	716
76.3	716
76.35	716
76.4	716
76.45	716
76.5	716
76.55	716
76.6	716
76.65	716
76.7	716
76.75	716
76.8	716
76.85	716
76.9	716
76.95	716
77	716
77.05	716
77.1	716
77.15	716
77.2	716
77.25	716
77.3	716
77.35	716
77.4	716
77.45	716
77.5	716
77.55	716
77.6	716
77.65	716
77.7	716
77.75	716
77.8	716
77.85	716
77.9	716
77.95	716
78	716
78.05	716
78.1	716
78.15	716
78.2	716
78.25	716
78.3	716
78.35	716
78.4	716
78.45	716
78.5	716
78.55	716
78.6	716
78.65	716
78.7	716
78.75	716
78.8	716
78.85	716
78.9	716
78.95	716
79	716
79.05	716
79.1	716
79.15	716
79.2	716
79.25	716
79.3	716
79.35	716
79.4	716
79.45	716
79.5	716
79.55	716
79.6	716
79.65	716
79.7	716
79.75	716
79.8	716
79.85	716
79.9	716
79.95	716
80	716
80.05	716
80.1	716
80.15	716
80.2	716
80.25	716
80.3	716
80.35	617
80.4	617
80.45	617
80.5	617
80.55	310
80.6	310
80.65	310
80.7	310
80.75	182
80.8	182
80.85	186
80.9	186
80.95	190
81	190
81.05	194
81.1	194
81.15	198
81.2	198
81.25	202
81.3	202
81.35	205
81.4	205
81.45	208
81.5	208
81.55	211
81.6	211
81.65	214
81.7	214
81.75	217
81.8	217
81.85	220
81.9	220
81.95	223
82	223
82.05	226
82.1	226
82.15	229
82.2	229
82.25	232
82.3	232
82.35	235
82.4	235
82.45	238
82.5	238
82.55	241
82.6	241
82.65	244
82.7	244
82.75	247
82.8	247
82.85	250
82.9	250
82.95	253
83	253
83.05	256
83.1	256
83.15	259
83.2	259
83.25	262
83.3	262
83.35	265
83.4	265
83.45	268
83.5	268
83.55	271
83.6	271
83.65	274
83.7	274
83.75	277
83.8	277
83.85	280
83.9	280
83.95	283
84	283
84.05	286
84.1	286
84.15	289
84.2	289
84.25	292
84.3	292
84.35	295
84.4	295
84.45	298
84.5	298
84.55	301
84.6	301
84.65	304
84.7	304
84.75	307
84.8	307
84.85	310
84.9	310
84.95	313
85	313
85.05	316
85.1	316
85.15	317
85.2	317
85.25	320
85.3	320
85.35	323
85.4	323
85.45	326
85.5	326
85.55	329
85.6	329
85.65	332
85.7	332
85.75	333
85.8	333
85.85	336
85.9	336
85.95	339
86	339
86.05	342
86.1	342
86.15	345
86.2	345
86.25	348
86.3	348
86.35	349
86.4	349
86.45	352
86.5	352
86.55	353
86.6	353
86.65	356
86.7	356
86.75	357
86.8	357
86.85	360
86.9	360
86.95	361
87	361
87.05	361
87.1	361
87.15	360
87.2	360
87.25	358
87.3	358
87.35	358
87.4	358
87.45	361
87.5	361
87.55	364
87.6	364
87.65	365
87.7	365
87.75	362
87.8	362
87.85	357
87.9	357
87.95	355
88	355
88.05	356
88.1	356
88.15	357
88.2	357
88.25	358
88.3	358
88.35	358
88.4	358
88.45	361
88.5	361
88.55	364
88.6	364
88.65	365
88.7	365
88.75	362
88.8	362
88.85	357
88.9	357
88.95	355
89	355
89.05	356
89.1	356
89.15	357
89.2	357
89.25	358
89.3	358
89.35	358
89.4	358
89.45	361
89.5	361
89.55	364
89.6	364
89.65	365
89.7	365
89.75	362
89.8	362
89.85	358
89.9	358
89.95	356
90	356
90.05	359
90.1	359
90.15	362
90.2	362
90.25	365
90.3	365
90.35	364
90.4	364
90.45	361
90.5	361
90.55	361
90.6	357
90.65	357
90.7	355
90.75	355
90.8	356
90.85	356
90.9	357
90.95	357
91	358
91.05	358
91.1	358
91.15	358
91.2	361
91.25	361
91.3	364
91.35	364
91.4	365
91.45	365
91.5	362
91.55	362
91.6	358
91.65	358
91.7	356
91.75	356
91.8	359
91.85	359
91.9	362
91.95	362
92	363
92.05	363
92.1	362
92.15	362
92.2	360
92.25	360
92.3	358
92.35	358
92.4	358
92.45	358
92.5	361
92.55	361
92.6	364
92.65	364
92.7	365
92.75	365
92.8	362
92.85	362
92.9	358
92.95	358
93	356
93.05	356
93.1	359
93.15	359
93.2	362
93.25	362
93.3	363
93.35	363
93.4	362
93.45	362
93.5	360
93.55	360
93.6	358
93.65	358
93.7	358
93.75	358
93.8	361
93.85	361
93.9	364
93.95	364
94	365
94.05	365
94.1	362
94.15	362
94.2	358
94.25	358
94.3	356
94.35	356
94.4	359
94.45	359
94.5	362
94.55	362
94.6	363
94.65	363
94.7	362
94.75	362
94.8	360
94.85	360
94.9	358
94.95	358
95	358
95.05	358
95.1	361
95.15	361
95.2	364
95.25	364
95.3	365
95.35	365
95.4	362
95.45	362
95.5	358
95.55	358
95.6	356
95.65	356
95.7	359
95.75	359
95.8	362
95.85	362
95.9	363
95.95	363
96	362
96.05	362
96.1	362
96.15	360
96.2	360
96.25	358
96.3	358
96.35	358
96.4	358
96.45	361
96.5	361
96.55	364
96.6	364
96.65	365
96.7	365
96.75	362
96.8	362
96.85	358
96.9	358
96.95	356
97	356
97.05	359
97.1	359
97.15	362
97.2	362
97.25	363
97.3	363
97.35	362
97.4	362
97.45	360
97.5	360
97.55	358
97.6	358
97.65	358
97.7	358
97.75	361
97.8	361
97.85	364
97.9	364
97.95	365
98	365
98.05	362
98.1	362
98.15	358
98.2	358
98.25	356
98.3	356
98.35	359
98.4	359
98.45	362
98.5	362
98.55	363
98.6	363
98.65	362
98.7	362
98.75	360
98.8	360
98.85	358
98.9	358
98.95	358
99	358
99.05	361
99.1	361
99.15	364
99.2	364
99.25	365
99.3	365
99.35	362
99.4	362
99.45	358
99.5	358
99.55	356
99.6	356
99.65	359
99.7	359
99.75	362
99.8	362
99.85	363
99.9	363
99.95	362
100	362
100.05	360
100.1	360
100.15	358
100.2	358
100.25	358
100.3	358
100.35	361
100.4	361
100.45	364
100.5	364
100.55	365
100.6	365
100.65	362
100.7	362
100.75	358
100.8	358
100.85	356
100.9	356
100.95	359
101	359
101.05	362
101.1	362
101.15	363
101.2	363
101.25	362
101.3	362
101.35	360
101.4	360
101.45	358
101.5	358
101.55	358
101.6	358
101.65	361
101.7	361
101.75	364
101.8	364
101.85	364
101.9	365
101.95	365
102	362
102.05	362
102.1	358
102.15	358
102.2	356
102.25	356
102.3	359
102.35	359
102.4	362
102.45	362
102.5	363
102.55	363
102.6	362
102.65	362
102.7	359
102.75	359
102.8	357
102.85	357
102.9	357
102.95	357
103	358
103.05	358
103.1	359
103.15	359
103.2	360
103.25	360
103.3	360
103.35	360
103.4	360
103.45	360
103.5	360
103.55	360
103.6	360
103.65	360
103.7	360
103.75	360
103.8	360
103.85	360
103.9	360
103.95	360
104	360
104.05	360
104.1	360
104.15	360
104.2	360
104.25	360
104.3	360
104.35	360
104.4	360
104.45	360
104.5	360
104.55	360
104.6	360
104.65	360
104.7	360
104.75	360
104.8	360
104.85	360
104.9	360
104.95	360
105	360
105.05	360
105.1	360
105.15	360
105.2	360
105.25	360
105.3	360
105.35	360
105.4	360
105.45	360
105.5	360
105.55	360
105.6	360
105.65	360
105.7	360
105.75	360
105.8	360
105.85	360
105.9	360
105.95	360
106	360
106.05	360
106.1	360
106.15	360
106.2	360
106.25	360
106.3	360
106.35	360
106.4	360
106.45	360
106.5	360
106.55	360
106.6	360
106.65	360
106.7	360
106.75	360
106.8	360
106.85	360
106.9	360
106.95	360
107	360
107.05	360
107.1	360
107.15	360
107.2	360
107.25	360
107.3	360
107.35	360
107.4	360
107.45	360
107.5	360
107.55	360
107.6	360
107.65	360
107.7	360
107.75	360
107.8	360
107.85	360
107.9	360
107.95	360
108	360
108.05	360
108.1	360
108.15	360
108.2	360
108.25	360
108.3	360
108.35	360
108.4	360
108.45	360
108.5	360
108.55	360
108.6	360
108.65	360
108.7	360
108.75	360
108.8	360
108.85	360
108.9	360
108.95	360
109	360
109.05	360
109.1	360
109.15	360
109.2	360
109.25	360
109.3	360
109.35	360
109.4	360
109.45	360
109.5	360
109.55	360
109.6	360
109.65	360
109.7	360
109.75	360
109.8	360
109.85	360
109.9	360
109.95	360
110	360
110.05	360
110.1	360
110.15	360
110.2	360
110.25	360
110.3	360
110.35	360
110.4	360
110.45	360
110.5	360
110.55	360
110.6	360
110.65	360
110.7	360
110.75	360
110.8	360
110.85	360
110.9	360
110.95	360
111	360
111.05	360
111.1	360
111.15	360
111.2	360
111.25	360
111.3	360
111.35	360
111.4	360
111.45	360
111.5	360
111.55	360
111.6	360
111.65	360
111.7	360
111.75	360
111.8	360
111.85	360
111.9	360
111.95	360
112	360
112.05	360
112.1	360
112.15	360
112.2	360
112.25	360
112.3	360
112.35	360
112.4	360
112.45	360
112.5	360
112.55	360
112.6	360
112.65	360
112.7	360
112.75	360
112.8	360
112.85	360
112.9	360
112.95	360
113	360
113.05	360
113.1	360
113.15	360
113.2	360
113.25	360
113.3	360
113.35	360
113.4	360
113.45	360
113.5	360
113.55	360
113.6	360
113.65	360
113.7	360
113.75	360
113.8	360
113.85	360
113.9	360
113.95	360
114	360
114.05	360
114.1	360
114.15	360
114.2	360
114.25	360
114.3	360
114.35	360
114.4	360
114.45	360
114.5	360
114.55	360
114.6	360
114.65	360
114.7	360
114.75	360
114.8	360
114.85	360
114.9	360
114.95	360
115	360
115.05	360
115.1	360
115.15	360
115.2	360
115.25	360
115.3	360
115.35	360
115.4	360
115.45	360
115.5	360
115.55	360
115.6	360
115.65	360
115.7	360
115.75	360
115.8	360
115.85	360
115.9	360
115.95	360
116	360
116.05	360
116.1	360
116.15	360
116.2	360
116.25	360
116.3	360
116.35	360
116.4	360
116.45	360
116.5	360
116.55	360
116.6	360
116.65	360
116.7	360
116.75	360
116.8	360
116.85	360
116.9	360
116.95	360
117	360
117.05	360
117.1	360
117.15	360
117.2	360
117.25	360
117.3	360
117.35	360
117.4	360
117.45	360
117.5	360
117.55	360
117.6	360
117.65	360
117.7	360
117.75	360
117.8	360
117.85	360
117.9	360
117.95	360
118	360
118.05	360
118.1	360
118.15	360
118.2	360
118.25	360
118.3	360
118.35	360
118.4	360
118.45	360
118.5	360
118.55	360
118.6	360
118.65	360
118.7	360
118.75	360
118.8	360
118.85	360
118.9	360
118.95	360
119	360
119.05	360
119.1	360
119.15	360
119.2	360
119.25	360
119.3	360
119.35	360
119.4	360
119.45	360
119.5	360
119.55	360
119.6	360
119.65	360
119.7	360
119.75	360
119.8	360
119.85	360
119.9	360
119.95	360
120	360
120.05	360
120.1	360
120.15	360
120.2	360
120.25	360
120.3	360
120.35	360
120.4	360
120.45	360
120.5	360
120.55	360
120.6	360
120.65	360
120.7	360
120.75	360
120.8	360
120.85	360
120.9	360
120.95	360
121	360
121.05	360
121.1	360
121.15	360
121.2	360
121.25	360
121.3	360
121.35	360
121.4	360
121.45	360
121.5	360
121.55	360
121.6	360
121.65	360
121.7	360
121.75	360
121.8	360
121.85	360
121.9	360
121.95	360
122	360
122.05	360
122.1	360
122.15	360
122.2	360
122.25	360
122.3	360
122.35	360
122.4	360
122.45	360
122.5	360
122.55	360
122.6	360
122.65	360
122.7	360
122.75	360
122.8	360
122.85	360
122.9	360
122.95	360
123	360
123.05	360
123.1	360
123.15	360
123.2	360
123.25	360
123.3	360
123.35	360
123.4	360
123.45	360
123.5	360
123.55	360
123.6	360
123.65	360
123.7	360
123.75	360
123.8	360
123.85	360
123.9	360
123.95	360
124	360
124.05	360
124.1	360
124.15	360
124.2	360
124.25	360
124.3	360
124.35	360
124.4	360
124.45	360
124.5	360
124.55	360
124.6	360
124.65	360
124.7	360
124.75	360
124.8	360
124.85	360
124.9	360
124.95	360
125	360
125.05	360
125.1	360
125.15	360
125.2	360
125.25	360
125.3	360
125.35	360
125.4	360
125.45	360
125.5	360
125.55	360
125.6	360
125.65	360
125.7	360
125.75	360
125.8	360
125.85	360
125.9	360
125.95	360
126	360
126.05	360
126.1	360
126.15	360
126.2	360
126.25	360
126.3	360
126.35	360
126.4	360
126.45	360
126.5	360
126.55	360
126.6	360
126.65	360
126.7	360
126.75	360
126.8	360
126.85	360
126.9	360
126.95	360
127	360
127.05	360
127.1	360
127.15	360
127.2	360
127.25	360
127.3	360
127.35	360
127.4	360
127.45	360
127.5	360
127.55	360
127.6	360
127.65	360
127.7	360
127.75	360
127.8	360
127.85	360
127.9	360
127.95	360
128	360
128.05	360
128.1	360
128.15	360
128.2	360
128.25	360
128.3	360
128.35	360
128.4	360
128.45	360
128.5	360
128.55	360
128.6	360
128.65	360
128.7	360
128.75	360
128.8	360
128.85	360
128.9	360
128.95	360
129	360
129.05	360
129.1	360
129.15	360
129.2	360
129.25	360
129.3	360
129.35	360
129.4	360
129.45	360
129.5	360
129.55	360
129.6	360
129.65	360
129.7	360
129.75	360
129.8	360
129.85	360
129.9	360
129.95	360
130	360
130.05	360
130.1	360
130.15	360
130.2	360
130.25	360
130.3	360
130.35	360
130.4	360
130.45	360
130.5	360
130.55	360
130.6	360
130.65	360
130.7	360
130.75	360
130.8	360
130.85	360
130.9	360
130.95	360
131	360
131.05	360
131.1	360
131.15	360
131.2	360
131.25	360
131.3	360
131.35	360
131.4	360
131.45	360
131.5	360
131.55	360
131.6	360
131.65	360
131.7	360
131.75	360
131.8	360
131.85	360
131.9	360
131.95	360
132	360
132.05	360
132.1	360
132.15	360
132.2	360
132.25	360
132.3	360
132.35	360
132.4	360
132.45	360
132.5	360
132.55	360
132.6	360
132.65	360
132.7	360
132.75	360
132.8	360
132.85	360
132.9	360
132.95	360
133	360
133.05	360
133.1	360
133.15	360
133.2	360
133.25	360
133.3	360
133.35	360
133.4	360
133.45	360
133.5	360
133.55	360
133.6	360
133.65	360
133.7	360
133.75	360
133.8	360
133.85	360
133.9	360
133.95	360
134	360
134.05	360
134.1	360
134.15	360
134.2	360
134.25	360
134.3	360
134.35	360
134.4	360
134.45	360
134.5	360
134.55	360
134.6	360
134.65	360
134.7	360
134.75	360
134.8	360
134.85	360
134.9	360
134.95	360
135	360
135.05	360
135.1	360
135.15	360
135.2	360
135.25	360
135.3	360
135.35	360
135.4	360
135.45	360
135.5	360
135.55	360
135.6	360
135.65	360
135.7	360
135.75	360
135.8	360
135.85	360
135.9	360
135.95	360
136	360
136.05	360
136.1	360
136.15	360
136.2	360
136.25	360
136.3	360
136.35	360
136.4	360
136.45	360
136.5	360
136.55	360
136.6	360
136.65	360
136.7	360
136.75	360
136.8	360
136.85	360
136.9	360
136.95	360
137	360
137.05	360
137.1	360
137.15	360
137.2	360
137.25	360
137.3	360
137.35	360
137.4	360
137.45	360
137.5	360
137.55	360
137.6	360
137.65	360
137.7	360
137.75	360
137.8	360
137.85	360
137.9	360
137.95	360
138	360
138.05	360
138.1	360
138.15	360
138.2	360
138.25	360
138.3	360
138.35	360
138.4	360
138.45	360
138.5	360
138.55	360
138.6	360
138.65	360
138.7	360
138.75	360
138.8	360
138.85	360
138.9	360
138.95	360
139	360
139.05	360
139.1	360
139.15	360
139.2	360
139.25	360
139.3	360
139.35	360
139.4	360
139.45	360
139.5	360
139.55	360
139.6	360
139.65	360
139.7	360
139.75	360
139.8	360
139.85	360
139.9	360
139.95	360
140	360
140.05	360
140.1	360
140.15	360
140.2	360
140.25	360
140.3	360
140.35	360
140.4	360
140.45	360
140.5	360
140.55	360
140.6	360
140.65	360
140.7	360
140.75	360
140.8	360
140.85	360
140.9	360
140.95	360
141	360
141.05	360
141.1	360
141.15	360
141.2	360
141.25	360
141.3	360
141.35	360
141.4	360
141.45	360
141.5	360
141.55	360
141.6	360
141.65	360
141.7	360
141.75	360
141.8	360
141.85	360
141.9	360
141.95	360
142	360
142.05	360
142.1	360
142.15	360
142.2	360
142.25	360
142.3	360
142.35	360
142.4	360
142.45	360
142.5	360
142.55	360
142.6	360
142.65	360
142.7	360
142.75	360
142.8	360
142.85	360
142.9	360
142.95	360
143	360
143.05	360
143.1	360
143.15	360
143.2	360
143.25	360
143.3	360
143.35	360
143.4	360
143.45	360
143.5	360
143.55	360
143.6	360
143.65	360
143.7	360
143.75	360
143.8	360
143.85	360
143.9	360
143.95	360
144	360
144.05	360
144.1	360
144.15	360
144.2	360
144.25	360
144.3	360
144.35	360
144.4	360
144.45	360
144.5	360
144.55	360
144.6	360
144.65	360
144.7	360
144.75	360
144.8	360
144.85	360
144.9	360
144.95	360
145	360
145.05	360
145.1	360
145.15	360
145.2	360
145.25	360
145.3	360
145.35	360
145.4	360
145.45	360
145.5	360
145.55	360
145.6	360
145.65	360
145.7	360
145.75	360
145.8	360
145.85	360
145.9	360
145.95	360
146	360
146.05	360
146.1	360
146.15	360
146.2	360
146.25	360
146.3	360
146.35	360
146.4	360
146.45	360
146.5	360
146.55	360
146.6	360
146.65	360
146.7	360
146.75	360
146.8	360
146.85	360
146.9	360
146.95	360
147	360
147.05	360
147.1	360
147.15	360
147.2	360
147.25	360
147.3	360
147.35	360
147.4	360
147.45	360
147.5	360
147.55	360
147.6	360
147.65	360
147.7	360
147.75	360
147.8	360
147.85	360
147.9	360
147.95	360
148	360
148.05	360
148.1	360
148.15	360
148.2	360
148.25	360
148.3	360
148.35	360
148.4	360
148.45	360
148.5	360
148.55	360
148.6	360
148.65	360
148.7	360
148.75	360
148.8	360
148.85	360
148.9	360
148.95	360
149	360
149.05	360
149.1	360
149.15	360
149.2	360
149.25	360
149.3	360
149.35	360
149.4	360
149.45	360
149.5	360
149.55	360
149.6	360
149.65	360
149.7	360
149.75	360
149.8	360
149.85	360
149.9	360
149.95	360
150	360
150.05	360
150.1	360
150.15	360
150.2	360
150.25	360
150.3	360
150.35	360
150.4	360
150.45	360
150.5	360
150.55	360
150.6	360
150.65	360
150.7	360
150.75	360
150.8	360
150.85	360
150.9	360
150.95	360
151	360
151.05	360
151.1	360
151.15	360
151.2	360
151.25	360
151.3	360
151.35	360
151.4	360
151.45	360
151.5	360
151.55	360
151.6	360
151.65	360
151.7	360
151.75	360
151.8	360
151.85	360
151.9	360
151.95	360
152	360
152.05	360
152.1	360
152.15	360
152.2	360
152.25	360
152.3	360
152.35	360
152.4	360
152.45	360
152.5	360
152.55	360
152.6	360
152.65	360
152.7	360
152.75	360
152.8	360
152.85	360
152.9	360
152.95	360
153	360
153.05	360
153.1	360
153.15	360
153.2	360
153.25	360
153.3	360
153.35	360
153.4	360
153.45	360
153.5	360
153.55	360
153.6	360
153.65	360
153.7	360
153.75	360
153.8	360
153.85	360
153.9	360
153.95	360
154	360
154.05	360
154.1	360
154.15	360
154.2	360
154.25	360
154.3	360
154.35	360
154.4	360
154.45	360
154.5	360
154.55	360
154.6	360
154.65	360
154.7	360
154.75	360
154.8	360
154.85	360
154.9	360
154.95	360
155	360
155.05	360
155.1	360
155.15	360
155.2	360
155.25	360
155.3	360
155.35	360
155.4	360
155.45	360
155.5	360
155.55	360
155.6	360
155.65	360
155.7	360
155.75	360
155.8	360
155.85	360
155.9	360
155.95	360
156	360
156.05	360
156.1	360
156.15	360
156.2	360
156.25	360
156.3	360
156.35	360
156.4	360
156.45	360
156.5	360
156.55	360
156.6	360
156.65	360
156.7	360
156.75	360
156.8	360
156.85	360
156.9	360
156.95	360
157	360
157.05	360
157.1	360
157.15	360
157.2	360
157.25	360
157.3	360
157.35	360
157.4	360
157.45	360
157.5	360
157.55	360
157.6	360
157.65	360
157.7	360
157.75	360
157.8	360
157.85	360
157.9	360
157.95	360
158	360
158.05	360
158.1	360
158.15	360
158.2	360
158.25	360
158.3	360
158.35	360
158.4	360
158.45	360
158.5	360
158.55	360
158.6	360
158.65	360
158.7	360
158.75	360
158.8	360
158.85	360
158.9	360
158.95	360
159	360
159.05	360
159.1	360
159.15	360
159.2	360
159.25	360
159.3	360
159.35	360
159.4	360
159.45	360
159.5	360
159.55	360
159.6	360
159.65	360
159.7	360
159.75	360
159.8	360
159.85	360
159.9	360
159.95	360
160	360
160.05	360
160.1	360
160.15	363
160.2	363
160.25	367
160.3	367
160.35	370
160.4	370
160.45	371
160.5	371
160.55	375
160.6	375
160.65	379
160.7	379
160.75	382
160.8	382
160.85	383
160.9	383
160.95	387
161	387
161.05	391
161.1	391
161.15	392
161.2	392
161.25	393
161.3	393
161.35	397
161.4	397
161.45	400
161.5	400
161.55	401
161.6	401
161.65	405
161.7	405
161.75	408
161.8	408
161.85	409
161.9	409
161.95	413
162	413
162.05	416
162.1	416
162.15	417
162.2	417
162.25	421
162.3	421
162.35	424
162.4	424
162.45	425
162.5	425
162.55	429
162.6	429
162.65	432
162.7	432
162.75	433
162.8	433
162.85	437
162.9	437
162.95	440
163	440
163.05	441
163.1	441
163.15	445
163.2	445
163.25	448
163.3	448
163.35	449
163.4	449
163.45	453
163.5	453
163.55	457
163.6	457
163.65	458
163.7	458
163.75	459
163.8	459
163.85	463
163.9	463
163.95	466
164	466
164.05	467
164.1	467
164.15	471
164.2	471
164.25	474
164.3	474
164.35	475
164.4	475
164.45	479
164.5	479
164.55	482
164.6	482
164.65	483
164.7	483
164.75	487
164.8	487
164.85	490
164.9	490
164.95	491
165	491
165.05	495
165.1	495
165.15	498
165.2	498
165.25	499
165.3	499
165.35	503
165.4	503
165.45	506
165.5	506
165.55	507
165.6	507
165.65	511
165.7	511
165.75	514
165.8	514
165.85	515
165.9	515
165.95	519
166	519
166.05	522
166.1	522
166.15	522
166.2	522
166.25	526
166.3	526
166.35	530
166.4	530
166.45	534
166.5	534
166.55	538
166.6	538
166.65	542
166.7	542
166.75	545
166.8	545
166.85	548
166.9	548
166.95	551
167	551
167.05	555
167.1	555
167.15	558
167.2	558
167.25	558
167.3	558
167.35	561
167.4	561
167.45	565
167.5	565
167.55	568
167.6	568
167.65	568
167.7	568
167.75	571
167.8	571
167.85	574
167.9	574
167.95	577
168	577
168.05	580
168.1	580
168.15	583
168.2	583
168.25	586
168.3	586
168.35	589
168.4	589
168.45	593
168.5	593
168.55	596
168.6	596
168.65	596
168.7	596
168.75	599
168.8	599
168.85	602
168.9	602
168.95	605
169	605
169.05	608
169.1	608
169.15	611
169.2	611
169.25	614
169.3	614
169.35	617
169.4	617
169.45	620
169.5	620
169.55	623
169.6	623
169.65	626
169.7	626
169.75	627
169.8	627
169.85	630
169.9	630
169.95	631
170	631
170.05	634
170.1	634
170.15	635
170.2	635
170.25	638
170.3	638
170.35	641
170.4	641
170.45	644
170.5	644
170.55	647
170.6	647
170.65	650
170.7	650
170.75	651
170.8	651
170.85	654
170.9	654
170.95	657
171	657
171.05	660
171.1	660
171.15	663
171.2	663
171.25	666
171.3	666
171.35	669
171.4	669
171.45	672
171.5	672
171.55	675
171.6	675
171.65	678
171.7	678
171.75	681
171.8	681
171.85	684
171.9	684
171.95	685
172	685
172.05	688
172.1	688
172.15	689
172.2	689
172.25	692
172.3	692
172.35	693
172.4	693
172.45	696
172.5	696
172.55	699
172.6	699
172.65	702
172.7	702
172.75	705
172.8	705
172.85	706
172.9	706
172.95	707
173	707
173.05	710
173.1	710
173.15	711
173.2	711
173.25	712
173.3	712
173.35	713
173.4	713
173.45	716
173.5	716
173.55	717
173.6	717
173.65	718
173.7	718
173.75	718
173.8	718
173.85	716
173.9	716
173.95	714
174	714
174.05	714
174.1	714
174.15	717
174.2	717
174.25	720
174.3	720
174.35	721
174.4	721
174.45	718
174.5	718
174.55	714
174.6	714
174.65	712
174.7	712
174.75	715
174.8	715
174.85	718
174.9	718
174.95	721
175	721
175.05	720
175.1	720
175.15	717
175.2	717
175.25	713
175.3	713
175.35	711
175.4	711
175.45	712
175.5	712
175.55	713
175.6	713
175.65	714
175.7	714
175.75	714
175.8	714
175.85	717
175.9	717
175.95	720
176	720
176.05	721
176.1	721
176.15	718
176.2	718
176.25	714
176.3	714
176.35	712
176.4	712
176.45	715
176.5	715
176.55	718
176.6	718
176.65	721
176.7	721
176.75	720
176.8	720
176.85	717
176.9	717
176.95	713
177	713
177.05	711
177.1	711
177.15	712
177.2	712
177.25	713
177.3	713
177.35	714
177.4	714
177.45	714
177.5	714
177.55	717
177.6	717
177.65	720
177.7	720
177.75	721
177.8	721
177.85	718
177.9	718
177.95	714
178	714
178.05	712
178.1	712
178.15	715
178.2	715
178.25	718
178.3	718
178.35	721
178.4	721
178.45	720
178.5	720
178.55	717
178.6	717
178.65	713
178.7	713
178.75	711
178.8	711
178.85	712
178.9	712
178.95	713
179	713
179.05	714
179.1	714
179.15	714
179.2	714
179.25	717
179.3	717
179.35	720
179.4	720
179.45	721
179.5	721
179.55	718
179.6	718
179.65	714
179.7	714
179.75	712
179.8	712
179.85	715
179.9	715
179.95	718
180	718
180.05	721
180.1	721
180.15	720
180.2	720
180.25	717
180.3	717
180.35	713
180.4	713
180.45	711
180.5	711
180.55	712
180.6	712
180.65	713
180.7	713
180.75	714
180.8	714
180.85	714
180.9	714
180.95	717
181	717
181.05	720
181.1	720
181.15	721
181.2	721
181.25	718
181.3	718
181.35	714
181.4	714
181.45	714
181.5	712
181.55	712
181.6	715
181.65	715
181.7	718
181.75	718
181.8	721
181.85	721
181.9	720
181.95	720
182	717
182.05	717
182.1	713
182.15	713
182.2	711
182.25	711
182.3	712
182.35	712
182.4	713
182.45	713
182.5	714
182.55	714
182.6	714
182.65	714
182.7	717
182.75	717
182.8	720
182.85	720
182.9	721
182.95	721
183	718
183.05	718
183.1	714
183.15	714
183.2	712
183.25	712
183.3	715
183.35	715
183.4	718
183.45	718
183.5	721
183.55	721
183.6	720
183.65	720
183.7	717
183.75	717
183.8	713
183.85	713
183.9	711
183.95	711
184	712
184.05	712
184.1	713
184.15	713
184.2	714
184.25	714
184.3	714
184.35	714
184.4	717
184.45	717
184.5	720
184.55	720
184.6	720
184.65	720
184.7	718
184.75	718
184.8	714
184.85	714
184.9	712
184.95	712
185	715
185.05	715
185.1	718
185.15	718
185.2	721
185.25	721
185.3	721
185.35	721
185.4	718
185.45	718
185.5	712
185.55	712
185.6	710
185.65	710
185.7	713
185.75	713
185.8	716
185.85	716
185.9	717
185.95	717
186	718
186.05	718
186.1	718
186.15	718
186.2	716
186.25	716
186.3	714
186.35	714
186.4	714
186.45	714
186.5	717
186.55	717
186.6	720
186.65	720
186.7	721
186.75	721
186.8	718
186.85	718
186.9	714
186.95	714
187	712
187.05	712
187.1	715
187.15	715
187.2	718
187.25	718
187.3	721
187.35	721
187.4	720
187.45	720
187.5	717
187.55	717
187.6	713
187.65	713
187.7	711
187.75	711
187.8	712
187.85	712
187.9	713
187.95	713
188	714
188.05	714
188.1	714
188.15	714
188.2	717
188.25	717
188.3	720
188.35	720
188.4	721
188.45	721
188.5	718
188.55	718
188.6	714
188.65	714
188.7	712
188.75	712
188.8	715
188.85	715
188.9	718
188.95	718
189	721
189.05	721
189.1	720
189.15	720
189.2	717
189.25	717
189.3	713
189.35	713
189.4	711
189.45	711
189.5	712
189.55	712
189.6	713
189.65	713
189.7	714
189.75	714
189.8	714
189.85	714
189.9	717
189.95	717
190	720
190.05	720
190.1	721
190.15	721
190.2	718
190.25	718
190.3	714
190.35	714
190.4	712
190.45	712
190.5	715
190.55	715
190.6	718
190.65	718
190.7	721
190.75	721
190.8	720
190.85	720
190.9	717
190.95	717
191	713
191.05	713
191.1	711
191.15	711
191.2	712
191.25	712
191.3	713
191.35	713
191.4	714
191.45	714
191.5	714
191.55	714
191.6	717
191.65	717
191.7	720
191.75	720
191.8	721
191.85	721
191.9	718
191.95	718
192	714
192.05	714
192.1	714
192.15	712
192.2	712
192.25	715
192.3	715
192.35	718
192.4	718
192.45	721
192.5	721
192.55	720
192.6	720
192.65	717
192.7	717
192.75	713
192.8	713
192.85	711
192.9	711
192.95	712
193	712
193.05	713
193.1	713
193.15	714
193.2	714
193.25	714
193.3	714
193.35	717
193.4	717
193.45	720
193.5	720
193.55	721
193.6	721
193.65	718
193.7	718
193.75	714
193.8	714
193.85	712
193.9	712
193.95	715
194	715
194.05	718
194.1	718
194.15	721
194.2	721
194.25	720
194.3	720
194.35	717
194.4	717
194.45	713
194.5	713
194.55	711
194.6	711
194.65	712
194.7	712
194.75	713
194.8	713
194.85	714
194.9	714
194.95	714
195	714
195.05	717
195.1	717
195.15	720
195.2	720
195.25	721
195.3	721
195.35	718
195.4	718
195.45	714
195.5	714
195.55	712
195.6	712
195.65	715
195.7	715
195.75	718
195.8	718
195.85	721
195.9	721
195.95	720
196	720
196.05	717
196.1	717
196.15	713
196.2	713
196.25	711
196.3	711
196.35	712
196.4	712
196.45	713
196.5	713
196.55	714
196.6	714
196.65	714
196.7	714
196.75	717
196.8	717
196.85	720
196.9	720
196.95	720
197	720
197.05	718
197.1	718
197.15	714
197.2	714
197.25	712
197.3	712
197.35	715
197.4	715
197.45	718
197.5	718
197.55	721
197.6	721
197.65	721
197.7	721
197.75	718
197.8	718
197.85	712
197.9	712
197.95	710
198	710
198.05	713
198.1	713
198.15	716
198.2	716
198.25	717
198.3	717
198.35	718
198.4	718
198.45	718
198.5	718
198.55	716
198.6	716
198.65	714
198.7	714
198.75	714
198.8	714
198.85	717
198.9	717
198.95	720
199	720
199.05	721
199.1	721
199.15	718
199.2	718
199.25	714
199.3	714
199.35	712
199.4	712
199.45	715
199.5	715
199.55	718
199.6	718
199.65	721
199.7	721
199.75	720
199.8	720
199.85	717
199.9	717
199.95	713
200	713
200.05	711
200.1	711
200.15	712
200.2	712
200.25	713
200.3	713
200.35	714
200.4	714
200.45	714
200.5	714
200.55	717
200.6	717
200.65	720
200.7	720
200.75	721
200.8	721
200.85	718
200.9	718
200.95	714
201	714
201.05	712
201.1	712
201.15	715
201.2	715
201.25	718
201.3	718
201.35	721
201.4	721
201.45	720
201.5	720
201.55	717
201.6	717
201.65	713
201.7	713
201.75	711
201.8	711
201.85	712
201.9	712
201.95	713
202	713
202.05	714
202.1	714
202.15	714
202.2	714
202.25	717
202.3	717
202.35	720
202.4	720
202.45	721
202.5	721
202.55	718
202.6	718
202.65	714
202.7	714
202.75	714
202.8	712
202.85	712
202.9	715
202.95	715
203	718
203.05	718
203.1	721
203.15	721
203.2	720
203.25	720
203.3	717
203.35	717
203.4	713
203.45	713
203.5	711
203.55	711
203.6	712
203.65	712
203.7	713
203.75	713
203.8	714
203.85	714
203.9	714
203.95	714
204	717
204.05	717
204.1	720
204.15	720
204.2	721
204.25	721
204.3	718
204.35	718
204.4	714
204.45	714
204.5	712
204.55	712
204.6	715
204.65	715
204.7	718
204.75	718
204.8	721
204.85	721
204.9	720
204.95	720
205	717
205.05	717
205.1	713
205.15	713
205.2	711
205.25	711
205.3	712
205.35	712
205.4	713
205.45	713
205.5	714
205.55	714
205.6	714
205.65	714
205.7	717
205.75	717
205.8	720
205.85	720
205.9	721
205.95	721
206	718
206.05	718
206.1	714
206.15	714
206.2	712
206.25	712
206.3	715
206.35	715
206.4	718
206.45	718
206.5	721
206.55	721
206.6	720
206.65	720
206.7	717
206.75	717
206.8	713
206.85	713
206.9	711
206.95	711
207	712
207.05	712
207.1	713
207.15	713
207.2	714
207.25	714
207.3	714
207.35	714
207.4	717
207.45	717
207.5	720
207.55	720
207.6	721
207.65	721
207.7	718
207.75	718
207.8	714
207.85	714
207.9	712
207.95	712
208	715
208.05	715
208.1	718
208.15	718
208.2	721
208.25	721
208.3	720
208.35	720
208.4	717
208.45	717
208.5	713
208.55	713
208.6	711
208.65	711
208.7	712
208.75	712
208.8	713
208.85	713
208.9	714
208.95	714
209	714
209.05	714
209.1	717
209.15	717
209.2	720
209.25	720
209.3	720
209.35	720
209.4	718
209.45	718
209.5	714
209.55	714
209.6	712
209.65	712
209.7	715
209.75	715
209.8	718
209.85	718
209.9	721
209.95	721
210	721
210.05	721
210.1	718
210.15	718
210.2	712
210.25	712
210.3	710
210.35	710
210.4	713
210.45	713
210.5	716
210.55	716
210.6	717
210.65	717
210.7	718
210.75	718
210.8	718
210.85	718
210.9	716
210.95	716
211	714
211.05	714
211.1	714
211.15	714
211.2	717
211.25	717
211.3	720
211.35	720
211.4	721
211.45	721
211.5	718
211.55	718
211.6	714
211.65	714
211.7	712
211.75	712
211.8	715
211.85	715
211.9	718
211.95	718
212	721
212.05	721
212.1	720
212.15	720
212.2	717
212.25	717
212.3	713
212.35	713
212.4	711
212.45	711
212.5	712
212.55	712
212.6	713
212.65	713
212.7	714
212.75	714
212.8	714
212.85	714
212.9	717
212.95	717
213	720
213.05	720
213.1	721
213.15	721
213.2	718
213.25	718
213.3	714
213.35	714
213.4	714
213.45	712
213.5	712
213.55	715
213.6	715
213.65	718
213.7	718
213.75	721
213.8	721
213.85	720
213.9	720
213.95	717
214	717
214.05	713
214.1	713
214.15	711
214.2	711
214.25	712
214.3	712
214.35	713
214.4	713
214.45	714
214.5	714
214.55	714
214.6	714
214.65	717
214.7	717
214.75	720
214.8	720
214.85	721
214.9	721
214.95	718
215	718
215.05	714
215.1	714
215.15	712
215.2	712
215.25	715
215.3	715
215.35	718
215.4	718
215.45	721
215.5	721
215.55	720
215.6	720
215.65	717
215.7	717
215.75	713
215.8	713
215.85	711
215.9	711
215.95	712
216	712
216.05	713
216.1	713
216.15	714
216.2	714
216.25	714
216.3	714
216.35	717
216.4	717
216.45	720
216.5	720
216.55	721
216.6	721
216.65	718
216.7	718
216.75	714
216.8	714
216.85	712
216.9	712
216.95	715
217	715
217.05	718
217.1	718
217.15	721
217.2	721
217.25	720
217.3	720
217.35	717
217.4	717
217.45	713
217.5	713
217.55	711
217.6	711
217.65	712
217.7	712
217.75	713
217.8	713
217.85	714
217.9	714
217.95	714
218	714
218.05	717
218.1	717
218.15	720
218.2	720
218.25	721
218.3	721
218.35	718
218.4	718
218.45	714
218.5	714
218.55	712
218.6	712
218.65	715
218.7	715
218.75	718
218.8	718
218.85	721
218.9	721
218.95	720
219	720
219.05	717
219.1	717
219.15	713
219.2	713
219.25	711
219.3	711
219.35	712
219.4	712
219.45	713
219.5	713
219.55	714
219.6	714
219.65	714
219.7	714
219.75	717
219.8	717
219.85	720
219.9	720
219.95	721
220	721
220.05	718
220.1	718
220.15	714
220.2	714
220.25	712
220.3	712
220.35	715
220.4	715
220.45	718
220.5	718
220.55	721
220.6	721
220.65	720
220.7	720
220.75	717
220.8	717
220.85	713
220.9	713
220.95	711
221	711
221.05	712
221.1	712
221.15	713
221.2	713
221.25	714
221.3	714
221.35	714
221.4	714
221.45	717
221.5	717
221.55	720
221.6	720
221.65	720
221.7	720
221.75	718
221.8	718
221.85	714
221.9	714
221.95	712
222	712
222.05	715
222.1	715
222.15	718
222.2	718
222.25	721
222.3	721
222.35	721
222.4	721
222.45	718
222.5	718
222.55	712
222.6	712
222.65	710
222.7	710
222.75	713
222.8	713
222.85	716
222.9	716
222.95	717
223	717
223.05	718
223.1	718
223.15	718
223.2	718
223.25	716
223.3	716
223.35	714
223.4	714
223.45	714
223.5	714
223.55	717
223.6	717
223.65	720
223.7	720
223.75	721
223.8	721
223.85	718
223.9	718
223.95	714
224	714
224.05	714
224.1	712
224.15	712
224.2	715
224.25	715
224.3	718
224.35	718
224.4	721
224.45	721
224.5	720
224.55	720
224.6	717
224.65	717
224.7	713
224.75	713
224.8	711
224.85	711
224.9	712
224.95	712
225	713
225.05	713
225.1	714
225.15	714
225.2	714
225.25	714
225.3	717
225.35	717
225.4	720
225.45	720
225.5	721
225.55	721
225.6	718
225.65	718
225.7	714
225.75	714
225.8	712
225.85	712
225.9	715
225.95	715
226	718
226.05	718
226.1	721
226.15	721
226.2	720
226.25	720
226.3	717
226.35	717
226.4	713
226.45	713
226.5	711
226.55	711
226.6	712
226.65	712
226.7	713
226.75	713
226.8	714
226.85	714
226.9	714
226.95	714
227	717
227.05	717
227.1	720
227.15	720
227.2	721
227.25	721
227.3	718
227.35	718
227.4	714
227.45	714
227.5	712
227.55	712
227.6	715
227.65	715
227.7	718
227.75	718
227.8	721
227.85	721
227.9	720
227.95	720
228	717
228.05	717
228.1	713
228.15	713
228.2	711
228.25	711
228.3	712
228.35	712
228.4	713
228.45	713
228.5	714
228.55	714
228.6	714
228.65	714
228.7	717
228.75	717
228.8	720
228.85	720
228.9	721
228.95	721
229	718
229.05	718
229.1	714
229.15	714
229.2	712
229.25	712
229.3	715
229.35	715
229.4	718
229.45	718
229.5	721
229.55	721
229.6	720
229.65	720
229.7	717
229.75	717
229.8	713
229.85	713
229.9	711
229.95	711
230	712
230.05	712
230.1	713
230.15	713
230.2	714
230.25	714
230.3	714
230.35	714
230.4	717
230.45	717
230.5	720
230.55	720
230.6	721
230.65	721
230.7	718
230.75	718
230.8	714
230.85	714
230.9	712
230.95	712
231	715
231.05	715
231.1	718
231.15	718
231.2	721
231.25	721
231.3	720
231.35	720
231.4	717
231.45	717
231.5	713
231.55	713
231.6	711
231.65	711
231.7	712
231.75	712
231.8	713
231.85	713
231.9	714
231.95	714
232	714
232.05	714
232.1	717
232.15	717
232.2	720
232.25	720
232.3	721
232.35	721
232.4	718
232.45	718
232.5	714
232.55	714
232.6	712
232.65	712
232.7	715
232.75	715
232.8	718
232.85	718
232.9	721
232.95	721
233	720
233.05	720
233.1	717
233.15	717
233.2	713
233.25	713
233.3	711
233.35	711
233.4	712
233.45	712
233.5	713
233.55	713
233.6	714
233.65	714
233.7	714
233.75	714
233.8	717
233.85	717
233.9	720
233.95	720
234	720
234.05	720
234.1	718
234.15	718
234.2	714
234.25	714
234.3	712
234.35	712
234.4	715
234.45	715
234.5	718
234.55	718
234.6	721
234.65	721
234.7	721
234.75	721
234.8	721
234.85	718
234.9	718
234.95	712
235	712
235.05	710
235.1	710
235.15	713
235.2	713
235.25	716
235.3	716
235.35	717
235.4	717
235.45	718
235.5	718
235.55	718
235.6	718
235.65	716
235.7	716
235.75	714
235.8	714
235.85	714
235.9	714
235.95	717
236	717
236.05	720
236.1	720
236.15	721
236.2	721
236.25	718
236.3	718
236.35	714
236.4	714
236.45	712
236.5	712
236.55	715
236.6	715
236.65	718
236.7	718
236.75	721
236.8	721
236.85	720
236.9	720
236.95	717
237	717
237.05	713
237.1	713
237.15	711
237.2	711
237.25	712
237.3	712
237.35	713
237.4	713
237.45	714
237.5	714
237.55	714
237.6	714
237.65	717
237.7	717
237.75	720
237.8	720
237.85	721
237.9	721
237.95	718
238	718
238.05	714
238.1	714
238.15	712
238.2	712
238.25	715
238.3	715
238.35	718
238.4	718
238.45	721
238.5	721
238.55	720
238.6	720
238.65	717
238.7	717
238.75	713
238.8	713
238.85	711
238.9	711
238.95	712
239	712
239.05	713
239.1	713
239.15	714
239.2	714
239.25	714
239.3	714
239.35	717
239.4	717
239.45	720
239.5	720
239.55	721
239.6	721
239.65	718
239.7	718
239.75	714
239.8	714
239.85	712
239.9	712
239.95	715
