# Time(s)	CWND(packets)
0.05	0
0.1	0
0.15	10
0.2	10
0.25	15
0.3	15
0.35	22
0.4	22
0.45	20.25
0.5	20.25
0.55	23.25
0.6	23.25
0.65	26.25
0.7	26.25
0.75	29.25
0.8	29.25
0.85	32.25
0.9	32.25
0.95	35.25
1	35.25
1.05	38.25
1.1	38.25
1.15	41.25
1.2	41.25
1.25	42.25
1.3	42.25
1.35	43.25
1.4	43.25
1.45	46.25
1.5	46.25
1.55	46.25
1.6	49.25
1.65	49.25
1.7	50.25
1.75	50.25
1.8	51.25
1.85	51.25
1.9	52.25
1.95	52.25
2	53.25
2.05	53.25
2.1	54.25
2.15	54.25
2.2	55.25
2.25	56.25
2.3	56.25
2.35	57.25
2.4	57.25
2.45	60.25
2.5	60.25
2.55	63.25
2.6	63.25
2.65	66.25
2.7	66.25
2.75	66.25
2.8	67.25
2.85	67.25
2.9	66.25
2.95	66.25
3	63
3.05	63
3.1	60
3.15	60
3.2	59
3.25	59
3.3	62
3.35	62
3.4	63
3.45	63
3.5	64
3.55	64
3.6	65
3.65	65
3.7	64
3.75	64
3.8	64
3.85	63
3.9	63
3.95	62
4	62
4.05	61
4.1	61
4.15	62
4.2	62
4.25	63
4.3	63
4.35	64
4.4	64
4.45	65
4.5	65
4.55	64
4.6	64
4.65	63
4.7	63
4.75	62
4.8	62
4.85	61
4.9	61
4.95	62
5	62
5.05	63
5.1	63
5.15	64
5.2	64
5.25	64
5.3	65
5.35	65
5.4	64
5.45	64
5.5	63
5.55	63
5.6	62
5.65	62
5.7	61
5.75	61
5.8	62
5.85	62
5.9	63
5.95	63
6	64
6.05	64
6.1	65
6.15	65
6.2	64
6.25	64
6.3	63
6.35	63
6.4	63
6.45	62
6.5	62
6.55	61
6.6	61
6.65	62
6.7	62
6.75	63
6.8	63
6.85	64
6.9	64
6.95	65
7	65
7.05	64
7.1	64
7.15	63
7.2	63
7.25	62
7.3	62
7.35	61
7.4	61
7.45	62
7.5	62
7.55	63
7.6	63
7.65	64
7.7	64
7.75	65
7.8	65
7.85	64
7.9	64
7.95	64
8	63
8.05	63
8.1	62
8.15	62
8.2	61
8.25	61
8.3	62
8.35	62
8.4	63
8.45	63
8.5	64
8.55	64
8.6	65
8.65	65
8.7	64
8.75	64
8.8	63
8.85	63
8.9	62
8.95	62
9	61
9.05	61
9.1	62
9.15	62
9.2	63
9.25	63
9.3	63
9.35	64
9.4	64
9.45	65
9.5	65
9.55	64
9.6	64
9.65	63
9.7	63
9.75	62
9.8	62
9.85	61
9.9	61
9.95	62
10	62
10.05	63
10.1	63
10.15	64
10.2	64
10.25	65
10.3	65
10.35	64
10.4	64
10.45	63
10.5	63
10.55	63
10.6	62
10.65	62
10.7	61
10.75	61
10.8	62
10.85	62
10.9	63
10.95	63
11	64
11.05	64
11.1	65
11.15	65
11.2	64
11.25	64
11.3	63
11.35	63
11.4	62
11.45	62
11.5	61
11.55	61
11.6	62
11.65	62
11.7	63
11.75	63
11.8	64
11.85	64
11.9	65
11.95	65
12	65
12.05	64
12.1	64
12.15	63
12.2	63
12.25	62
12.3	62
12.35	61
12.4	61
12.45	62
12.5	62
12.55	63
12.6	63
12.65	64
12.7	64
12.75	65
12.8	65
12.85	64
12.9	64
12.95	63
13	63
13.05	62
13.1	62
13.15	61
13.2	61
13.25	62
13.3	62
13.35	62
13.4	63
13.45	63
13.5	64
13.55	64
13.6	65
13.65	65
13.7	64
13.75	64
13.8	63
13.85	63
13.9	62
13.95	62
14	61
14.05	61
14.1	62
14.15	62
14.2	63
14.25	63
14.3	64
14.35	64
14.4	65
14.45	65
14.5	64
14.55	64
14.6	63
14.65	63
14.7	63
14.75	62
14.8	62
14.85	61
14.9	61
14.95	62
15	62
15.05	63
15.1	63
15.15	64
15.2	64
15.25	65
15.3	65
15.35	64
15.4	64
15.45	63
15.5	63
15.55	62
15.6	62
15.65	61
15.7	61
15.75	62
15.8	62
15.85	63
15.9	63
15.95	64
16	64
16.05	65
16.1	65
16.15	65
16.2	64
16.25	64
16.3	63
16.35	63
16.4	62
16.45	62
16.5	61
16.55	61
16.6	62
16.65	62
16.7	63
16.75	63
16.8	64
16.85	64
16.9	65
16.95	65
17	64
17.05	64
17.1	63
17.15	63
17.2	62
17.25	62
17.3	62
17.35	61
17.4	61
17.45	62
17.5	62
17.55	63
17.6	63
17.65	64
17.7	64
17.75	65
17.8	65
17.85	64
17.9	64
17.95	63
18	63
18.05	62
18.1	62
18.15	61
18.2	61
18.25	62
18.3	62
18.35	63
18.4	63
18.45	64
18.5	64
18.55	65
18.6	65
18.65	64
18.7	64
18.75	64
18.8	63
18.85	63
18.9	62
18.95	62
19	61
19.05	61
19.1	62
19.15	62
19.2	63
19.25	63
19.3	64
19.35	64
19.4	65
19.45	65
19.5	64
19.55	64
19.6	63
19.65	63
19.7	62
19.75	62
19.8	61
19.85	61
19.9	62
19.95	62
20	63
20.05	63
20.1	64
20.15	64
20.2	65
20.25	65
20.3	65
20.35	64
20.4	64
20.45	63
20.5	63
20.55	62
20.6	62
20.65	61
20.7	61
20.75	62
20.8	62
20.85	63
20.9	63
20.95	64
21	64
21.05	65
21.1	65
21.15	64
21.2	64
21.25	63
21.3	63
21.35	62
21.4	62
21.45	62
21.5	61
21.55	61
21.6	62
21.65	62
21.7	63
21.75	63
21.8	64
21.85	64
21.9	65
21.95	65
22	64
22.05	64
22.1	63
22.15	63
22.2	62
22.25	62
22.3	61
22.35	61
22.4	62
22.45	62
22.5	63
22.55	63
22.6	64
22.65	64
22.7	65
22.75	65
22.8	64
22.85	64
22.9	64
22.95	63
23	63
23.05	62
23.1	62
23.15	61
23.2	61
23.25	62
23.3	62
23.35	63
23.4	63
23.45	64
23.5	64
23.55	65
23.6	65
23.65	64
23.7	64
23.75	63
23.8	63
23.85	62
23.9	62
23.95	61
24	61
24.05	62
24.1	62
24.15	63
24.2	63
24.25	64
24.3	64
24.35	64
24.4	65
24.45	65
24.5	64
24.55	64
24.6	63
24.65	63
24.7	62
24.75	62
24.8	61
24.85	61
24.9	62
24.95	62
25	63
25.05	63
25.1	64
25.15	64
25.2	65
25.25	65
25.3	64
25.35	64
25.4	63
25.45	63
25.5	62
25.55	62
25.6	62
25.65	61
25.7	61
25.75	62
25.8	62
25.85	63
25.9	63
25.95	64
26	64
26.05	65
26.1	65
26.15	64
26.2	64
26.25	63
26.3	63
26.35	62
26.4	62
26.45	61
26.5	61
26.55	62
26.6	62
26.65	63
26.7	63
26.75	64
26.8	64
26.85	65
26.9	65
26.95	64
27	64
27.05	64
27.1	63
27.15	63
27.2	62
27.25	62
27.3	61
27.35	61
27.4	62
27.45	62
27.5	63
27.55	63
27.6	64
27.65	64
27.7	65
27.75	65
27.8	64
27.85	64
27.9	63
27.95	63
28	62
28.05	62
28.1	61
28.15	61
28.2	62
28.25	62
28.3	63
28.35	63
28.4	64
28.45	64
28.5	64
28.55	65
28.6	65
28.65	64
28.7	64
28.75	63
28.8	63
28.85	62
28.9	62
28.95	61
29	61
29.05	62
29.1	62
29.15	63
29.2	63
29.25	64
29.3	64
29.35	65
29.4	65
29.45	64
29.5	64
29.55	63
29.6	63
29.65	63
29.7	62
29.75	62
29.8	61
29.85	61
29.9	62
29.95	62
30	63
30.05	63
30.1	64
30.15	64
30.2	65
30.25	65
30.3	64
30.35	64
30.4	63
30.45	63
30.5	62
30.55	62
30.6	61
30.65	61
30.7	62
30.75	62
30.8	63
30.85	63
30.9	64
30.95	64
31	65
31.05	65
31.1	64
31.15	64
31.2	64
31.25	63
31.3	63
31.35	62
31.4	62
31.45	61
31.5	61
31.55	62
31.6	62
31.65	63
31.7	63
31.75	64
31.8	64
31.85	65
31.9	65
31.95	64
32	64
32.05	63
32.1	63
32.15	62
32.2	62
32.25	61
32.3	61
32.35	62
32.4	62
32.45	63
32.5	63
32.55	64
32.6	64
32.65	64
32.7	65
32.75	65
32.8	64
32.85	64
32.9	63
32.95	63
33	62
33.05	62
33.1	61
33.15	61
33.2	62
33.25	62
33.3	63
33.35	63
33.4	64
33.45	64
33.5	65
33.55	65
33.6	64
33.65	64
33.7	63
33.75	63
33.8	63
33.85	62
33.9	62
33.95	61
34	61
34.05	62
34.1	62
34.15	63
34.2	63
34.25	64
34.3	64
34.35	65
34.4	65
34.45	64
34.5	64
34.55	63
34.6	63
34.65	62
34.7	62
34.75	61
34.8	61
34.85	62
34.9	62
34.95	63
35	63
35.05	64
35.1	64
35.15	65
35.2	65
35.25	64
35.3	64
35.35	64
35.4	63
35.45	63
35.5	62
35.55	62
35.6	61
35.65	61
35.7	62
35.75	62
35.8	63
35.85	63
35.9	64
35.95	64
36	65
36.05	65
36.1	64
36.15	64
36.2	63
36.25	63
36.3	62
36.35	62
36.4	61
36.45	61
36.5	62
36.55	62
36.6	62
36.65	63
36.7	63
36.75	64
36.8	64
36.85	65
36.9	65
36.95	64
37	64
37.05	63
37.1	63
37.15	62
37.2	62
37.25	61
37.3	61
37.35	62
37.4	62
37.45	63
37.5	63
37.55	64
37.6	64
37.65	65
37.7	65
37.75	64
37.8	64
37.85	63
37.9	63
37.95	63
38	62
38.05	62
38.1	61
38.15	61
38.2	62
38.25	62
38.3	63
38.35	63
38.4	64
38.45	64
38.5	65
38.55	65
38.6	64
38.65	64
38.7	63
38.75	63
38.8	62
38.85	62
38.9	61
38.95	61
39	62
39.05	62
39.1	63
39.15	63
39.2	64
39.25	64
39.3	65
39.35	65
39.4	65
39.45	64
39.5	64
39.55	63
39.6	63
39.65	62
39.7	62
39.75	61
39.8	61
39.85	62
39.9	62
39.95	63
40	63
40.05	64
40.1	64
40.15	65
40.2	65
40.25	64
40.3	64
40.35	63
40.4	63
40.45	62
40.5	62
40.55	61
40.6	61
40.65	61
40.7	62
40.75	62
40.8	63
40.85	63
40.9	64
40.95	64
41	65
41.05	65
41.1	64
41.15	64
41.2	63
41.25	63
41.3	62
41.35	62
41.4	61
41.45	61
41.5	62
41.55	62
41.6	63
41.65	63
41.7	64
41.75	64
41.8	65
41.85	65
41.9	64
41.95	64
42	64
42.05	63
42.1	63
42.15	62
42.2	62
42.25	61
42.3	61
42.35	62
42.4	62
42.45	63
42.5	63
42.55	64
42.6	64
42.65	65
42.7	65
42.75	64
42.8	64
42.85	63
42.9	63
42.95	62
43	62
43.05	61
43.1	61
43.15	62
43.2	62
43.25	63
43.3	63
43.35	64
43.4	64
43.45	65
43.5	65
43.55	65
43.6	64
43.65	64
43.7	63
43.75	63
43.8	62
43.85	62
43.9	61
43.95	61
44	62
44.05	62
44.1	63
44.15	63
44.2	64
44.25	64
44.3	65
44.35	65
44.4	64
44.45	64
44.5	63
44.55	63
44.6	62
44.65	62
44.7	62
44.75	61
44.8	61
44.85	62
44.9	62
44.95	63
45	63
45.05	64
45.1	64
45.15	65
45.2	65
45.25	64
45.3	64
45.35	63
45.4	63
45.45	62
45.5	62
45.55	61
45.6	61
45.65	62
45.7	62
45.75	63
45.8	63
45.85	64
45.9	64
45.95	65
46	65
46.05	64
46.1	64
46.15	64
46.2	63
46.25	63
46.3	62
46.35	62
46.4	61
46.45	61
46.5	62
46.55	62
46.6	63
46.65	63
46.7	64
46.75	64
46.8	65
46.85	65
46.9	64
46.95	64
47	63
47.05	63
47.1	62
47.15	62
47.2	61
47.25	61
47.3	62
47.35	62
47.4	63
47.45	63
47.5	64
47.55	64
47.6	64
47.65	65
47.7	65
47.75	64
47.8	64
47.85	63
47.9	63
47.95	62
48	62
48.05	61
48.1	61
48.15	62
48.2	62
48.25	63
48.3	63
48.35	64
48.4	64
48.45	65
48.5	65
48.55	64
48.6	64
48.65	63
48.7	63
48.75	62
48.8	62
48.85	62
48.9	61
48.95	61
49	62
49.05	62
49.1	63
49.15	63
49.2	64
49.25	64
49.3	65
49.35	65
49.4	64
49.45	64
49.5	63
49.55	63
49.6	62
49.65	62
49.7	61
49.75	61
49.8	62
49.85	62
49.9	63
49.95	63
50	64
50.05	64
50.1	65
50.15	65
50.2	64
50.25	64
50.3	64
50.35	63
50.4	63
50.45	62
50.5	62
50.55	61
50.6	61
50.65	62
50.7	62
50.75	63
50.8	63
50.85	64
50.9	64
50.95	65
51	65
51.05	64
51.1	64
51.15	63
51.2	63
51.25	62
51.3	62
51.35	61
51.4	61
51.45	62
51.5	62
51.55	63
51.6	63
51.65	64
51.7	64
51.75	64
51.8	65
51.85	65
51.9	64
51.95	64
52	63
52.05	63
52.1	62
52.15	62
52.2	61
52.25	61
52.3	62
52.35	62
52.4	63
52.45	63
52.5	64
52.55	64
52.6	65
52.65	65
52.7	64
52.75	64
52.8	63
52.85	63
52.9	62
52.95	62
53	62
53.05	61
53.1	61
53.15	62
53.2	62
53.25	63
53.3	63
53.35	64
53.4	64
53.45	65
53.5	65
53.55	64
53.6	64
53.65	63
53.7	63
53.75	62
53.8	62
53.85	61
53.9	61
53.95	62
54	62
54.05	63
54.1	63
54.15	64
54.2	64
54.25	65
54.3	65
54.35	64
54.4	64
54.45	64
54.5	63
54.55	63
54.6	62
54.65	62
54.7	61
54.75	61
54.8	62
54.85	62
54.9	63
54.95	63
55	64
55.05	64
55.1	65
55.15	65
55.2	64
55.25	64
55.3	63
55.35	63
55.4	62
55.45	62
55.5	61
55.55	61
55.6	62
55.65	62
55.7	63
55.75	63
55.8	64
55.85	64
55.9	64
55.95	65
56	65
56.05	64
56.1	64
56.15	63
56.2	63
56.25	62
56.3	62
56.35	61
56.4	61
56.45	62
56.5	62
56.55	63
56.6	63
56.65	64
56.7	64
56.75	65
56.8	65
56.85	64
56.9	64
56.95	63
57	63
57.05	63
57.1	62
57.15	62
57.2	61
57.25	61
57.3	62
57.35	62
57.4	63
57.45	63
57.5	64
57.55	64
57.6	65
57.65	65
57.7	64
57.75	64
57.8	63
57.85	63
57.9	62
57.95	62
58	61
58.05	61
58.1	62
58.15	62
58.2	63
58.25	63
58.3	64
58.35	64
58.4	65
58.45	65
58.5	64
58.55	64
58.6	64
58.65	63
58.7	63
58.75	62
58.8	62
58.85	61
58.9	61
58.95	62
59	62
59.05	63
59.1	63
59.15	64
59.2	64
59.25	65
59.3	65
59.35	64
59.4	64
59.45	63
59.5	63
59.55	62
59.6	62
59.65	61
59.7	61
59.75	62
59.8	62
59.85	63
59.9	63
59.95	63
60	64
60.05	64
60.1	65
60.15	65
60.2	64
60.25	64
60.3	63
60.35	63
60.4	62
60.45	62
60.5	61
60.55	61
60.6	62
60.65	62
60.7	63
60.75	63
60.8	64
60.85	64
60.9	65
60.95	65
61	64
61.05	64
61.1	63
61.15	63
61.2	63
61.25	62
61.3	62
61.35	61
61.4	61
61.45	62
61.5	62
61.55	63
61.6	63
61.65	64
61.7	64
61.75	65
61.8	65
61.85	64
61.9	64
61.95	63
62	63
62.05	62
62.1	62
62.15	61
62.2	61
62.25	62
62.3	62
62.35	63
62.4	63
62.45	64
62.5	64
62.55	65
62.6	65
62.65	65
62.7	64
62.75	64
62.8	63
62.85	63
62.9	62
62.95	62
63	61
63.05	61
63.1	62
63.15	62
63.2	63
63.25	63
63.3	64
63.35	64
63.4	65
63.45	65
63.5	64
63.55	64
63.6	63
63.65	63
63.7	62
63.75	62
63.8	61
63.85	61
63.9	62
63.95	62
64	62
64.05	63
64.1	63
64.15	64
64.2	64
64.25	65
64.3	65
64.35	64
64.4	64
64.45	63
64.5	63
64.55	62
64.6	62
64.65	61
64.7	61
64.75	62
64.8	62
64.85	63
64.9	63
64.95	64
65	64
65.05	65
65.1	65
65.15	64
65.2	64
65.25	63
65.3	63
65.35	63
65.4	62
65.45	62
65.5	61
65.55	61
65.6	62
65.65	62
65.7	63
65.75	63
65.8	64
65.85	64
65.9	65
65.95	65
66	64
66.05	64
66.1	63
66.15	63
66.2	62
66.25	62
66.3	61
66.35	61
66.4	62
66.45	62
66.5	63
66.55	63
66.6	64
66.65	64
66.7	65
66.75	65
66.8	65
66.85	64
66.9	64
66.95	63
67	63
67.05	62
67.1	62
67.15	61
67.2	61
67.25	62
67.3	62
67.35	63
67.4	63
67.45	64
67.5	64
67.55	65
67.6	65
67.65	64
67.7	64
67.75	63
67.8	63
67.85	62
67.9	62
67.95	61
68	61
68.05	61
68.1	62
68.15	62
68.2	63
68.25	63
68.3	64
68.35	64
68.4	65
68.45	65
68.5	64
68.55	64
68.6	63
68.65	63
68.7	62
68.75	62
68.8	61
68.85	61
68.9	62
68.95	62
69	63
69.05	63
69.1	64
69.15	64
69.2	65
69.25	65
69.3	64
69.35	64
69.4	64
69.45	63
69.5	63
69.55	62
69.6	62
69.65	61
69.7	61
69.75	62
69.8	62
69.85	63
69.9	63
69.95	64
70	64
70.05	65
70.1	65
70.15	64
70.2	64
70.25	63
70.3	63
70.35	62
70.4	62
70.45	61
70.5	61
70.55	62
70.6	62
70.65	63
70.7	63
70.75	64
70.8	64
70.85	65
70.9	65
70.95	65
71	64
71.05	64
71.1	63
71.15	63
71.2	62
71.25	62
71.3	61
71.35	61
71.4	62
71.45	62
71.5	63
71.55	63
71.6	64
71.65	64
71.7	65
71.75	65
71.8	64
71.85	64
71.9	63
71.95	63
72	62
72.05	62
72.1	62
72.15	61
72.2	61
72.25	62
72.3	62
72.35	63
72.4	63
72.45	64
72.5	64
72.55	65
72.6	65
72.65	64
72.7	64
72.75	63
72.8	63
72.85	62
72.9	62
72.95	61
73	61
73.05	62
73.1	62
73.15	63
73.2	63
73.25	64
73.3	64
73.35	65
73.4	65
73.45	64
73.5	64
73.55	64
73.6	63
73.65	63
73.7	62
73.75	62
73.8	61
73.85	61
73.9	62
73.95	62
74	63
74.05	63
74.1	64
74.15	64
74.2	65
74.25	65
74.3	64
74.35	64
74.4	63
74.45	63
74.5	62
74.55	62
74.6	61
74.65	61
74.7	62
74.75	62
74.8	63
74.85	63
74.9	64
74.95	64
75	64
75.05	65
75.1	65
75.15	64
75.2	64
75.25	63
75.3	63
75.35	62
75.4	62
75.45	61
75.5	61
75.55	62
75.6	62
75.65	63
75.7	63
75.75	64
75.8	64
75.85	65
75.9	65
75.95	64
76	64
76.05	63
76.1	63
76.15	62
76.2	62
76.25	62
76.3	61
76.35	61
76.4	62
76.45	62
76.5	63
76.55	63
76.6	64
76.65	64
76.7	65
76.75	65
76.8	64
76.85	64
76.9	63
76.95	63
77	62
77.05	62
77.1	61
77.15	61
77.2	62
77.25	62
77.3	63
77.35	63
77.4	64
77.45	64
77.5	65
77.55	65
77.6	64
77.65	64
77.7	64
77.75	63
77.8	63
77.85	62
77.9	62
77.95	61
78	61
78.05	62
78.1	62
78.15	63
78.2	63
78.25	64
78.3	64
78.35	65
78.4	65
78.45	64
78.5	64
78.55	63
78.6	63
78.65	62
78.7	62
78.75	61
78.8	61
78.85	62
78.9	62
78.95	63
79	63
79.05	64
79.1	64
79.15	64
79.2	65
79.25	65
79.3	64
79.35	64
79.4	63
79.45	63
79.5	62
79.55	62
79.6	61
79.65	61
79.7	62
79.75	62
79.8	63
79.85	63
79.9	64
79.95	64
80	65
80.05	65
80.1	64
80.15	64
80.2	64
80.25	64
80.3	63
80.35	63
80.4	63
80.45	63
80.5	38
80.55	38
80.6	38
80.65	38
80.7	38
80.75	21
80.8	21
80.85	19
80.9	20
80.95	20
81	20
81.05	21
81.1	21
81.15	24
81.2	24
81.25	27
81.3	27
81.35	28
81.4	28
81.45	29
81.5	29
81.55	30
81.6	30
81.65	31
81.7	31
81.75	32
81.8	32
81.85	32
81.9	33
81.95	33
82	34
82.05	34
82.1	35
82.15	35
82.2	34
82.25	34
82.3	33
82.35	33
82.4	32
82.45	32
82.5	31
82.55	31
82.6	32
82.65	32
82.7	32
82.75	33
82.8	33
82.85	34
82.9	34
82.95	35
83	35
83.05	34
83.1	34
83.15	33
83.2	33
83.25	32
83.3	32
83.35	32
83.4	31
83.45	31
83.5	32
83.55	32
83.6	33
83.65	33
83.7	34
83.75	34
83.8	35
83.85	35
83.9	34
83.95	34
84	33
84.05	33
84.1	32
84.15	32
84.2	32
84.25	32
84.3	32
84.35	33
84.4	33
84.45	34
84.5	34
84.55	35
84.6	35
84.65	34
84.7	34
84.75	33
84.8	33
84.85	32
84.9	32
84.95	32
85	31
85.05	31
85.1	32
85.15	32
85.2	33
85.25	33
85.3	34
85.35	34
85.4	35
85.45	35
85.5	34
85.55	34
85.6	33
85.65	33
85.7	32
85.75	32
85.8	32
85.85	31
85.9	31
85.95	32
86	32
86.05	33
86.1	33
86.15	34
86.2	34
86.25	35
86.3	35
86.35	34
86.4	34
86.45	33
86.5	33
86.55	32
86.6	32
86.65	32
86.7	31
86.75	31
86.8	32
86.85	32
86.9	33
86.95	33
87	34
87.05	34
87.1	35
87.15	35
87.2	34
87.25	34
87.3	33
87.35	33
87.4	33
87.45	32
87.5	32
87.55	31
87.6	31
87.65	32
87.7	32
87.75	33
87.8	33
87.85	34
87.9	34
87.95	35
88	35
88.05	34
88.1	34
88.15	33
88.2	33
88.25	33
88.3	32
88.35	32
88.4	31
88.45	31
88.5	32
88.55	32
88.6	33
88.65	33
88.7	34
88.75	34
88.8	35
88.85	35
88.9	34
88.95	34
89	33
89.05	33
89.1	33
89.15	32
89.2	32
89.25	31
89.3	31
89.35	32
89.4	32
89.45	33
89.5	33
89.55	34
89.6	34
89.65	35
89.7	35
89.75	34
89.8	34
89.85	34
89.9	33
89.95	33
90	32
90.05	32
90.1	31
90.15	31
90.2	32
90.25	32
90.3	33
90.35	33
90.4	34
90.45	34
90.5	35
90.55	35
90.6	34
90.65	34
90.7	34
90.75	33
90.8	33
90.85	32
90.9	32
90.95	31
91	31
91.05	32
91.1	32
91.15	33
91.2	33
91.25	34
91.3	34
91.35	35
91.4	35
91.45	34
91.5	34
91.55	34
91.6	33
91.65	33
91.7	32
91.75	32
91.8	31
91.85	31
91.9	32
91.95	32
92	33
92.05	33
92.1	34
92.15	34
92.2	35
92.25	35
92.3	34
92.35	34
92.4	34
92.45	33
92.5	33
92.55	32
92.6	32
92.65	31
92.7	31
92.75	32
92.8	32
92.85	33
92.9	33
92.95	34
93	34
93.05	35
93.1	35
93.15	34
93.2	34
93.25	34
93.3	33
93.35	33
93.4	32
93.45	32
93.5	31
93.55	31
93.6	32
93.65	32
93.7	33
93.75	33
93.8	34
93.85	34
93.9	35
93.95	35
94	34
94.05	34
94.1	34
94.15	33
94.2	33
94.25	32
94.3	32
94.35	31
94.4	31
94.45	32
94.5	32
94.55	33
94.6	33
94.65	34
94.7	34
94.75	35
94.8	35
94.85	34
94.9	34
94.95	34
95	33
95.05	33
95.1	32
95.15	32
95.2	31
95.25	31
95.3	32
95.35	32
95.4	33
95.45	33
95.5	34
95.55	34
95.6	35
95.65	35
95.7	35
95.75	34
95.8	34
95.85	33
95.9	33
95.95	32
96	32
96.05	31
96.1	31
96.15	32
96.2	32
96.25	33
96.3	33
96.35	34
96.4	34
96.45	35
96.5	35
96.55	35
96.6	34
96.65	34
96.7	33
96.75	33
96.8	32
96.85	32
96.9	31
96.95	31
97	32
97.05	32
97.1	33
97.15	33
97.2	34
97.25	34
97.3	35
97.35	35
97.4	35
97.45	34
97.5	34
97.55	33
97.6	33
97.65	32
97.7	32
97.75	31
97.8	31
97.85	32
97.9	32
97.95	33
98	33
98.05	34
98.1	34
98.15	34
98.2	35
98.25	35
98.3	34
98.35	34
98.4	33
98.45	33
98.5	32
98.55	32
98.6	31
98.65	31
98.7	32
98.75	32
98.8	33
98.85	33
98.9	34
98.95	34
99	34
99.05	35
99.1	35
99.15	34
99.2	34
99.25	33
99.3	33
99.35	32
99.4	32
99.45	31
99.5	31
99.55	32
99.6	32
99.65	33
99.7	33
99.75	34
99.8	34
99.85	34
99.9	35
99.95	35
100	34
100.05	34
100.1	33
100.15	33
100.2	32
100.25	32
100.3	31
100.35	31
100.4	32
100.45	32
100.5	33
100.55	33
100.6	34
100.65	34
100.7	34
100.75	35
100.8	35
100.85	34
100.9	34
100.95	33
101	33
101.05	32
101.1	32
101.15	31
101.2	31
101.25	32
101.3	32
101.35	32
101.4	33
101.45	33
101.5	34
101.55	34
101.6	35
101.65	35
101.7	34
101.75	34
101.8	33
101.85	33
101.9	32
101.95	32
102	32
102.05	32
102.1	33
102.15	33
102.2	33
102.25	34
102.3	34
102.35	35
102.4	35
102.45	34
102.5	34
102.55	33
102.6	33
102.65	32
102.7	32
102.75	31
102.8	31
102.85	32
102.9	32
102.95	32
103	33
103.05	33
103.1	34
103.15	34
103.2	35
103.25	35
103.3	34
103.35	34
103.4	33
103.45	33
103.5	32
103.55	32
103.6	31
103.65	31
103.7	31
103.75	32
103.8	32
103.85	33
103.9	33
103.95	34
104	34
104.05	35
104.1	35
104.15	34
104.2	34
104.25	33
104.3	33
104.35	32
104.4	32
104.45	32
104.5	31
104.55	31
104.6	32
104.65	32
104.7	33
104.75	33
104.8	34
104.85	34
104.9	35
104.95	35
105	34
105.05	34
105.1	33
105.15	33
105.2	32
105.25	32
105.3	32
105.35	32
105.4	32
105.45	33
105.5	33
105.55	34
105.6	34
105.65	35
105.7	35
105.75	34
105.8	34
105.85	33
105.9	33
105.95	32
106	32
106.05	32
106.1	31
106.15	31
106.2	32
106.25	32
106.3	33
106.35	33
106.4	34
106.45	34
106.5	35
106.55	35
106.6	34
106.65	34
106.7	33
106.75	33
106.8	32
106.85	32
106.9	32
106.95	31
107	31
107.05	32
107.1	32
107.15	33
107.2	33
107.25	34
107.3	34
107.35	35
107.4	35
107.45	34
107.5	34
107.55	33
107.6	33
107.65	32
107.7	32
107.75	32
107.8	31
107.85	31
107.9	32
107.95	32
108	33
108.05	33
108.1	34
108.15	34
108.2	35
108.25	35
108.3	34
108.35	34
108.4	33
108.45	33
108.5	33
108.55	32
108.6	32
108.65	31
108.7	31
108.75	32
108.8	32
108.85	33
108.9	33
108.95	34
109	34
109.05	35
109.1	35
109.15	34
109.2	34
109.25	33
109.3	33
109.35	33
109.4	32
109.45	32
109.5	31
109.55	31
109.6	32
109.65	32
109.7	33
109.75	33
109.8	34
109.85	34
109.9	35
109.95	35
110	34
110.05	34
110.1	33
110.15	33
110.2	33
110.25	32
110.3	32
110.35	31
110.4	31
110.45	32
110.5	32
110.55	33
110.6	33
110.65	34
110.7	34
110.75	35
110.8	35
110.85	34
110.9	34
110.95	34
111	33
111.05	33
111.1	32
111.15	32
111.2	31
111.25	31
111.3	32
111.35	32
111.4	33
111.45	33
111.5	34
111.55	34
111.6	35
111.65	35
111.7	34
111.75	34
111.8	34
111.85	33
111.9	33
111.95	32
112	32
112.05	31
112.1	31
112.15	32
112.2	32
112.25	33
112.3	33
112.35	34
112.4	34
112.45	35
112.5	35
112.55	34
112.6	34
112.65	34
112.7	33
112.75	33
112.8	32
112.85	32
112.9	31
112.95	31
113	32
113.05	32
113.1	33
113.15	33
113.2	34
113.25	34
113.3	35
113.35	35
113.4	34
113.45	34
113.5	34
113.55	33
113.6	33
113.65	32
113.7	32
113.75	31
113.8	31
113.85	32
113.9	32
113.95	33
114	33
114.05	34
114.1	34
114.15	35
114.2	35
114.25	34
114.3	34
114.35	34
114.4	33
114.45	33
114.5	32
114.55	32
114.6	31
114.65	31
114.7	32
114.75	32
114.8	33
114.85	33
114.9	34
114.95	34
115	35
115.05	35
115.1	34
115.15	34
115.2	34
115.25	33
115.3	33
115.35	32
115.4	32
115.45	31
115.5	31
115.55	32
115.6	32
115.65	33
115.7	33
115.75	34
115.8	34
115.85	35
115.9	35
115.95	35
116	34
116.05	34
116.1	33
116.15	33
116.2	32
116.25	32
116.3	31
116.35	31
116.4	32
116.45	32
116.5	33
116.55	33
116.6	34
116.65	34
116.7	35
116.75	35
116.8	35
116.85	34
116.9	34
116.95	33
117	33
117.05	32
117.1	32
117.15	31
117.2	31
117.25	32
117.3	32
117.35	33
117.4	33
117.45	34
117.5	34
117.55	35
117.6	35
117.65	35
117.7	34
117.75	34
117.8	33
117.85	33
117.9	32
117.95	32
118	31
118.05	31
118.1	32
118.15	32
118.2	33
118.25	33
118.3	34
118.35	34
118.4	35
118.45	35
118.5	35
118.55	34
118.6	34
118.65	33
118.7	33
118.75	32
118.8	32
118.85	31
118.9	31
118.95	32
119	32
119.05	33
119.1	33
119.15	34
119.2	34
119.25	34
119.3	35
119.35	35
119.4	34
119.45	34
119.5	33
119.55	33
119.6	32
119.65	32
119.7	31
119.75	31
119.8	32
119.85	32
119.9	33
119.95	33
120	34
120.05	34
120.1	34
120.15	35
120.2	35
120.25	34
120.3	34
120.35	33
120.4	33
120.45	32
120.5	32
120.55	31
120.6	31
120.65	32
120.7	32
120.75	33
120.8	33
120.85	34
120.9	34
120.95	34
121	35
121.05	35
121.1	34
121.15	34
121.2	33
121.25	33
121.3	32
121.35	32
121.4	31
121.45	31
121.5	32
121.55	32
121.6	33
121.65	33
121.7	33
121.75	34
121.8	34
121.85	35
121.9	35
121.95	34
122	34
122.05	33
122.1	33
122.15	32
122.2	32
122.25	31
122.3	31
122.35	32
122.4	32
122.45	32
122.5	33
122.55	33
122.6	34
122.65	34
122.7	35
122.75	35
122.8	34
122.85	34
122.9	33
122.95	33
123	32
123.05	32
123.1	32
123.15	32
123.2	32
123.25	33
123.3	33
123.35	34
123.4	34
123.45	35
123.5	35
123.55	34
123.6	34
123.65	33
123.7	33
123.75	32
123.8	32
123.85	31
123.9	31
123.95	32
124	32
124.05	32
124.1	33
124.15	33
124.2	34
124.25	34
124.3	35
124.35	35
124.4	34
124.45	34
124.5	33
124.55	33
124.6	32
124.65	32
124.7	32
124.75	31
124.8	31
124.85	32
124.9	32
124.95	33
125	33
125.05	34
125.1	34
125.15	35
125.2	35
125.25	34
125.3	34
125.35	33
125.4	33
125.45	32
125.5	32
125.55	32
125.6	31
125.65	31
125.7	32
125.75	32
125.8	33
125.85	33
125.9	34
125.95	34
126	35
126.05	35
126.1	34
126.15	34
126.2	33
126.25	33
126.3	32
126.35	32
126.4	32
126.45	32
126.5	32
126.55	33
126.6	33
126.65	34
126.7	34
126.75	35
126.8	35
126.85	34
126.9	34
126.95	33
127	33
127.05	32
127.1	32
127.15	32
127.2	31
127.25	31
127.3	32
127.35	32
127.4	33
127.45	33
127.5	34
127.55	34
127.6	35
127.65	35
127.7	34
127.75	34
127.8	33
127.85	33
127.9	32
127.95	32
128	32
128.05	31
128.1	31
128.15	32
128.2	32
128.25	33
128.3	33
128.35	34
128.4	34
128.45	35
128.5	35
128.55	34
128.6	34
128.65	33
128.7	33
128.75	33
128.8	32
128.85	32
128.9	31
128.95	31
129	32
129.05	32
129.1	33
129.15	33
129.2	34
129.25	34
129.3	35
129.35	35
129.4	34
129.45	34
129.5	33
129.55	33
129.6	33
129.65	32
129.7	32
129.75	31
129.8	31
129.85	32
129.9	32
129.95	33
130	33
130.05	34
130.1	34
130.15	35
130.2	35
130.25	34
130.3	34
130.35	33
130.4	33
130.45	33
130.5	32
130.55	32
130.6	31
130.65	31
130.7	32
130.75	32
130.8	33
130.85	33
130.9	34
130.95	34
131	35
131.05	35
131.1	34
131.15	34
131.2	33
131.25	33
131.3	33
131.35	32
131.4	32
131.45	31
131.5	31
131.55	32
131.6	32
131.65	33
131.7	33
131.75	34
131.8	34
131.85	35
131.9	35
131.95	34
132	34
132.05	34
132.1	33
132.15	33
132.2	32
132.25	32
132.3	31
132.35	31
132.4	32
132.45	32
132.5	33
132.55	33
132.6	34
132.65	34
132.7	35
132.75	35
132.8	34
132.85	34
132.9	34
132.95	33
133	33
133.05	32
133.1	32
133.15	31
133.2	31
133.25	32
133.3	32
133.35	33
133.4	33
133.45	34
133.5	34
133.55	35
133.6	35
133.65	34
133.7	34
133.75	34
133.8	33
133.85	33
133.9	32
133.95	32
134	31
134.05	31
134.1	32
134.15	32
134.2	33
134.25	33
134.3	34
134.35	34
134.4	35
134.45	35
134.5	34
134.55	34
134.6	34
134.65	33
134.7	33
134.75	32
134.8	32
134.85	31
134.9	31
134.95	32
135	32
135.05	33
135.1	33
135.15	34
135.2	34
135.25	35
135.3	35
135.35	34
135.4	34
135.45	34
135.5	33
135.55	33
135.6	32
135.65	32
135.7	32
135.75	32
135.8	33
135.85	33
135.9	34
135.95	34
136	35
136.05	35
136.1	34
136.15	34
136.2	34
136.25	33
136.3	33
136.35	32
136.4	32
136.45	31
136.5	31
136.55	32
136.6	32
136.65	33
136.7	33
136.75	34
136.8	34
136.85	35
136.9	35
136.95	34
137	34
137.05	34
137.1	33
137.15	33
137.2	32
137.25	32
137.3	31
137.35	31
137.4	32
137.45	32
137.5	33
137.55	33
137.6	34
137.65	34
137.7	35
137.75	35
137.8	35
137.85	34
137.9	34
137.95	33
138	33
138.05	32
138.1	32
138.15	31
138.2	31
138.25	32
138.3	32
138.35	33
138.4	33
138.45	34
138.5	34
138.55	35
138.6	35
138.65	35
138.7	34
138.75	34
138.8	33
138.85	33
138.9	32
138.95	32
139	31
139.05	31
139.1	32
139.15	32
139.2	33
139.25	33
139.3	34
139.35	34
139.4	35
139.45	35
139.5	35
139.55	34
139.6	34
139.65	33
139.7	33
139.75	32
139.8	32
139.85	31
139.9	31
139.95	32
140	32
140.05	33
140.1	33
140.15	34
140.2	34
140.25	35
140.3	35
140.35	35
140.4	34
140.45	34
140.5	33
140.55	33
140.6	32
140.65	32
140.7	31
140.75	31
140.8	32
140.85	32
140.9	33
140.95	33
141	34
141.05	34
141.1	34
141.15	35
141.2	35
141.25	34
141.3	34
141.35	33
141.4	33
141.45	32
141.5	32
141.55	31
141.6	31
141.65	32
141.7	32
141.75	33
141.8	33
141.85	34
141.9	34
141.95	34
142	35
142.05	35
142.1	34
142.15	34
142.2	33
142.25	33
142.3	32
142.35	32
142.4	31
142.45	31
142.5	32
142.55	32
142.6	33
142.65	33
142.7	34
142.75	34
142.8	34
142.85	35
142.9	35
142.95	34
143	34
143.05	33
143.1	33
143.15	32
143.2	32
143.25	31
143.3	31
143.35	32
143.4	32
143.45	33
143.5	33
143.55	33
143.6	34
143.65	34
143.7	35
143.75	35
143.8	34
143.85	34
143.9	33
143.95	33
144	32
144.05	32
144.1	31
144.15	31
144.2	32
144.25	32
144.3	32
144.35	33
144.4	33
144.45	34
144.5	34
144.55	35
144.6	35
144.65	34
144.7	34
144.75	33
144.8	33
144.85	32
144.9	32
144.95	31
145	31
145.05	31
145.1	32
145.15	32
145.2	33
145.25	33
145.3	34
145.35	34
145.4	35
145.45	35
145.5	34
145.55	34
145.6	33
145.65	33
145.7	32
145.75	32
145.8	32
145.85	31
145.9	31
145.95	32
146	32
146.05	33
146.1	33
146.15	34
146.2	34
146.25	35
146.3	35
146.35	34
146.4	34
146.45	33
146.5	33
146.55	32
146.6	32
146.65	32
146.7	31
146.75	31
146.8	32
146.85	32
146.9	33
146.95	33
147	34
147.05	34
147.1	35
147.15	35
147.2	34
147.25	34
147.3	33
147.35	33
147.4	32
147.45	32
147.5	32
147.55	32
147.6	32
147.65	33
147.7	33
147.75	34
147.8	34
147.85	35
147.9	35
147.95	34
148	34
148.05	33
148.1	33
148.15	32
148.2	32
148.25	32
148.3	31
148.35	31
148.4	32
148.45	32
148.5	33
148.55	33
148.6	34
148.65	34
148.7	35
148.75	35
148.8	34
148.85	34
148.9	33
148.95	33
149	32
149.05	32
149.1	32
149.15	31
149.2	31
149.25	32
149.3	32
149.35	33
149.4	33
149.45	34
149.5	34
149.55	35
149.6	35
149.65	34
149.7	34
149.75	33
149.8	33
149.85	33
149.9	32
149.95	32
150	31
150.05	31
150.1	32
150.15	32
150.2	33
150.25	33
150.3	34
150.35	34
150.4	35
150.45	35
150.5	34
150.55	34
150.6	33
150.65	33
150.7	33
150.75	32
150.8	32
150.85	31
150.9	31
150.95	32
151	32
151.05	33
151.1	33
151.15	34
151.2	34
151.25	35
151.3	35
151.35	34
151.4	34
151.45	33
151.5	33
151.55	33
151.6	32
151.65	32
151.7	31
151.75	31
151.8	32
151.85	32
151.9	33
151.95	33
152	34
152.05	34
152.1	35
152.15	35
152.2	34
152.25	34
152.3	34
152.35	33
152.4	33
152.45	32
152.5	32
152.55	31
152.6	31
152.65	32
152.7	32
152.75	33
152.8	33
152.85	34
152.9	34
152.95	35
153	35
153.05	34
153.1	34
153.15	34
153.2	33
153.25	33
153.3	32
153.35	32
153.4	31
153.45	31
153.5	32
153.55	32
153.6	33
153.65	33
153.7	34
153.75	34
153.8	35
153.85	35
153.9	34
153.95	34
154	34
154.05	33
154.1	33
154.15	32
154.2	32
154.25	31
154.3	31
154.35	32
154.4	32
154.45	33
154.5	33
154.55	34
154.6	34
154.65	35
154.7	35
154.75	34
154.8	34
154.85	34
154.9	33
154.95	33
155	32
155.05	32
155.1	31
155.15	31
155.2	32
155.25	32
155.3	33
155.35	33
155.4	34
155.45	34
155.5	35
155.55	35
155.6	34
155.65	34
155.7	34
155.75	33
155.8	33
155.85	32
155.9	32
155.95	31
156	31
156.05	32
156.1	32
156.15	33
156.2	33
156.25	34
156.3	34
156.35	35
156.4	35
156.45	34
156.5	34
156.55	34
156.6	33
156.65	33
156.7	32
156.75	32
156.8	32
156.85	32
156.9	33
156.95	33
157	34
157.05	34
157.1	35
157.15	35
157.2	34
157.25	34
157.3	34
157.35	33
157.4	33
157.45	32
157.5	32
157.55	31
157.6	31
157.65	32
157.7	32
157.75	33
157.8	33
157.85	34
157.9	34
157.95	35
158	35
158.05	34
158.1	34
158.15	34
158.2	33
158.25	33
158.3	32
158.35	32
158.4	31
158.45	31
158.5	32
158.55	32
158.6	33
158.65	33
158.7	34
158.75	34
158.8	35
158.85	35
158.9	35
158.95	34
159	34
159.05	33
159.1	33
159.15	32
159.2	32
159.25	31
159.3	31
159.35	32
159.4	32
159.45	33
159.5	33
159.55	34
159.6	34
159.65	35
159.7	35
159.75	35
159.8	34
159.85	34
159.9	33
159.95	33
160	32
160.05	32
160.1	31
160.15	31
160.2	34
160.25	34
160.3	37
160.35	37
160.4	40
160.45	40
160.5	43
160.55	43
160.6	46
160.65	46
160.7	49
160.75	49
160.8	52
160.85	52
160.9	55
160.95	55
161	56
161.05	56
161.1	57
161.15	57
161.2	60
161.25	60
161.3	63
161.35	63
161.4	64
161.45	64
161.5	65
161.55	65
161.6	64
161.65	64
161.7	63
161.75	63
161.8	62
161.85	62
161.9	62
161.95	61
162	61
162.05	62
162.1	62
162.15	63
162.2	63
162.25	64
162.3	64
162.35	65
162.4	65
162.45	64
162.5	64
162.55	63
162.6	63
162.65	62
162.7	62
162.75	61
162.8	61
162.85	62
162.9	62
162.95	63
163	63
163.05	64
163.1	64
163.15	65
163.2	65
163.25	64
163.3	64
163.35	64
163.4	63
163.45	63
163.5	62
163.55	62
163.6	61
163.65	61
163.7	62
163.75	62
163.8	63
163.85	63
163.9	64
163.95	64
164	65
164.05	65
164.1	64
164.15	64
164.2	63
164.25	63
164.3	62
164.35	62
164.4	61
164.45	61
164.5	62
164.55	62
164.6	63
164.65	63
164.7	64
164.75	64
164.8	64
164.85	65
164.9	65
164.95	64
165	64
165.05	63
165.1	63
165.15	62
165.2	62
165.25	61
165.3	61
165.35	62
165.4	62
165.45	63
165.5	63
165.55	64
165.6	64
165.65	65
165.7	65
165.75	64
165.8	64
165.85	63
165.9	63
165.95	62
166	62
166.05	62
166.1	61
166.15	61
166.2	62
166.25	62
166.3	63
166.35	63
166.4	64
166.45	64
166.5	65
166.55	65
166.6	64
166.65	64
166.7	63
166.75	63
166.8	62
166.85	62
166.9	61
166.95	61
167	62
167.05	62
167.1	63
167.15	63
167.2	64
167.25	64
167.3	65
167.35	65
167.4	64
167.45	64
167.5	64
167.55	63
167.6	63
167.65	62
167.7	62
167.75	61
167.8	61
167.85	62
167.9	62
167.95	63
168	63
168.05	64
168.1	64
168.15	65
168.2	65
168.25	64
168.3	64
168.35	63
168.4	63
168.45	62
168.5	62
168.55	61
168.6	61
168.65	62
168.7	62
168.75	63
168.8	63
168.85	64
168.9	64
168.95	64
169	65
169.05	65
169.1	64
169.15	64
169.2	63
169.25	63
169.3	62
169.35	62
169.4	61
169.45	61
169.5	62
169.55	62
169.6	63
169.65	63
169.7	64
169.75	64
169.8	65
169.85	65
169.9	64
169.95	64
170	63
170.05	63
170.1	63
170.15	62
170.2	62
170.25	61
170.3	61
170.35	62
170.4	62
170.45	63
170.5	63
170.55	64
170.6	64
170.65	65
170.7	65
170.75	64
170.8	64
170.85	63
170.9	63
170.95	62
171	62
171.05	61
171.1	61
171.15	62
171.2	62
171.25	63
171.3	63
171.35	64
171.4	64
171.45	65
171.5	65
171.55	64
171.6	64
171.65	64
171.7	63
171.75	63
171.8	62
171.85	62
171.9	61
171.95	61
172	62
172.05	62
172.1	63
172.15	63
172.2	64
172.25	64
172.3	65
172.35	65
172.4	64
172.45	64
172.5	63
172.55	63
172.6	62
172.65	62
172.7	61
172.75	61
172.8	62
172.85	62
172.9	63
172.95	63
173	64
173.05	64
173.1	64
173.15	65
173.2	65
173.25	64
173.3	64
173.35	63
173.4	63
173.45	62
173.5	62
173.55	61
173.6	61
173.65	62
173.7	62
173.75	63
173.8	63
173.85	64
173.9	64
173.95	65
174	65
174.05	64
174.1	64
174.15	63
174.2	63
174.25	63
174.3	62
174.35	62
174.4	61
174.45	61
174.5	62
174.55	62
174.6	63
174.65	63
174.7	64
174.75	64
174.8	65
174.85	65
174.9	64
174.95	64
175	63
175.05	63
175.1	62
175.15	62
175.2	61
175.25	61
175.3	62
175.35	62
175.4	63
175.45	63
175.5	64
175.55	64
175.6	65
175.65	65
175.7	64
175.75	64
175.8	64
175.85	63
175.9	63
175.95	62
176	62
176.05	61
176.1	61
176.15	62
176.2	62
176.25	63
176.3	63
176.35	64
176.4	64
176.45	65
176.5	65
176.55	64
176.6	64
176.65	63
176.7	63
176.75	62
176.8	62
176.85	61
176.9	61
176.95	62
177	62
177.05	62
177.1	63
177.15	63
177.2	64
177.25	64
177.3	65
177.35	65
177.4	64
177.45	64
177.5	63
177.55	63
177.6	62
177.65	62
177.7	61
177.75	61
177.8	62
177.85	62
177.9	63
177.95	63
178	64
178.05	64
178.1	65
178.15	65
178.2	64
178.25	64
178.3	63
178.35	63
178.4	63
178.45	62
178.5	62
178.55	61
178.6	61
178.65	62
178.7	62
178.75	63
178.8	63
178.85	64
178.9	64
178.95	65
179	65
179.05	64
179.1	64
179.15	63
179.2	63
179.25	62
179.3	62
179.35	61
179.4	61
179.45	62
179.5	62
179.55	63
179.6	63
179.65	64
179.7	64
179.75	65
179.8	65
179.85	65
179.9	64
179.95	64
180	63
180.05	63
180.1	62
180.15	62
180.2	61
180.25	61
180.3	62
180.35	62
180.4	63
180.45	63
180.5	64
180.55	64
180.6	65
180.65	65
180.7	64
180.75	64
180.8	63
180.85	63
180.9	62
180.95	62
181	61
181.05	61
181.1	62
181.15	62
181.2	62
181.25	63
181.3	63
181.35	64
181.4	64
181.45	65
181.5	65
181.55	64
181.6	64
181.65	63
181.7	63
181.75	62
181.8	62
181.85	61
181.9	61
181.95	62
182	62
182.05	63
182.1	63
182.15	64
182.2	64
182.25	65
182.3	65
182.35	64
182.4	64
182.45	64
182.5	63
182.55	63
182.6	62
182.65	62
182.7	61
182.75	61
182.8	62
182.85	62
182.9	63
182.95	63
183	64
183.05	64
183.1	65
183.15	65
183.2	64
183.25	64
183.3	63
183.35	63
183.4	62
183.45	62
183.5	61
183.55	61
183.6	62
183.65	62
183.7	63
183.75	63
183.8	64
183.85	64
183.9	65
183.95	65
184	65
184.05	64
184.1	64
184.15	63
184.2	63
184.25	62
184.3	62
184.35	61
184.4	61
184.45	62
184.5	62
184.55	63
184.6	63
184.65	64
184.7	64
184.75	65
184.8	65
184.85	64
184.9	64
184.95	63
185	63
185.05	62
185.1	62
185.15	62
185.2	61
185.25	61
185.3	62
185.35	62
185.4	63
185.45	63
185.5	64
185.55	64
185.6	65
185.65	65
185.7	64
185.75	64
185.8	63
185.85	63
185.9	62
185.95	62
186	61
186.05	61
186.1	62
186.15	62
186.2	63
186.25	63
186.3	64
186.35	64
186.4	65
186.45	65
186.5	64
186.55	64
186.6	64
186.65	63
186.7	63
186.75	62
186.8	62
186.85	61
186.9	61
186.95	62
187	62
187.05	63
187.1	63
187.15	64
187.2	64
187.25	65
187.3	65
187.35	64
187.4	64
187.45	63
187.5	63
187.55	62
187.6	62
187.65	61
187.7	61
187.75	62
187.8	62
187.85	63
187.9	63
187.95	64
188	64
188.05	64
188.1	65
188.15	65
188.2	64
188.25	64
188.3	63
188.35	63
188.4	62
188.45	62
188.5	61
188.55	61
188.6	62
188.65	62
188.7	63
188.75	63
188.8	64
188.85	64
188.9	65
188.95	65
189	64
189.05	64
189.1	63
189.15	63
189.2	62
189.25	62
189.3	62
189.35	61
189.4	61
189.45	62
189.5	62
189.55	63
189.6	63
189.65	64
189.7	64
189.75	65
189.8	65
189.85	64
189.9	64
189.95	63
190	63
190.05	62
190.1	62
190.15	61
190.2	61
190.25	62
190.3	62
190.35	63
190.4	63
190.45	64
190.5	64
190.55	65
190.6	65
190.65	64
190.7	64
190.75	64
190.8	63
190.85	63
190.9	62
190.95	62
191	61
191.05	61
191.1	62
191.15	62
191.2	63
191.25	63
191.3	64
191.35	64
191.4	65
191.45	65
191.5	64
191.55	64
191.6	63
191.65	63
191.7	62
191.75	62
191.8	61
191.85	61
191.9	62
191.95	62
192	63
192.05	63
192.1	64
192.15	64
192.2	64
192.25	65
192.3	65
192.35	64
192.4	64
192.45	63
192.5	63
192.55	62
192.6	62
192.65	61
192.7	61
192.75	62
192.8	62
192.85	63
192.9	63
192.95	64
193	64
193.05	65
193.1	65
193.15	64
193.2	64
193.25	63
193.3	63
193.35	62
193.4	62
193.45	62
193.5	61
193.55	61
193.6	62
193.65	62
193.7	63
193.75	63
193.8	64
193.85	64
193.9	65
193.95	65
194	64
194.05	64
194.1	63
194.15	63
194.2	62
194.25	62
194.3	61
194.35	61
194.4	62
194.45	62
194.5	63
194.55	63
194.6	64
194.65	64
194.7	65
194.75	65
194.8	64
194.85	64
194.9	64
194.95	63
195	63
195.05	62
195.1	62
195.15	61
195.2	61
195.25	62
195.3	62
195.35	63
195.4	63
195.45	64
195.5	64
195.55	65
195.6	65
195.65	64
195.7	64
195.75	63
195.8	63
195.85	62
195.9	62
195.95	61
196	61
196.05	62
196.1	62
196.15	63
196.2	63
196.25	64
196.3	64
196.35	64
196.4	65
196.45	65
196.5	64
196.55	64
196.6	63
196.65	63
196.7	62
196.75	62
196.8	61
196.85	61
196.9	62
196.95	62
197	63
197.05	63
197.1	64
197.15	64
197.2	65
197.25	65
197.3	64
197.35	64
197.4	63
197.45	63
197.5	63
197.55	62
197.6	62
197.65	61
197.7	61
197.75	62
197.8	62
197.85	63
197.9	63
197.95	64
198	64
198.05	65
198.1	65
198.15	64
198.2	64
198.25	63
198.3	63
198.35	62
198.4	62
198.45	61
198.5	61
198.55	62
198.6	62
198.65	63
198.7	63
198.75	64
198.8	64
198.85	65
198.9	65
198.95	64
199	64
199.05	64
199.1	63
199.15	63
199.2	62
199.25	62
199.3	61
199.35	61
199.4	62
199.45	62
199.5	63
199.55	63
199.6	64
199.65	64
199.7	65
199.75	65
199.8	64
199.85	64
199.9	63
199.95	63
200	62
200.05	62
200.1	61
200.15	61
200.2	62
200.25	62
200.3	63
200.35	63
200.4	63
200.45	64
200.5	64
200.55	65
200.6	65
200.65	64
200.7	64
200.75	63
200.8	63
200.85	62
200.9	62
200.95	61
201	61
201.05	62
201.1	62
201.15	63
201.2	63
201.25	64
201.3	64
201.35	65
201.4	65
201.45	64
201.5	64
201.55	63
201.6	63
201.65	63
201.7	62
201.75	62
201.8	61
201.85	61
201.9	62
201.95	62
202	63
202.05	63
202.1	64
202.15	64
202.2	65
202.25	65
202.3	64
202.35	64
202.4	63
202.45	63
202.5	62
202.55	62
202.6	61
202.65	61
202.7	62
202.75	62
202.8	63
202.85	63
202.9	64
202.95	64
203	65
203.05	65
203.1	65
203.15	64
203.2	64
203.25	63
203.3	63
203.35	62
203.4	62
203.45	61
203.5	61
203.55	62
203.6	62
203.65	63
203.7	63
203.75	64
203.8	64
203.85	65
203.9	65
203.95	64
204	64
204.05	63
204.1	63
204.15	62
204.2	62
204.25	61
204.3	61
204.35	62
204.4	62
204.45	62
204.5	63
204.55	63
204.6	64
204.65	64
204.7	65
204.75	65
204.8	64
204.85	64
204.9	63
204.95	63
205	62
205.05	62
205.1	61
205.15	61
205.2	62
205.25	62
205.3	63
205.35	63
205.4	64
205.45	64
205.5	65
205.55	65
205.6	64
205.65	64
205.7	63
205.75	63
205.8	63
205.85	62
205.9	62
205.95	61
206	61
206.05	62
206.1	62
206.15	63
206.2	63
206.25	64
206.3	64
206.35	65
206.4	65
206.45	64
206.5	64
206.55	63
206.6	63
206.65	62
206.7	62
206.75	61
206.8	61
206.85	62
206.9	62
206.95	63
207	63
207.05	64
207.1	64
207.15	65
207.2	65
207.25	65
207.3	64
207.35	64
207.4	63
207.45	63
207.5	62
207.55	62
207.6	61
207.65	61
207.7	62
207.75	62
207.8	63
207.85	63
207.9	64
207.95	64
208	65
208.05	65
208.1	64
208.15	64
208.2	63
208.25	63
208.3	62
208.35	62
208.4	61
208.45	61
208.5	61
208.55	62
208.6	62
208.65	63
208.7	63
208.75	64
208.8	64
208.85	65
208.9	65
208.95	64
209	64
209.05	63
209.1	63
209.15	62
209.2	62
209.25	61
209.3	61
209.35	62
209.4	62
209.45	63
209.5	63
209.55	64
209.6	64
209.65	65
209.7	65
209.75	64
209.8	64
209.85	64
209.9	63
209.95	63
210	62
210.05	62
210.1	61
210.15	61
210.2	62
210.25	62
210.3	63
210.35	63
210.4	64
210.45	64
210.5	65
210.55	65
210.6	64
210.65	64
210.7	63
210.75	63
210.8	62
210.85	62
210.9	61
210.95	61
211	62
211.05	62
211.1	63
211.15	63
211.2	64
211.25	64
211.3	65
211.35	65
211.4	65
211.45	64
211.5	64
211.55	63
211.6	63
211.65	62
211.7	62
211.75	61
211.8	61
211.85	62
211.9	62
211.95	63
212	63
212.05	64
212.1	64
212.15	65
212.2	65
212.25	64
212.3	64
212.35	63
212.4	63
212.45	62
212.5	62
212.55	62
212.6	61
212.65	61
212.7	62
212.75	62
212.8	63
212.85	63
212.9	64
212.95	64
213	65
213.05	65
213.1	64
213.15	64
213.2	63
213.25	63
213.3	62
213.35	62
213.4	61
213.45	61
213.5	62
213.55	62
213.6	63
213.65	63
213.7	64
213.75	64
213.8	65
213.85	65
213.9	64
213.95	64
214	64
214.05	63
214.1	63
214.15	62
214.2	62
214.25	61
214.3	61
214.35	62
214.4	62
214.45	63
214.5	63
214.55	64
214.6	64
214.65	65
214.7	65
214.75	64
214.8	64
214.85	63
214.9	63
214.95	62
215	62
215.05	61
215.1	61
215.15	62
215.2	62
215.25	63
215.3	63
215.35	64
215.4	64
215.45	64
215.5	65
215.55	65
215.6	64
215.65	64
215.7	63
215.75	63
215.8	62
215.85	62
215.9	61
215.95	61
216	62
216.05	62
216.1	63
216.15	63
216.2	64
216.25	64
216.3	65
216.35	65
216.4	64
216.45	64
216.5	63
216.55	63
216.6	62
216.65	62
216.7	62
216.75	61
216.8	61
216.85	62
216.9	62
216.95	63
217	63
217.05	64
217.1	64
217.15	65
217.2	65
217.25	64
217.3	64
217.35	63
217.4	63
217.45	62
217.5	62
217.55	61
217.6	61
217.65	62
217.7	62
217.75	63
217.8	63
217.85	64
217.9	64
217.95	65
218	65
218.05	64
218.1	64
218.15	64
218.2	63
218.25	63
218.3	62
218.35	62
218.4	61
218.45	61
218.5	62
218.55	62
218.6	63
218.65	63
218.7	64
218.75	64
218.8	65
218.85	65
218.9	64
218.95	64
219	63
219.05	63
219.1	62
219.15	62
219.2	61
219.25	61
219.3	62
219.35	62
219.4	63
219.45	63
219.5	64
219.55	64
219.6	64
219.65	65
219.7	65
219.75	64
219.8	64
219.85	63
219.9	63
219.95	62
220	62
220.05	61
220.1	61
220.15	62
220.2	62
220.25	63
220.3	63
220.35	64
220.4	64
220.45	65
220.5	65
220.55	64
220.6	64
220.65	63
220.7	63
220.75	62
220.8	62
220.85	62
220.9	61
220.95	61
221	62
221.05	62
221.1	63
221.15	63
221.2	64
221.25	64
221.3	65
221.35	65
221.4	64
221.45	64
221.5	63
221.55	63
221.6	62
221.65	62
221.7	61
221.75	61
221.8	62
221.85	62
221.9	63
221.95	63
222	64
222.05	64
222.1	65
222.15	65
222.2	64
222.25	64
222.3	64
222.35	63
222.4	63
222.45	62
222.5	62
222.55	61
222.6	61
222.65	62
222.7	62
222.75	63
222.8	63
222.85	64
222.9	64
222.95	65
223	65
223.05	64
223.1	64
223.15	63
223.2	63
223.25	62
223.3	62
223.35	61
223.4	61
223.45	62
223.5	62
223.55	63
223.6	63
223.65	64
223.7	64
223.75	64
223.8	65
223.85	65
223.9	64
223.95	64
224	63
224.05	63
224.1	62
224.15	62
224.2	61
224.25	61
224.3	62
224.35	62
224.4	63
224.45	63
224.5	64
224.55	64
224.6	65
224.65	65
224.7	64
224.75	64
224.8	63
224.85	63
224.9	63
224.95	62
225	62
225.05	61
225.1	61
225.15	62
225.2	62
225.25	63
225.3	63
225.35	64
225.4	64
225.45	65
225.5	65
225.55	64
225.6	64
225.65	63
225.7	63
225.75	62
225.8	62
225.85	61
225.9	61
225.95	62
226	62
226.05	63
226.1	63
226.15	64
226.2	64
226.25	65
226.3	65
226.35	64
226.4	64
226.45	64
226.5	63
226.55	63
226.6	62
226.65	62
226.7	61
226.75	61
226.8	62
226.85	62
226.9	63
226.95	63
227	64
227.05	64
227.1	65
227.15	65
227.2	64
227.25	64
227.3	63
227.35	63
227.4	62
227.45	62
227.5	61
227.55	61
227.6	62
227.65	62
227.7	63
227.75	63
227.8	63
227.85	64
227.9	64
227.95	65
228	65
228.05	64
228.1	64
228.15	63
228.2	63
228.25	62
228.3	62
228.35	61
228.4	61
228.45	62
228.5	62
228.55	63
228.6	63
228.65	64
228.7	64
228.75	65
228.8	65
228.85	64
228.9	64
228.95	63
229	63
229.05	63
229.1	62
229.15	62
229.2	61
229.25	61
229.3	62
229.35	62
229.4	63
229.45	63
229.5	64
229.55	64
229.6	65
229.65	65
229.7	64
229.75	64
229.8	63
229.85	63
229.9	62
229.95	62
230	61
230.05	61
230.1	62
230.15	62
230.2	63
230.25	63
230.3	64
230.35	64
230.4	65
230.45	65
230.5	65
230.55	64
230.6	64
230.65	63
230.7	63
230.75	62
230.8	62
230.85	61
230.9	61
230.95	62
231	62
231.05	63
231.1	63
231.15	64
231.2	64
231.25	65
231.3	65
231.35	64
231.4	64
231.45	63
231.5	63
231.55	62
231.6	62
231.65	61
231.7	61
231.75	62
231.8	62
231.85	62
231.9	63
231.95	63
232	64
232.05	64
232.1	65
232.15	65
232.2	64
232.25	64
232.3	63
232.35	63
232.4	62
232.45	62
232.5	61
232.55	61
232.6	62
232.65	62
232.7	63
232.75	63
232.8	64
232.85	64
232.9	65
232.95	65
233	64
233.05	64
233.1	63
233.15	63
233.2	63
233.25	62
233.3	62
233.35	61
233.4	61
233.45	62
233.5	62
233.55	63
233.6	63
233.65	64
233.7	64
233.75	65
233.8	65
233.85	64
233.9	64
233.95	63
234	63
234.05	62
234.1	62
234.15	61
234.2	61
234.25	62
234.3	62
234.35	63
234.4	63
234.45	64
234.5	64
234.55	65
234.6	65
234.65	65
234.7	64
234.75	64
234.8	63
234.85	63
234.9	62
234.95	62
235	61
235.05	61
235.1	62
235.15	62
235.2	63
235.25	63
235.3	64
235.35	64
235.4	65
235.45	65
235.5	64
235.55	64
235.6	63
235.65	63
235.7	62
235.75	62
235.8	61
235.85	61
235.9	61
235.95	62
236	62
236.05	63
236.1	63
236.15	64
236.2	64
236.25	65
236.3	65
236.35	64
236.4	64
236.45	63
236.5	63
236.55	62
236.6	62
236.65	61
236.7	61
236.75	62
236.8	62
236.85	63
236.9	63
236.95	64
237	64
237.05	65
237.1	65
237.15	64
237.2	64
237.25	64
237.3	63
237.35	63
237.4	62
237.45	62
237.5	61
237.55	61
237.6	62
237.65	62
237.7	63
237.75	63
237.8	64
237.85	64
237.9	65
237.95	65
238	64
238.05	64
238.1	63
238.15	63
238.2	62
238.25	62
238.3	61
238.35	61
238.4	62
238.45	62
238.5	63
238.55	63
238.6	64
238.65	64
238.7	65
238.75	65
238.8	65
238.85	64
238.9	64
238.95	63
239	63
239.05	62
239.1	62
239.15	61
239.2	61
239.25	62
239.3	62
239.35	63
239.4	63
239.45	64
239.5	64
239.55	65
239.6	65
239.65	64
239.7	64
239.75	63
239.8	63
239.85	62
239.9	62
239.95	62
