# Time(s)	CWND(packets)
0.05	0
0.1	0
0.15	10
0.2	10
0.25	15
0.3	15
0.35	22
0.4	22
0.45	33
0.5	33
0.55	49
0.6	49
0.65	73
0.7	73
0.75	109
0.8	109
0.85	163
0.9	163
0.95	218
1	219
1.05	219
1.1	220
1.15	220
1.2	221
1.25	221
1.3	222
1.35	222
1.4	223
1.45	223
1.5	224
1.55	224
1.6	225
1.65	225
1.7	226
1.75	226
1.8	227
1.85	227
1.9	228
1.95	228
2	229
2.05	229
2.1	230
2.15	230
2.2	231
2.25	231
2.3	232
2.35	232
2.4	233
2.45	233
2.5	234
2.55	234
2.6	235
2.65	235
2.7	236
2.75	236
2.8	237
2.85	237
2.9	238
2.95	238
3	239
3.05	239
3.1	240
3.15	240
3.2	241
3.25	241
3.3	242
3.35	242
3.4	243
3.45	243
3.5	244
3.55	244
3.6	244
3.65	245
3.7	245
3.75	246
3.8	246
3.85	247
3.9	247
3.95	248
4	248
4.05	249
4.1	249
4.15	250
4.2	250
4.25	251
4.3	251
4.35	252
4.4	252
4.45	253
4.5	253
4.55	254
4.6	254
4.65	255
4.7	255
4.75	256
4.8	256
4.85	256
4.9	257
4.95	257
5	258
5.05	258
5.1	258
5.15	258
5.2	258
5.25	258
5.3	258
5.35	258
5.4	258
5.45	258
5.5	258
5.55	258
5.6	258
5.65	258
5.7	258
5.75	258
5.8	258
5.85	258
5.9	258
5.95	258
6	258
6.05	258
6.1	258
6.15	258
6.2	258
6.25	258
6.3	258
6.35	258
6.4	258
6.45	258
6.5	258
6.55	258
6.6	258
6.65	258
6.7	258
6.75	258
6.8	258
6.85	258
6.9	258
6.95	258
7	258
7.05	258
7.1	258
7.15	258
7.2	258
7.25	258
7.3	258
7.35	258
7.4	258
7.45	258
7.5	258
7.55	258
7.6	258
7.65	258
7.7	258
7.75	258
7.8	258
7.85	258
7.9	258
7.95	258
8	258
8.05	258
8.1	258
8.15	258
8.2	258
8.25	258
8.3	258
8.35	258
8.4	258
8.45	258
8.5	258
8.55	258
8.6	258
8.65	258
8.7	258
8.75	258
8.8	258
8.85	258
8.9	258
8.95	258
9	258
9.05	258
9.1	258
9.15	258
9.2	258
9.25	258
9.3	258
9.35	258
9.4	258
9.45	258
9.5	258
9.55	258
9.6	258
9.65	258
9.7	258
9.75	258
9.8	258
9.85	258
9.9	258
9.95	258
10	258
10.05	258
10.1	258
10.15	258
10.2	258
10.25	258
10.3	258
10.35	258
10.4	258
10.45	258
10.5	258
10.55	258
10.6	258
10.65	258
10.7	258
10.75	258
10.8	258
10.85	258
10.9	258
10.95	258
11	258
11.05	258
11.1	258
11.15	258
11.2	258
11.25	258
11.3	258
11.35	258
11.4	258
11.45	258
11.5	258
11.55	258
11.6	258
11.65	258
11.7	258
11.75	258
11.8	258
11.85	258
11.9	258
11.95	258
12	258
12.05	258
12.1	258
12.15	258
12.2	258
12.25	258
12.3	258
12.35	258
12.4	258
12.45	258
12.5	258
12.55	258
12.6	258
12.65	258
12.7	258
12.75	258
12.8	258
12.85	258
12.9	258
12.95	258
13	258
13.05	258
13.1	258
13.15	258
13.2	258
13.25	258
13.3	258
13.35	258
13.4	258
13.45	258
13.5	258
13.55	258
13.6	258
13.65	258
13.7	258
13.75	258
13.8	258
13.85	258
13.9	258
13.95	258
14	258
14.05	258
14.1	258
14.15	258
14.2	258
14.25	258
14.3	258
14.35	258
14.4	258
14.45	258
14.5	258
14.55	258
14.6	258
14.65	258
14.7	258
14.75	258
14.8	258
14.85	258
14.9	258
14.95	258
15	258
15.05	258
15.1	258
15.15	258
15.2	258
15.25	258
15.3	258
15.35	258
15.4	258
15.45	258
15.5	258
15.55	258
15.6	258
15.65	258
15.7	258
15.75	258
15.8	258
15.85	258
15.9	258
15.95	258
16	258
16.05	258
16.1	258
16.15	258
16.2	258
16.25	258
16.3	258
16.35	258
16.4	258
16.45	258
16.5	258
16.55	258
16.6	258
16.65	258
16.7	258
16.75	258
16.8	258
16.85	258
16.9	258
16.95	258
17	258
17.05	258
17.1	258
17.15	258
17.2	258
17.25	258
17.3	258
17.35	258
17.4	258
17.45	258
17.5	258
17.55	258
17.6	258
17.65	258
17.7	258
17.75	258
17.8	258
17.85	258
17.9	258
17.95	258
18	258
18.05	258
18.1	258
18.15	258
18.2	258
18.25	258
18.3	258
18.35	258
18.4	258
18.45	258
18.5	258
18.55	258
18.6	258
18.65	258
18.7	258
18.75	258
18.8	258
18.85	258
18.9	258
18.95	258
19	258
19.05	258
19.1	258
19.15	258
19.2	258
19.25	258
19.3	258
19.35	258
19.4	258
19.45	258
19.5	258
19.55	258
19.6	258
19.65	258
19.7	258
19.75	258
19.8	258
19.85	258
19.9	258
19.95	258
20	258
20.05	258
20.1	258
20.15	258
20.2	258
20.25	258
20.3	258
20.35	258
20.4	258
20.45	258
20.5	258
20.55	258
20.6	258
20.65	258
20.7	258
20.75	258
20.8	258
20.85	258
20.9	258
20.95	258
21	258
21.05	258
21.1	258
21.15	258
21.2	258
21.25	258
21.3	258
21.35	258
21.4	258
21.45	258
21.5	258
21.55	258
21.6	258
21.65	258
21.7	258
21.75	258
21.8	258
21.85	258
21.9	258
21.95	258
22	258
22.05	258
22.1	258
22.15	258
22.2	258
22.25	258
22.3	258
22.35	258
22.4	258
22.45	258
22.5	258
22.55	258
22.6	258
22.65	258
22.7	258
22.75	258
22.8	258
22.85	258
22.9	258
22.95	258
23	258
23.05	258
23.1	258
23.15	258
23.2	258
23.25	258
23.3	258
23.35	258
23.4	258
23.45	258
23.5	258
23.55	258
23.6	258
23.65	258
23.7	258
23.75	258
23.8	258
23.85	258
23.9	258
23.95	258
24	258
24.05	258
24.1	258
24.15	258
24.2	258
24.25	258
24.3	258
24.35	258
24.4	258
24.45	258
24.5	258
24.55	258
24.6	258
24.65	258
24.7	258
24.75	258
24.8	258
24.85	258
24.9	258
24.95	258
25	258
25.05	258
25.1	258
25.15	258
25.2	258
25.25	258
25.3	258
25.35	258
25.4	258
25.45	258
25.5	258
25.55	258
25.6	258
25.65	258
25.7	258
25.75	258
25.8	258
25.85	258
25.9	258
25.95	258
26	258
26.05	258
26.1	258
26.15	258
26.2	258
26.25	258
26.3	258
26.35	258
26.4	258
26.45	258
26.5	258
26.55	258
26.6	258
26.65	258
26.7	258
26.75	258
26.8	258
26.85	258
26.9	258
26.95	258
27	258
27.05	258
27.1	258
27.15	258
27.2	258
27.25	258
27.3	258
27.35	258
27.4	258
27.45	258
27.5	258
27.55	258
27.6	258
27.65	258
27.7	258
27.75	258
27.8	258
27.85	258
27.9	258
27.95	258
28	258
28.05	258
28.1	258
28.15	258
28.2	258
28.25	258
28.3	258
28.35	258
28.4	258
28.45	258
28.5	258
28.55	258
28.6	258
28.65	258
28.7	258
28.75	258
28.8	258
28.85	258
28.9	258
28.95	258
29	258
29.05	258
29.1	258
29.15	258
29.2	258
29.25	258
29.3	258
29.35	258
29.4	258
29.45	258
29.5	258
29.55	258
29.6	258
29.65	258
29.7	258
29.75	258
29.8	258
29.85	258
29.9	258
29.95	258
30	258
30.05	258
30.1	258
30.15	258
30.2	258
30.25	258
30.3	258
30.35	258
30.4	258
30.45	258
30.5	258
30.55	258
30.6	258
30.65	258
30.7	258
30.75	258
30.8	258
30.85	258
30.9	258
30.95	258
31	258
31.05	258
31.1	258
31.15	258
31.2	258
31.25	258
31.3	258
31.35	258
31.4	258
31.45	258
31.5	258
31.55	258
31.6	258
31.65	258
31.7	258
31.75	258
31.8	258
31.85	258
31.9	258
31.95	258
32	258
32.05	258
32.1	258
32.15	258
32.2	258
32.25	258
32.3	258
32.35	258
32.4	258
32.45	258
32.5	258
32.55	258
32.6	258
32.65	258
32.7	258
32.75	258
32.8	258
32.85	258
32.9	258
32.95	258
33	258
33.05	258
33.1	258
33.15	258
33.2	258
33.25	258
33.3	258
33.35	258
33.4	258
33.45	258
33.5	258
33.55	258
33.6	258
33.65	258
33.7	258
33.75	258
33.8	258
33.85	258
33.9	258
33.95	258
34	258
34.05	258
34.1	258
34.15	258
34.2	258
34.25	258
34.3	258
34.35	258
34.4	258
34.45	258
34.5	258
34.55	258
34.6	258
34.65	258
34.7	258
34.75	258
34.8	258
34.85	258
34.9	258
34.95	258
35	258
35.05	258
35.1	258
35.15	258
35.2	258
35.25	258
35.3	258
35.35	258
35.4	258
35.45	258
35.5	258
35.55	258
35.6	258
35.65	258
35.7	258
35.75	258
35.8	258
35.85	258
35.9	258
35.95	258
36	258
36.05	258
36.1	258
36.15	258
36.2	258
36.25	258
36.3	258
36.35	258
36.4	258
36.45	258
36.5	258
36.55	258
36.6	258
36.65	258
36.7	258
36.75	258
36.8	258
36.85	258
36.9	258
36.95	258
37	258
37.05	258
37.1	258
37.15	258
37.2	258
37.25	258
37.3	258
37.35	258
37.4	258
37.45	258
37.5	258
37.55	258
37.6	258
37.65	258
37.7	258
37.75	258
37.8	258
37.85	258
37.9	258
37.95	258
38	258
38.05	258
38.1	258
38.15	258
38.2	258
38.25	258
38.3	258
38.35	258
38.4	258
38.45	258
38.5	258
38.55	258
38.6	258
38.65	258
38.7	258
38.75	258
38.8	258
38.85	258
38.9	258
38.95	258
39	258
39.05	258
39.1	258
39.15	258
39.2	258
39.25	258
39.3	258
39.35	258
39.4	258
39.45	258
39.5	258
39.55	258
39.6	258
39.65	258
39.7	258
39.75	258
39.8	258
39.85	258
39.9	258
39.95	258
40	258
40.05	258
40.1	258
40.15	258
40.2	258
40.25	258
40.3	258
40.35	258
40.4	258
40.45	258
40.5	258
40.55	258
40.6	258
40.65	258
40.7	258
40.75	258
40.8	258
40.85	258
40.9	258
40.95	258
41	258
41.05	258
41.1	258
41.15	258
41.2	258
41.25	258
41.3	258
41.35	258
41.4	258
41.45	258
41.5	258
41.55	258
41.6	258
41.65	258
41.7	258
41.75	258
41.8	258
41.85	258
41.9	258
41.95	258
42	258
42.05	258
42.1	258
42.15	258
42.2	258
42.25	258
42.3	258
42.35	258
42.4	258
42.45	258
42.5	258
42.55	258
42.6	258
42.65	258
42.7	258
42.75	258
42.8	258
42.85	258
42.9	258
42.95	258
43	258
43.05	258
43.1	258
43.15	258
43.2	258
43.25	258
43.3	258
43.35	258
43.4	258
43.45	258
43.5	258
43.55	258
43.6	258
43.65	258
43.7	258
43.75	258
43.8	258
43.85	258
43.9	258
43.95	258
44	258
44.05	258
44.1	258
44.15	258
44.2	258
44.25	258
44.3	258
44.35	258
44.4	258
44.45	258
44.5	258
44.55	258
44.6	258
44.65	258
44.7	258
44.75	258
44.8	258
44.85	258
44.9	258
44.95	258
45	258
45.05	258
45.1	258
45.15	258
45.2	258
45.25	258
45.3	258
45.35	258
45.4	258
45.45	258
45.5	258
45.55	258
45.6	258
45.65	258
45.7	258
45.75	258
45.8	258
45.85	258
45.9	258
45.95	258
46	258
46.05	258
46.1	258
46.15	258
46.2	258
46.25	258
46.3	258
46.35	258
46.4	258
46.45	258
46.5	258
46.55	258
46.6	258
46.65	258
46.7	258
46.75	258
46.8	258
46.85	258
46.9	258
46.95	258
47	258
47.05	258
47.1	258
47.15	258
47.2	258
47.25	258
47.3	258
47.35	258
47.4	258
47.45	258
47.5	258
47.55	258
47.6	258
47.65	258
47.7	258
47.75	258
47.8	258
47.85	258
47.9	258
47.95	258
48	258
48.05	258
48.1	258
48.15	258
48.2	258
48.25	258
48.3	258
48.35	258
48.4	258
48.45	258
48.5	258
48.55	258
48.6	258
48.65	258
48.7	258
48.75	258
48.8	258
48.85	258
48.9	258
48.95	258
49	258
49.05	258
49.1	258
49.15	258
49.2	258
49.25	258
49.3	258
49.35	258
49.4	258
49.45	258
49.5	258
49.55	258
49.6	258
49.65	258
49.7	258
49.75	258
49.8	258
49.85	258
49.9	258
49.95	258
50	258
50.05	258
50.1	258
50.15	258
50.2	258
50.25	258
50.3	258
50.35	258
50.4	258
50.45	258
50.5	258
50.55	258
50.6	258
50.65	258
50.7	258
50.75	258
50.8	258
50.85	258
50.9	258
50.95	258
51	258
51.05	258
51.1	258
51.15	258
51.2	258
51.25	258
51.3	258
51.35	258
51.4	258
51.45	258
51.5	258
51.55	258
51.6	258
51.65	258
51.7	258
51.75	258
51.8	258
51.85	258
51.9	258
51.95	258
52	258
52.05	258
52.1	258
52.15	258
52.2	258
52.25	258
52.3	258
52.35	258
52.4	258
52.45	258
52.5	258
52.55	258
52.6	258
52.65	258
52.7	258
52.75	258
52.8	258
52.85	258
52.9	258
52.95	258
53	258
53.05	258
53.1	258
53.15	258
53.2	258
53.25	258
53.3	258
53.35	258
53.4	258
53.45	258
53.5	258
53.55	258
53.6	258
53.65	258
53.7	258
53.75	258
53.8	258
53.85	258
53.9	258
53.95	258
54	258
54.05	258
54.1	258
54.15	258
54.2	258
54.25	258
54.3	258
54.35	258
54.4	258
54.45	258
54.5	258
54.55	258
54.6	258
54.65	258
54.7	258
54.75	258
54.8	258
54.85	258
54.9	258
54.95	258
55	258
55.05	258
55.1	258
55.15	258
55.2	258
55.25	258
55.3	258
55.35	258
55.4	258
55.45	258
55.5	258
55.55	258
55.6	258
55.65	258
55.7	258
55.75	258
55.8	258
55.85	258
55.9	258
55.95	258
56	258
56.05	258
56.1	258
56.15	258
56.2	258
56.25	258
56.3	258
56.35	258
56.4	258
56.45	258
56.5	258
56.55	258
56.6	258
56.65	258
56.7	258
56.75	258
56.8	258
56.85	258
56.9	258
56.95	258
57	258
57.05	258
57.1	258
57.15	258
57.2	258
57.25	258
57.3	258
57.35	258
57.4	258
57.45	258
57.5	258
57.55	258
57.6	258
57.65	258
57.7	258
57.75	258
57.8	258
57.85	258
57.9	258
57.95	258
58	258
58.05	258
58.1	258
58.15	258
58.2	258
58.25	258
58.3	258
58.35	258
58.4	258
58.45	258
58.5	258
58.55	258
58.6	258
58.65	258
58.7	258
58.75	258
58.8	258
58.85	258
58.9	258
58.95	258
59	258
59.05	258
59.1	258
59.15	258
59.2	258
59.25	258
59.3	258
59.35	258
59.4	258
59.45	258
59.5	258
59.55	258
59.6	258
59.65	258
59.7	258
59.75	258
59.8	258
59.85	258
59.9	258
59.95	258
60	258
60.05	258
60.1	258
60.15	258
60.2	258
60.25	258
60.3	258
60.35	258
60.4	258
60.45	258
60.5	258
60.55	258
60.6	258
60.65	258
60.7	258
60.75	258
60.8	258
60.85	258
60.9	258
60.95	258
61	258
61.05	258
61.1	258
61.15	258
61.2	258
61.25	258
61.3	258
61.35	258
61.4	258
61.45	258
61.5	258
61.55	258
61.6	258
61.65	258
61.7	258
61.75	258
61.8	258
61.85	258
61.9	258
61.95	258
62	258
62.05	258
62.1	258
62.15	258
62.2	258
62.25	258
62.3	258
62.35	258
62.4	258
62.45	258
62.5	258
62.55	258
62.6	258
62.65	258
62.7	258
62.75	258
62.8	258
62.85	258
62.9	258
62.95	258
63	258
63.05	258
63.1	258
63.15	258
63.2	258
63.25	258
63.3	258
63.35	258
63.4	258
63.45	258
63.5	258
63.55	258
63.6	258
63.65	258
63.7	258
63.75	258
63.8	258
63.85	258
63.9	258
63.95	258
64	258
64.05	258
64.1	258
64.15	258
64.2	258
64.25	258
64.3	258
64.35	258
64.4	258
64.45	258
64.5	258
64.55	258
64.6	258
64.65	258
64.7	258
64.75	258
64.8	258
64.85	258
64.9	258
64.95	258
65	258
65.05	258
65.1	258
65.15	258
65.2	258
65.25	258
65.3	258
65.35	258
65.4	258
65.45	258
65.5	258
65.55	258
65.6	258
65.65	258
65.7	258
65.75	258
65.8	258
65.85	258
65.9	258
65.95	258
66	258
66.05	258
66.1	258
66.15	258
66.2	258
66.25	258
66.3	258
66.35	258
66.4	258
66.45	258
66.5	258
66.55	258
66.6	258
66.65	258
66.7	258
66.75	258
66.8	258
66.85	258
66.9	258
66.95	258
67	258
67.05	258
67.1	258
67.15	258
67.2	258
67.25	258
67.3	258
67.35	258
67.4	258
67.45	258
67.5	258
67.55	258
67.6	258
67.65	258
67.7	258
67.75	258
67.8	258
67.85	258
67.9	258
67.95	258
68	258
68.05	258
68.1	258
68.15	258
68.2	258
68.25	258
68.3	258
68.35	258
68.4	258
68.45	258
68.5	258
68.55	258
68.6	258
68.65	258
68.7	258
68.75	258
68.8	258
68.85	258
68.9	258
68.95	258
69	258
69.05	258
69.1	258
69.15	258
69.2	258
69.25	258
69.3	258
69.35	258
69.4	258
69.45	258
69.5	258
69.55	258
69.6	258
69.65	258
69.7	258
69.75	258
69.8	258
69.85	258
69.9	258
69.95	258
70	258
70.05	258
70.1	258
70.15	258
70.2	258
70.25	258
70.3	258
70.35	258
70.4	258
70.45	258
70.5	258
70.55	258
70.6	258
70.65	258
70.7	258
70.75	258
70.8	258
70.85	258
70.9	258
70.95	258
71	258
71.05	258
71.1	258
71.15	258
71.2	258
71.25	258
71.3	258
71.35	258
71.4	258
71.45	258
71.5	258
71.55	258
71.6	258
71.65	258
71.7	258
71.75	258
71.8	258
71.85	258
71.9	258
71.95	258
72	258
72.05	258
72.1	258
72.15	258
72.2	258
72.25	258
72.3	258
72.35	258
72.4	258
72.45	258
72.5	258
72.55	258
72.6	258
72.65	258
72.7	258
72.75	258
72.8	258
72.85	258
72.9	258
72.95	258
73	258
73.05	258
73.1	258
73.15	258
73.2	258
73.25	258
73.3	258
73.35	258
73.4	258
73.45	258
73.5	258
73.55	258
73.6	258
73.65	258
73.7	258
73.75	258
73.8	258
73.85	258
73.9	258
73.95	258
74	258
74.05	258
74.1	258
74.15	258
74.2	258
74.25	258
74.3	258
74.35	258
74.4	258
74.45	258
74.5	258
74.55	258
74.6	258
74.65	258
74.7	258
74.75	258
74.8	258
74.85	258
74.9	258
74.95	258
75	258
75.05	258
75.1	258
75.15	258
75.2	258
75.25	258
75.3	258
75.35	258
75.4	258
75.45	258
75.5	258
75.55	258
75.6	258
75.65	258
75.7	258
75.75	258
75.8	258
75.85	258
75.9	258
75.95	258
76	258
76.05	258
76.1	258
76.15	258
76.2	258
76.25	258
76.3	258
76.35	258
76.4	258
76.45	258
76.5	258
76.55	258
76.6	258
76.65	258
76.7	258
76.75	258
76.8	258
76.85	258
76.9	258
76.95	258
77	258
77.05	258
77.1	258
77.15	258
77.2	258
77.25	258
77.3	258
77.35	258
77.4	258
77.45	258
77.5	258
77.55	258
77.6	258
77.65	258
77.7	258
77.75	258
77.8	258
77.85	258
77.9	258
77.95	258
78	258
78.05	258
78.1	258
78.15	258
78.2	258
78.25	258
78.3	258
78.35	258
78.4	258
78.45	258
78.5	258
78.55	258
78.6	258
78.65	258
78.7	258
78.75	258
78.8	258
78.85	258
78.9	258
78.95	258
79	258
79.05	258
79.1	258
79.15	258
79.2	258
79.25	258
79.3	258
79.35	258
79.4	258
79.45	258
79.5	258
79.55	258
79.6	258
79.65	258
79.7	258
79.75	258
79.8	258
79.85	258
79.9	258
79.95	258
80	258
80.05	258
80.1	258
80.15	258
80.2	258
80.25	258
80.3	258
80.35	258
80.4	258
80.45	258
80.5	257
80.55	257
80.6	257
80.65	257
80.7	257
80.75	256
80.8	256
80.85	256
80.9	256
80.95	255
81	255
81.05	255
81.1	255
81.15	254
81.2	254
81.25	254
81.3	254
81.35	254
81.4	253
81.45	253
81.5	253
81.55	253
81.6	252
81.65	252
81.7	252
81.75	252
81.8	251
81.85	251
81.9	251
81.95	251
82	250
82.05	250
82.1	250
82.15	250
82.2	250
82.25	249
82.3	249
82.35	249
82.4	249
82.45	248
82.5	248
82.55	248
82.6	248
82.65	247
82.7	247
82.75	247
82.8	247
82.85	246
82.9	246
82.95	246
83	246
83.05	245
83.1	245
83.15	245
83.2	245
83.25	244
83.3	244
83.35	244
83.4	244
83.45	243
83.5	243
83.55	243
83.6	243
83.65	243
83.7	242
83.75	242
83.8	242
83.85	242
83.9	241
83.95	241
84	241
84.05	241
84.1	240
84.15	240
84.2	240
84.25	240
84.3	239
84.35	239
84.4	239
84.45	239
84.5	238
84.55	238
84.6	238
84.65	238
84.7	237
84.75	237
84.8	237
84.85	237
84.9	236
84.95	236
85	236
85.05	236
85.1	235
85.15	235
85.2	235
85.25	235
85.3	234
85.35	234
85.4	234
85.45	234
85.5	233
85.55	233
85.6	233
85.65	233
85.7	232
85.75	232
85.8	232
85.85	231
85.9	231
85.95	231
86	231
86.05	230
86.1	230
86.15	230
86.2	230
86.25	229
86.3	229
86.35	229
86.4	229
86.45	228
86.5	228
86.55	228
86.6	228
86.65	227
86.7	227
86.75	227
86.8	227
86.85	226
86.9	226
86.95	226
87	226
87.05	225
87.1	225
87.15	225
87.2	224
87.25	224
87.3	224
87.35	224
87.4	223
87.45	223
87.5	223
87.55	223
87.6	222
87.65	222
87.7	222
87.75	222
87.8	221
87.85	221
87.9	221
87.95	220
88	220
88.05	220
88.1	220
88.15	219
88.2	219
88.25	219
88.3	219
88.35	218
88.4	218
88.45	218
88.5	217
88.55	217
88.6	217
88.65	217
88.7	216
88.75	216
88.8	216
88.85	216
88.9	215
88.95	215
89	215
89.05	214
89.1	214
89.15	214
89.2	214
89.25	213
89.3	213
89.35	213
89.4	212
89.45	212
89.5	212
89.55	212
89.6	211
89.65	211
89.7	211
89.75	211
89.8	210
89.85	210
89.9	210
89.95	209
90	209
90.05	209
90.1	209
90.15	208
90.2	208
90.25	208
90.3	207
90.35	207
90.4	207
90.45	207
90.5	206
90.55	206
90.6	206
90.65	205
90.7	205
90.75	205
90.8	204
90.85	204
90.9	204
90.95	204
91	203
91.05	203
91.1	203
91.15	202
91.2	202
91.25	202
91.3	202
91.35	201
91.4	201
91.45	201
91.5	200
91.55	200
91.6	200
91.65	199
91.7	199
91.75	199
91.8	199
91.85	198
91.9	198
91.95	198
92	197
92.05	197
92.1	197
92.15	196
92.2	196
92.25	196
92.3	196
92.35	195
92.4	195
92.45	195
92.5	194
92.55	194
92.6	194
92.65	193
92.7	193
92.75	193
92.8	193
92.85	192
92.9	192
92.95	192
93	191
93.05	191
93.1	191
93.15	190
93.2	190
93.25	190
93.3	189
93.35	189
93.4	189
93.45	188
93.5	188
93.55	188
93.6	188
93.65	187
93.7	187
93.75	187
93.8	186
93.85	186
93.9	186
93.95	185
94	185
94.05	185
94.1	184
94.15	184
94.2	184
94.25	183
94.3	183
94.35	183
94.4	182
94.45	182
94.5	182
94.55	181
94.6	181
94.65	181
94.7	180
94.75	180
94.8	180
94.85	179
94.9	179
94.95	179
95	178
95.05	178
95.1	178
95.15	177
95.2	177
95.25	177
95.3	176
95.35	176
95.4	176
95.45	175
95.5	175
95.55	175
95.6	174
95.65	174
95.7	174
95.75	173
95.8	173
95.85	173
95.9	172
95.95	172
96	172
96.05	171
96.1	171
96.15	171
96.2	170
96.25	170
96.3	170
96.35	169
96.4	169
96.45	168
96.5	168
96.55	168
96.6	167
96.65	167
96.7	167
96.75	166
96.8	166
96.85	166
96.9	165
96.95	165
97	165
97.05	164
97.1	164
97.15	163
97.2	163
97.25	163
97.3	162
97.35	162
97.4	162
97.45	161
97.5	161
97.55	161
97.6	160
97.65	160
97.7	159
97.75	159
97.8	159
97.85	158
97.9	158
97.95	158
98	157
98.05	157
98.1	157
98.15	157
98.2	157
98.25	157
98.3	157
98.35	157
98.4	157
98.45	157
98.5	157
98.55	157
98.6	157
98.65	157
98.7	157
98.75	157
98.8	157
98.85	157
98.9	157
98.95	157
99	157
99.05	157
99.1	157
99.15	157
99.2	157
99.25	157
99.3	157
99.35	157
99.4	157
99.45	157
99.5	157
99.55	157
99.6	157
99.65	157
99.7	157
99.75	157
99.8	157
99.85	157
99.9	157
99.95	157
100	157
100.05	157
100.1	157
100.15	157
100.2	157
100.25	157
100.3	157
100.35	157
100.4	157
100.45	157
100.5	157
100.55	157
100.6	157
100.65	157
100.7	157
100.75	157
100.8	157
100.85	157
100.9	157
100.95	157
101	157
101.05	157
101.1	157
101.15	157
101.2	157
101.25	157
101.3	157
101.35	157
101.4	157
101.45	157
101.5	157
101.55	157
101.6	157
101.65	157
101.7	157
101.75	157
101.8	157
101.85	157
101.9	157
101.95	157
102	157
102.05	157
102.1	157
102.15	157
102.2	157
102.25	157
102.3	157
102.35	157
102.4	157
102.45	157
102.5	157
102.55	157
102.6	157
102.65	157
102.7	157
102.75	157
102.8	157
102.85	157
102.9	157
102.95	157
103	157
103.05	157
103.1	157
103.15	157
103.2	157
103.25	157
103.3	157
103.35	157
103.4	157
103.45	157
103.5	157
103.55	157
103.6	157
103.65	157
103.7	157
103.75	157
103.8	157
103.85	157
103.9	157
103.95	157
104	157
104.05	157
104.1	157
104.15	157
104.2	157
104.25	157
104.3	157
104.35	157
104.4	157
104.45	157
104.5	157
104.55	157
104.6	157
104.65	157
104.7	157
104.75	157
104.8	157
104.85	157
104.9	157
104.95	157
105	157
105.05	157
105.1	157
105.15	157
105.2	157
105.25	157
105.3	157
105.35	157
105.4	157
105.45	157
105.5	157
105.55	157
105.6	157
105.65	157
105.7	157
105.75	157
105.8	157
105.85	157
105.9	157
105.95	157
106	157
106.05	157
106.1	157
106.15	157
106.2	157
106.25	157
106.3	157
106.35	157
106.4	157
106.45	157
106.5	157
106.55	157
106.6	157
106.65	157
106.7	157
106.75	157
106.8	157
106.85	157
106.9	157
106.95	157
107	157
107.05	157
107.1	157
107.15	157
107.2	157
107.25	157
107.3	157
107.35	157
107.4	157
107.45	157
107.5	157
107.55	157
107.6	157
107.65	157
107.7	157
107.75	157
107.8	157
107.85	157
107.9	157
107.95	157
108	157
108.05	157
108.1	157
108.15	157
108.2	157
108.25	157
108.3	157
108.35	157
108.4	157
108.45	157
108.5	157
108.55	157
108.6	157
108.65	157
108.7	157
108.75	157
108.8	157
108.85	157
108.9	157
108.95	157
109	157
109.05	157
109.1	157
109.15	157
109.2	157
109.25	157
109.3	157
109.35	157
109.4	157
109.45	157
109.5	157
109.55	157
109.6	157
109.65	157
109.7	157
109.75	157
109.8	157
109.85	157
109.9	157
109.95	157
110	157
110.05	157
110.1	157
110.15	157
110.2	157
110.25	157
110.3	157
110.35	157
110.4	157
110.45	157
110.5	157
110.55	157
110.6	157
110.65	157
110.7	157
110.75	157
110.8	157
110.85	157
110.9	157
110.95	157
111	157
111.05	157
111.1	157
111.15	157
111.2	157
111.25	157
111.3	157
111.35	157
111.4	157
111.45	157
111.5	157
111.55	157
111.6	157
111.65	157
111.7	157
111.75	157
111.8	157
111.85	157
111.9	157
111.95	157
112	157
112.05	157
112.1	157
112.15	157
112.2	157
112.25	157
112.3	157
112.35	157
112.4	157
112.45	157
112.5	157
112.55	157
112.6	157
112.65	157
112.7	157
112.75	157
112.8	157
112.85	157
112.9	157
112.95	157
113	157
113.05	157
113.1	157
113.15	157
113.2	157
113.25	157
113.3	157
113.35	157
113.4	157
113.45	157
113.5	157
113.55	157
113.6	157
113.65	157
113.7	157
113.75	157
113.8	157
113.85	157
113.9	157
113.95	157
114	157
114.05	157
114.1	157
114.15	157
114.2	157
114.25	157
114.3	157
114.35	157
114.4	157
114.45	157
114.5	157
114.55	157
114.6	157
114.65	157
114.7	157
114.75	157
114.8	157
114.85	157
114.9	157
114.95	157
115	157
115.05	157
115.1	157
115.15	157
115.2	157
115.25	157
115.3	157
115.35	157
115.4	157
115.45	157
115.5	157
115.55	157
115.6	157
115.65	157
115.7	157
115.75	157
115.8	157
115.85	157
115.9	157
115.95	157
116	157
116.05	157
116.1	157
116.15	157
116.2	157
116.25	157
116.3	157
116.35	157
116.4	157
116.45	157
116.5	157
116.55	157
116.6	157
116.65	157
116.7	157
116.75	157
116.8	157
116.85	157
116.9	157
116.95	157
117	157
117.05	157
117.1	157
117.15	157
117.2	157
117.25	157
117.3	157
117.35	157
117.4	157
117.45	157
117.5	157
117.55	157
117.6	157
117.65	157
117.7	157
117.75	157
117.8	157
117.85	157
117.9	157
117.95	157
118	157
118.05	157
118.1	157
118.15	157
118.2	157
118.25	157
118.3	157
118.35	157
118.4	157
118.45	157
118.5	157
118.55	157
118.6	157
118.65	157
118.7	157
118.75	157
118.8	157
118.85	157
118.9	157
118.95	157
119	157
119.05	157
119.1	157
119.15	157
119.2	157
119.25	157
119.3	157
119.35	157
119.4	157
119.45	157
119.5	157
119.55	157
119.6	157
119.65	157
119.7	157
119.75	157
119.8	157
119.85	157
119.9	157
119.95	157
120	157
120.05	157
120.1	157
120.15	157
120.2	157
120.25	157
120.3	157
120.35	157
120.4	157
120.45	157
120.5	157
120.55	157
120.6	157
120.65	157
120.7	157
120.75	157
120.8	157
120.85	157
120.9	157
120.95	157
121	157
121.05	157
121.1	157
121.15	157
121.2	157
121.25	157
121.3	157
121.35	157
121.4	157
121.45	157
121.5	157
121.55	157
121.6	157
121.65	157
121.7	157
121.75	157
121.8	157
121.85	157
121.9	157
121.95	157
122	157
122.05	157
122.1	157
122.15	157
122.2	157
122.25	157
122.3	157
122.35	157
122.4	157
122.45	157
122.5	157
122.55	157
122.6	157
122.65	157
122.7	157
122.75	157
122.8	157
122.85	157
122.9	157
122.95	157
123	157
123.05	157
123.1	157
123.15	157
123.2	157
123.25	157
123.3	157
123.35	157
123.4	157
123.45	157
123.5	157
123.55	157
123.6	157
123.65	157
123.7	157
123.75	157
123.8	157
123.85	157
123.9	157
123.95	157
124	157
124.05	157
124.1	157
124.15	157
124.2	157
124.25	157
124.3	157
124.35	157
124.4	157
124.45	157
124.5	157
124.55	157
124.6	157
124.65	157
124.7	157
124.75	157
124.8	157
124.85	157
124.9	157
124.95	157
125	157
125.05	157
125.1	157
125.15	157
125.2	157
125.25	157
125.3	157
125.35	157
125.4	157
125.45	157
125.5	157
125.55	157
125.6	157
125.65	157
125.7	157
125.75	157
125.8	157
125.85	157
125.9	157
125.95	157
126	157
126.05	157
126.1	157
126.15	157
126.2	157
126.25	157
126.3	157
126.35	157
126.4	157
126.45	157
126.5	157
126.55	157
126.6	157
126.65	157
126.7	157
126.75	157
126.8	157
126.85	157
126.9	157
126.95	157
127	157
127.05	157
127.1	157
127.15	157
127.2	157
127.25	157
127.3	157
127.35	157
127.4	157
127.45	157
127.5	157
127.55	157
127.6	157
127.65	157
127.7	157
127.75	157
127.8	157
127.85	157
127.9	157
127.95	157
128	157
128.05	157
128.1	157
128.15	157
128.2	157
128.25	157
128.3	157
128.35	157
128.4	157
128.45	157
128.5	157
128.55	157
128.6	157
128.65	157
128.7	157
128.75	157
128.8	157
128.85	157
128.9	157
128.95	157
129	157
129.05	157
129.1	157
129.15	157
129.2	157
129.25	157
129.3	157
129.35	157
129.4	157
129.45	157
129.5	157
129.55	157
129.6	157
129.65	157
129.7	157
129.75	157
129.8	157
129.85	157
129.9	157
129.95	157
130	157
130.05	157
130.1	157
130.15	157
130.2	157
130.25	157
130.3	157
130.35	157
130.4	157
130.45	157
130.5	157
130.55	157
130.6	157
130.65	157
130.7	157
130.75	157
130.8	157
130.85	157
130.9	157
130.95	157
131	157
131.05	157
131.1	157
131.15	157
131.2	157
131.25	157
131.3	157
131.35	157
131.4	157
131.45	157
131.5	157
131.55	157
131.6	157
131.65	157
131.7	157
131.75	157
131.8	157
131.85	157
131.9	157
131.95	157
132	157
132.05	157
132.1	157
132.15	157
132.2	157
132.25	157
132.3	157
132.35	157
132.4	157
132.45	157
132.5	157
132.55	157
132.6	157
132.65	157
132.7	157
132.75	157
132.8	157
132.85	157
132.9	157
132.95	157
133	157
133.05	157
133.1	157
133.15	157
133.2	157
133.25	157
133.3	157
133.35	157
133.4	157
133.45	157
133.5	157
133.55	157
133.6	157
133.65	157
133.7	157
133.75	157
133.8	157
133.85	157
133.9	157
133.95	157
134	157
134.05	157
134.1	157
134.15	157
134.2	157
134.25	157
134.3	157
134.35	157
134.4	157
134.45	157
134.5	157
134.55	157
134.6	157
134.65	157
134.7	157
134.75	157
134.8	157
134.85	157
134.9	157
134.95	157
135	157
135.05	157
135.1	157
135.15	157
135.2	157
135.25	157
135.3	157
135.35	157
135.4	157
135.45	157
135.5	157
135.55	157
135.6	157
135.65	157
135.7	157
135.75	157
135.8	157
135.85	157
135.9	157
135.95	157
136	157
136.05	157
136.1	157
136.15	157
136.2	157
136.25	157
136.3	157
136.35	157
136.4	157
136.45	157
136.5	157
136.55	157
136.6	157
136.65	157
136.7	157
136.75	157
136.8	157
136.85	157
136.9	157
136.95	157
137	157
137.05	157
137.1	157
137.15	157
137.2	157
137.25	157
137.3	157
137.35	157
137.4	157
137.45	157
137.5	157
137.55	157
137.6	157
137.65	157
137.7	157
137.75	157
137.8	157
137.85	157
137.9	157
137.95	157
138	157
138.05	157
138.1	157
138.15	157
138.2	157
138.25	157
138.3	157
138.35	157
138.4	157
138.45	157
138.5	157
138.55	157
138.6	157
138.65	157
138.7	157
138.75	157
138.8	157
138.85	157
138.9	157
138.95	157
139	157
139.05	157
139.1	157
139.15	157
139.2	157
139.25	157
139.3	157
139.35	157
139.4	157
139.45	157
139.5	157
139.55	157
139.6	157
139.65	157
139.7	157
139.75	157
139.8	157
139.85	157
139.9	157
139.95	157
140	157
140.05	157
140.1	157
140.15	157
140.2	157
140.25	157
140.3	157
140.35	157
140.4	157
140.45	157
140.5	157
140.55	157
140.6	157
140.65	157
140.7	157
140.75	157
140.8	157
140.85	157
140.9	157
140.95	157
141	157
141.05	157
141.1	157
141.15	157
141.2	157
141.25	157
141.3	157
141.35	157
141.4	157
141.45	157
141.5	157
141.55	157
141.6	157
141.65	157
141.7	157
141.75	157
141.8	157
141.85	157
141.9	157
141.95	157
142	157
142.05	157
142.1	157
142.15	157
142.2	157
142.25	157
142.3	157
142.35	157
142.4	157
142.45	157
142.5	157
142.55	157
142.6	157
142.65	157
142.7	157
142.75	157
142.8	157
142.85	157
142.9	157
142.95	157
143	157
143.05	157
143.1	157
143.15	157
143.2	157
143.25	157
143.3	157
143.35	157
143.4	157
143.45	157
143.5	157
143.55	157
143.6	157
143.65	157
143.7	157
143.75	157
143.8	157
143.85	157
143.9	157
143.95	157
144	157
144.05	157
144.1	157
144.15	157
144.2	157
144.25	157
144.3	157
144.35	157
144.4	157
144.45	157
144.5	157
144.55	157
144.6	157
144.65	157
144.7	157
144.75	157
144.8	157
144.85	157
144.9	157
144.95	157
145	157
145.05	157
145.1	157
145.15	157
145.2	157
145.25	157
145.3	157
145.35	157
145.4	157
145.45	157
145.5	157
145.55	157
145.6	157
145.65	157
145.7	157
145.75	157
145.8	157
145.85	157
145.9	157
145.95	157
146	157
146.05	157
146.1	157
146.15	157
146.2	157
146.25	157
146.3	157
146.35	157
146.4	157
146.45	157
146.5	157
146.55	157
146.6	157
146.65	157
146.7	157
146.75	157
146.8	157
146.85	157
146.9	157
146.95	157
147	157
147.05	157
147.1	157
147.15	157
147.2	157
147.25	157
147.3	157
147.35	157
147.4	157
147.45	157
147.5	157
147.55	157
147.6	157
147.65	157
147.7	157
147.75	157
147.8	157
147.85	157
147.9	157
147.95	157
148	157
148.05	157
148.1	157
148.15	157
148.2	157
148.25	157
148.3	157
148.35	157
148.4	157
148.45	157
148.5	157
148.55	157
148.6	157
148.65	157
148.7	157
148.75	157
148.8	157
148.85	157
148.9	157
148.95	157
149	157
149.05	157
149.1	157
149.15	157
149.2	157
149.25	157
149.3	157
149.35	157
149.4	157
149.45	157
149.5	157
149.55	157
149.6	157
149.65	157
149.7	157
149.75	157
149.8	157
149.85	157
149.9	157
149.95	157
150	157
150.05	157
150.1	157
150.15	157
150.2	157
150.25	157
150.3	157
150.35	157
150.4	157
150.45	157
150.5	157
150.55	157
150.6	157
150.65	157
150.7	157
150.75	157
150.8	157
150.85	157
150.9	157
150.95	157
151	157
151.05	157
151.1	157
151.15	157
151.2	157
151.25	157
151.3	157
151.35	157
151.4	157
151.45	157
151.5	157
151.55	157
151.6	157
151.65	157
151.7	157
151.75	157
151.8	157
151.85	157
151.9	157
151.95	157
152	157
152.05	157
152.1	157
152.15	157
152.2	157
152.25	157
152.3	157
152.35	157
152.4	157
152.45	157
152.5	157
152.55	157
152.6	157
152.65	157
152.7	157
152.75	157
152.8	157
152.85	157
152.9	157
152.95	157
153	157
153.05	157
153.1	157
153.15	157
153.2	157
153.25	157
153.3	157
153.35	157
153.4	157
153.45	157
153.5	157
153.55	157
153.6	157
153.65	157
153.7	157
153.75	157
153.8	157
153.85	157
153.9	157
153.95	157
154	157
154.05	157
154.1	157
154.15	157
154.2	157
154.25	157
154.3	157
154.35	157
154.4	157
154.45	157
154.5	157
154.55	157
154.6	157
154.65	157
154.7	157
154.75	157
154.8	157
154.85	157
154.9	157
154.95	157
155	157
155.05	157
155.1	157
155.15	157
155.2	157
155.25	157
155.3	157
155.35	157
155.4	157
155.45	157
155.5	157
155.55	157
155.6	157
155.65	157
155.7	157
155.75	157
155.8	157
155.85	157
155.9	157
155.95	157
156	157
156.05	157
156.1	157
156.15	157
156.2	157
156.25	157
156.3	157
156.35	157
156.4	157
156.45	157
156.5	157
156.55	157
156.6	157
156.65	157
156.7	157
156.75	157
156.8	157
156.85	157
156.9	157
156.95	157
157	157
157.05	157
157.1	157
157.15	157
157.2	157
157.25	157
157.3	157
157.35	157
157.4	157
157.45	157
157.5	157
157.55	157
157.6	157
157.65	157
157.7	157
157.75	157
157.8	157
157.85	157
157.9	157
157.95	157
158	157
158.05	157
158.1	157
158.15	157
158.2	157
158.25	157
158.3	157
158.35	157
158.4	157
158.45	157
158.5	157
158.55	157
158.6	157
158.65	157
158.7	157
158.75	157
158.8	157
158.85	157
158.9	157
158.95	157
159	157
159.05	157
159.1	157
159.15	157
159.2	157
159.25	157
159.3	157
159.35	157
159.4	157
159.45	157
159.5	157
159.55	157
159.6	157
159.65	157
159.7	157
159.75	157
159.8	157
159.85	157
159.9	157
159.95	157
160	157
160.05	157
160.1	157
160.15	158
160.2	158
160.25	159
160.3	159
160.35	160
160.4	160
160.45	161
160.5	161
160.55	162
160.6	162
160.65	163
160.7	163
160.75	164
160.8	164
160.85	165
160.9	165
160.95	166
161	166
161.05	167
161.1	167
161.15	168
161.2	168
161.25	169
161.3	169
161.35	170
161.4	170
161.45	171
161.5	171
161.55	172
161.6	172
161.65	173
161.7	173
161.75	174
161.8	174
161.85	175
161.9	175
161.95	176
162	176
162.05	177
162.1	177
162.15	178
162.2	178
162.25	179
162.3	179
162.35	180
162.4	180
162.45	181
162.5	181
162.55	182
162.6	182
162.65	183
162.7	183
162.75	184
162.8	184
162.85	185
162.9	185
162.95	186
163	186
163.05	187
163.1	187
163.15	188
163.2	188
163.25	189
163.3	189
163.35	190
163.4	190
163.45	191
163.5	191
163.55	192
163.6	192
163.65	193
163.7	193
163.75	194
163.8	194
163.85	195
163.9	195
163.95	196
164	196
164.05	197
164.1	197
164.15	198
164.2	198
164.25	199
164.3	199
164.35	200
164.4	200
164.45	201
164.5	201
164.55	202
164.6	202
164.65	203
164.7	203
164.75	204
164.8	204
164.85	205
164.9	205
164.95	206
165	206
165.05	207
165.1	207
165.15	208
165.2	208
165.25	209
165.3	209
165.35	210
165.4	210
165.45	211
165.5	211
165.55	212
165.6	212
165.65	213
165.7	213
165.75	214
165.8	214
165.85	215
165.9	215
165.95	216
166	216
166.05	217
166.1	217
166.15	218
166.2	218
166.25	218
166.3	219
166.35	219
166.4	220
166.45	220
166.5	221
166.55	221
166.6	222
166.65	222
166.7	223
166.75	223
166.8	224
166.85	224
166.9	225
166.95	225
167	226
167.05	226
167.1	227
167.15	227
167.2	228
167.25	228
167.3	229
167.35	229
167.4	230
167.45	230
167.5	231
167.55	231
167.6	232
167.65	232
167.7	233
167.75	233
167.8	234
167.85	234
167.9	235
167.95	235
168	236
168.05	236
168.1	237
168.15	237
168.2	238
168.25	238
168.3	239
168.35	239
168.4	240
168.45	240
168.5	241
168.55	241
168.6	242
168.65	242
168.7	243
168.75	243
168.8	244
168.85	244
168.9	245
168.95	245
169	246
169.05	246
169.1	247
169.15	247
169.2	248
169.25	248
169.3	249
169.35	249
169.4	250
169.45	250
169.5	251
169.55	251
169.6	252
169.65	252
169.7	253
169.75	253
169.8	254
169.85	254
169.9	254
169.95	255
170	255
170.05	256
170.1	256
170.15	257
170.2	257
170.25	258
170.3	258
170.35	258
170.4	258
170.45	258
170.5	258
170.55	258
170.6	258
170.65	258
170.7	258
170.75	258
170.8	258
170.85	258
170.9	258
170.95	258
171	258
171.05	258
171.1	258
171.15	258
171.2	258
171.25	258
171.3	258
171.35	258
171.4	258
171.45	258
171.5	258
171.55	258
171.6	258
171.65	258
171.7	258
171.75	258
171.8	258
171.85	258
171.9	258
171.95	258
172	258
172.05	258
172.1	258
172.15	258
172.2	258
172.25	258
172.3	258
172.35	258
172.4	258
172.45	258
172.5	258
172.55	258
172.6	258
172.65	258
172.7	258
172.75	258
172.8	258
172.85	258
172.9	258
172.95	258
173	258
173.05	258
173.1	258
173.15	258
173.2	258
173.25	258
173.3	258
173.35	258
173.4	258
173.45	258
173.5	258
173.55	258
173.6	258
173.65	258
173.7	258
173.75	258
173.8	258
173.85	258
173.9	258
173.95	258
174	258
174.05	258
174.1	258
174.15	258
174.2	258
174.25	258
174.3	258
174.35	258
174.4	258
174.45	258
174.5	258
174.55	258
174.6	258
174.65	258
174.7	258
174.75	258
174.8	258
174.85	258
174.9	258
174.95	258
175	258
175.05	258
175.1	258
175.15	258
175.2	258
175.25	258
175.3	258
175.35	258
175.4	258
175.45	258
175.5	258
175.55	258
175.6	258
175.65	258
175.7	258
175.75	258
175.8	258
175.85	258
175.9	258
175.95	258
176	258
176.05	258
176.1	258
176.15	258
176.2	258
176.25	258
176.3	258
176.35	258
176.4	258
176.45	258
176.5	258
176.55	258
176.6	258
176.65	258
176.7	258
176.75	258
176.8	258
176.85	258
176.9	258
176.95	258
177	258
177.05	258
177.1	258
177.15	258
177.2	258
177.25	258
177.3	258
177.35	258
177.4	258
177.45	258
177.5	258
177.55	258
177.6	258
177.65	258
177.7	258
177.75	258
177.8	258
177.85	258
177.9	258
177.95	258
178	258
178.05	258
178.1	258
178.15	258
178.2	258
178.25	258
178.3	258
178.35	258
178.4	258
178.45	258
178.5	258
178.55	258
178.6	258
178.65	258
178.7	258
178.75	258
178.8	258
178.85	258
178.9	258
178.95	258
179	258
179.05	258
179.1	258
179.15	258
179.2	258
179.25	258
179.3	258
179.35	258
179.4	258
179.45	258
179.5	258
179.55	258
179.6	258
179.65	258
179.7	258
179.75	258
179.8	258
179.85	258
179.9	258
179.95	258
180	258
180.05	258
180.1	258
180.15	258
180.2	258
180.25	258
180.3	258
180.35	258
180.4	258
180.45	258
180.5	258
180.55	258
180.6	258
180.65	258
180.7	258
180.75	258
180.8	258
180.85	258
180.9	258
180.95	258
181	258
181.05	258
181.1	258
181.15	258
181.2	258
181.25	258
181.3	258
181.35	258
181.4	258
181.45	258
181.5	258
181.55	258
181.6	258
181.65	258
181.7	258
181.75	258
181.8	258
181.85	258
181.9	258
181.95	258
182	258
182.05	258
182.1	258
182.15	258
182.2	258
182.25	258
182.3	258
182.35	258
182.4	258
182.45	258
182.5	258
182.55	258
182.6	258
182.65	258
182.7	258
182.75	258
182.8	258
182.85	258
182.9	258
182.95	258
183	258
183.05	258
183.1	258
183.15	258
183.2	258
183.25	258
183.3	258
183.35	258
183.4	258
183.45	258
183.5	258
183.55	258
183.6	258
183.65	258
183.7	258
183.75	258
183.8	258
183.85	258
183.9	258
183.95	258
184	258
184.05	258
184.1	258
184.15	258
184.2	258
184.25	258
184.3	258
184.35	258
184.4	258
184.45	258
184.5	258
184.55	258
184.6	258
184.65	258
184.7	258
184.75	258
184.8	258
184.85	258
184.9	258
184.95	258
185	258
185.05	258
185.1	258
185.15	258
185.2	258
185.25	258
185.3	258
185.35	258
185.4	258
185.45	258
185.5	258
185.55	258
185.6	258
185.65	258
185.7	258
185.75	258
185.8	258
185.85	258
185.9	258
185.95	258
186	258
186.05	258
186.1	258
186.15	258
186.2	258
186.25	258
186.3	258
186.35	258
186.4	258
186.45	258
186.5	258
186.55	258
186.6	258
186.65	258
186.7	258
186.75	258
186.8	258
186.85	258
186.9	258
186.95	258
187	258
187.05	258
187.1	258
187.15	258
187.2	258
187.25	258
187.3	258
187.35	258
187.4	258
187.45	258
187.5	258
187.55	258
187.6	258
187.65	258
187.7	258
187.75	258
187.8	258
187.85	258
187.9	258
187.95	258
188	258
188.05	258
188.1	258
188.15	258
188.2	258
188.25	258
188.3	258
188.35	258
188.4	258
188.45	258
188.5	258
188.55	258
188.6	258
188.65	258
188.7	258
188.75	258
188.8	258
188.85	258
188.9	258
188.95	258
189	258
189.05	258
189.1	258
189.15	258
189.2	258
189.25	258
189.3	258
189.35	258
189.4	258
189.45	258
189.5	258
189.55	258
189.6	258
189.65	258
189.7	258
189.75	258
189.8	258
189.85	258
189.9	258
189.95	258
190	258
190.05	258
190.1	258
190.15	258
190.2	258
190.25	258
190.3	258
190.35	258
190.4	258
190.45	258
190.5	258
190.55	258
190.6	258
190.65	258
190.7	258
190.75	258
190.8	258
190.85	258
190.9	258
190.95	258
191	258
191.05	258
191.1	258
191.15	258
191.2	258
191.25	258
191.3	258
191.35	258
191.4	258
191.45	258
191.5	258
191.55	258
191.6	258
191.65	258
191.7	258
191.75	258
191.8	258
191.85	258
191.9	258
191.95	258
192	258
192.05	258
192.1	258
192.15	258
192.2	258
192.25	258
192.3	258
192.35	258
192.4	258
192.45	258
192.5	258
192.55	258
192.6	258
192.65	258
192.7	258
192.75	258
192.8	258
192.85	258
192.9	258
192.95	258
193	258
193.05	258
193.1	258
193.15	258
193.2	258
193.25	258
193.3	258
193.35	258
193.4	258
193.45	258
193.5	258
193.55	258
193.6	258
193.65	258
193.7	258
193.75	258
193.8	258
193.85	258
193.9	258
193.95	258
194	258
194.05	258
194.1	258
194.15	258
194.2	258
194.25	258
194.3	258
194.35	258
194.4	258
194.45	258
194.5	258
194.55	258
194.6	258
194.65	258
194.7	258
194.75	258
194.8	258
194.85	258
194.9	258
194.95	258
195	258
195.05	258
195.1	258
195.15	258
195.2	258
195.25	258
195.3	258
195.35	258
195.4	258
195.45	258
195.5	258
195.55	258
195.6	258
195.65	258
195.7	258
195.75	258
195.8	258
195.85	258
195.9	258
195.95	258
196	258
196.05	258
196.1	258
196.15	258
196.2	258
196.25	258
196.3	258
196.35	258
196.4	258
196.45	258
196.5	258
196.55	258
196.6	258
196.65	258
196.7	258
196.75	258
196.8	258
196.85	258
196.9	258
196.95	258
197	258
197.05	258
197.1	258
197.15	258
197.2	258
197.25	258
197.3	258
197.35	258
197.4	258
197.45	258
197.5	258
197.55	258
197.6	258
197.65	258
197.7	258
197.75	258
197.8	258
197.85	258
197.9	258
197.95	258
198	258
198.05	258
198.1	258
198.15	258
198.2	258
198.25	258
198.3	258
198.35	258
198.4	258
198.45	258
198.5	258
198.55	258
198.6	258
198.65	258
198.7	258
198.75	258
198.8	258
198.85	258
198.9	258
198.95	258
199	258
199.05	258
199.1	258
199.15	258
199.2	258
199.25	258
199.3	258
199.35	258
199.4	258
199.45	258
199.5	258
199.55	258
199.6	258
199.65	258
199.7	258
199.75	258
199.8	258
199.85	258
199.9	258
199.95	258
200	258
200.05	258
200.1	258
200.15	258
200.2	258
200.25	258
200.3	258
200.35	258
200.4	258
200.45	258
200.5	258
200.55	258
200.6	258
200.65	258
200.7	258
200.75	258
200.8	258
200.85	258
200.9	258
200.95	258
201	258
201.05	258
201.1	258
201.15	258
201.2	258
201.25	258
201.3	258
201.35	258
201.4	258
201.45	258
201.5	258
201.55	258
201.6	258
201.65	258
201.7	258
201.75	258
201.8	258
201.85	258
201.9	258
201.95	258
202	258
202.05	258
202.1	258
202.15	258
202.2	258
202.25	258
202.3	258
202.35	258
202.4	258
202.45	258
202.5	258
202.55	258
202.6	258
202.65	258
202.7	258
202.75	258
202.8	258
202.85	258
202.9	258
202.95	258
203	258
203.05	258
203.1	258
203.15	258
203.2	258
203.25	258
203.3	258
203.35	258
203.4	258
203.45	258
203.5	258
203.55	258
203.6	258
203.65	258
203.7	258
203.75	258
203.8	258
203.85	258
203.9	258
203.95	258
204	258
204.05	258
204.1	258
204.15	258
204.2	258
204.25	258
204.3	258
204.35	258
204.4	258
204.45	258
204.5	258
204.55	258
204.6	258
204.65	258
204.7	258
204.75	258
204.8	258
204.85	258
204.9	258
204.95	258
205	258
205.05	258
205.1	258
205.15	258
205.2	258
205.25	258
205.3	258
205.35	258
205.4	258
205.45	258
205.5	258
205.55	258
205.6	258
205.65	258
205.7	258
205.75	258
205.8	258
205.85	258
205.9	258
205.95	258
206	258
206.05	258
206.1	258
206.15	258
206.2	258
206.25	258
206.3	258
206.35	258
206.4	258
206.45	258
206.5	258
206.55	258
206.6	258
206.65	258
206.7	258
206.75	258
206.8	258
206.85	258
206.9	258
206.95	258
207	258
207.05	258
207.1	258
207.15	258
207.2	258
207.25	258
207.3	258
207.35	258
207.4	258
207.45	258
207.5	258
207.55	258
207.6	258
207.65	258
207.7	258
207.75	258
207.8	258
207.85	258
207.9	258
207.95	258
208	258
208.05	258
208.1	258
208.15	258
208.2	258
208.25	258
208.3	258
208.35	258
208.4	258
208.45	258
208.5	258
208.55	258
208.6	258
208.65	258
208.7	258
208.75	258
208.8	258
208.85	258
208.9	258
208.95	258
209	258
209.05	258
209.1	258
209.15	258
209.2	258
209.25	258
209.3	258
209.35	258
209.4	258
209.45	258
209.5	258
209.55	258
209.6	258
209.65	258
209.7	258
209.75	258
209.8	258
209.85	258
209.9	258
209.95	258
210	258
210.05	258
210.1	258
210.15	258
210.2	258
210.25	258
210.3	258
210.35	258
210.4	258
210.45	258
210.5	258
210.55	258
210.6	258
210.65	258
210.7	258
210.75	258
210.8	258
210.85	258
210.9	258
210.95	258
211	258
211.05	258
211.1	258
211.15	258
211.2	258
211.25	258
211.3	258
211.35	258
211.4	258
211.45	258
211.5	258
211.55	258
211.6	258
211.65	258
211.7	258
211.75	258
211.8	258
211.85	258
211.9	258
211.95	258
212	258
212.05	258
212.1	258
212.15	258
212.2	258
212.25	258
212.3	258
212.35	258
212.4	258
212.45	258
212.5	258
212.55	258
212.6	258
212.65	258
212.7	258
212.75	258
212.8	258
212.85	258
212.9	258
212.95	258
213	258
213.05	258
213.1	258
213.15	258
213.2	258
213.25	258
213.3	258
213.35	258
213.4	258
213.45	258
213.5	258
213.55	258
213.6	258
213.65	258
213.7	258
213.75	258
213.8	258
213.85	258
213.9	258
213.95	258
214	258
214.05	258
214.1	258
214.15	258
214.2	258
214.25	258
214.3	258
214.35	258
214.4	258
214.45	258
214.5	258
214.55	258
214.6	258
214.65	258
214.7	258
214.75	258
214.8	258
214.85	258
214.9	258
214.95	258
215	258
215.05	258
215.1	258
215.15	258
215.2	258
215.25	258
215.3	258
215.35	258
215.4	258
215.45	258
215.5	258
215.55	258
215.6	258
215.65	258
215.7	258
215.75	258
215.8	258
215.85	258
215.9	258
215.95	258
216	258
216.05	258
216.1	258
216.15	258
216.2	258
216.25	258
216.3	258
216.35	258
216.4	258
216.45	258
216.5	258
216.55	258
216.6	258
216.65	258
216.7	258
216.75	258
216.8	258
216.85	258
216.9	258
216.95	258
217	258
217.05	258
217.1	258
217.15	258
217.2	258
217.25	258
217.3	258
217.35	258
217.4	258
217.45	258
217.5	258
217.55	258
217.6	258
217.65	258
217.7	258
217.75	258
217.8	258
217.85	258
217.9	258
217.95	258
218	258
218.05	258
218.1	258
218.15	258
218.2	258
218.25	258
218.3	258
218.35	258
218.4	258
218.45	258
218.5	258
218.55	258
218.6	258
218.65	258
218.7	258
218.75	258
218.8	258
218.85	258
218.9	258
218.95	258
219	258
219.05	258
219.1	258
219.15	258
219.2	258
219.25	258
219.3	258
219.35	258
219.4	258
219.45	258
219.5	258
219.55	258
219.6	258
219.65	258
219.7	258
219.75	258
219.8	258
219.85	258
219.9	258
219.95	258
220	258
220.05	258
220.1	258
220.15	258
220.2	258
220.25	258
220.3	258
220.35	258
220.4	258
220.45	258
220.5	258
220.55	258
220.6	258
220.65	258
220.7	258
220.75	258
220.8	258
220.85	258
220.9	258
220.95	258
221	258
221.05	258
221.1	258
221.15	258
221.2	258
221.25	258
221.3	258
221.35	258
221.4	258
221.45	258
221.5	258
221.55	258
221.6	258
221.65	258
221.7	258
221.75	258
221.8	258
221.85	258
221.9	258
221.95	258
222	258
222.05	258
222.1	258
222.15	258
222.2	258
222.25	258
222.3	258
222.35	258
222.4	258
222.45	258
222.5	258
222.55	258
222.6	258
222.65	258
222.7	258
222.75	258
222.8	258
222.85	258
222.9	258
222.95	258
223	258
223.05	258
223.1	258
223.15	258
223.2	258
223.25	258
223.3	258
223.35	258
223.4	258
223.45	258
223.5	258
223.55	258
223.6	258
223.65	258
223.7	258
223.75	258
223.8	258
223.85	258
223.9	258
223.95	258
224	258
224.05	258
224.1	258
224.15	258
224.2	258
224.25	258
224.3	258
224.35	258
224.4	258
224.45	258
224.5	258
224.55	258
224.6	258
224.65	258
224.7	258
224.75	258
224.8	258
224.85	258
224.9	258
224.95	258
225	258
225.05	258
225.1	258
225.15	258
225.2	258
225.25	258
225.3	258
225.35	258
225.4	258
225.45	258
225.5	258
225.55	258
225.6	258
225.65	258
225.7	258
225.75	258
225.8	258
225.85	258
225.9	258
225.95	258
226	258
226.05	258
226.1	258
226.15	258
226.2	258
226.25	258
226.3	258
226.35	258
226.4	258
226.45	258
226.5	258
226.55	258
226.6	258
226.65	258
226.7	258
226.75	258
226.8	258
226.85	258
226.9	258
226.95	258
227	258
227.05	258
227.1	258
227.15	258
227.2	258
227.25	258
227.3	258
227.35	258
227.4	258
227.45	258
227.5	258
227.55	258
227.6	258
227.65	258
227.7	258
227.75	258
227.8	258
227.85	258
227.9	258
227.95	258
228	258
228.05	258
228.1	258
228.15	258
228.2	258
228.25	258
228.3	258
228.35	258
228.4	258
228.45	258
228.5	258
228.55	258
228.6	258
228.65	258
228.7	258
228.75	258
228.8	258
228.85	258
228.9	258
228.95	258
229	258
229.05	258
229.1	258
229.15	258
229.2	258
229.25	258
229.3	258
229.35	258
229.4	258
229.45	258
229.5	258
229.55	258
229.6	258
229.65	258
229.7	258
229.75	258
229.8	258
229.85	258
229.9	258
229.95	258
230	258
230.05	258
230.1	258
230.15	258
230.2	258
230.25	258
230.3	258
230.35	258
230.4	258
230.45	258
230.5	258
230.55	258
230.6	258
230.65	258
230.7	258
230.75	258
230.8	258
230.85	258
230.9	258
230.95	258
231	258
231.05	258
231.1	258
231.15	258
231.2	258
231.25	258
231.3	258
231.35	258
231.4	258
231.45	258
231.5	258
231.55	258
231.6	258
231.65	258
231.7	258
231.75	258
231.8	258
231.85	258
231.9	258
231.95	258
232	258
232.05	258
232.1	258
232.15	258
232.2	258
232.25	258
232.3	258
232.35	258
232.4	258
232.45	258
232.5	258
232.55	258
232.6	258
232.65	258
232.7	258
232.75	258
232.8	258
232.85	258
232.9	258
232.95	258
233	258
233.05	258
233.1	258
233.15	258
233.2	258
233.25	258
233.3	258
233.35	258
233.4	258
233.45	258
233.5	258
233.55	258
233.6	258
233.65	258
233.7	258
233.75	258
233.8	258
233.85	258
233.9	258
233.95	258
234	258
234.05	258
234.1	258
234.15	258
234.2	258
234.25	258
234.3	258
234.35	258
234.4	258
234.45	258
234.5	258
234.55	258
234.6	258
234.65	258
234.7	258
234.75	258
234.8	258
234.85	258
234.9	258
234.95	258
235	258
235.05	258
235.1	258
235.15	258
235.2	258
235.25	258
235.3	258
235.35	258
235.4	258
235.45	258
235.5	258
235.55	258
235.6	258
235.65	258
235.7	258
235.75	258
235.8	258
235.85	258
235.9	258
235.95	258
236	258
236.05	258
236.1	258
236.15	258
236.2	258
236.25	258
236.3	258
236.35	258
236.4	258
236.45	258
236.5	258
236.55	258
236.6	258
236.65	258
236.7	258
236.75	258
236.8	258
236.85	258
236.9	258
236.95	258
237	258
237.05	258
237.1	258
237.15	258
237.2	258
237.25	258
237.3	258
237.35	258
237.4	258
237.45	258
237.5	258
237.55	258
237.6	258
237.65	258
237.7	258
237.75	258
237.8	258
237.85	258
237.9	258
237.95	258
238	258
238.05	258
238.1	258
238.15	258
238.2	258
238.25	258
238.3	258
238.35	258
238.4	258
238.45	258
238.5	258
238.55	258
238.6	258
238.65	258
238.7	258
238.75	258
238.8	258
238.85	258
238.9	258
238.95	258
239	258
239.05	258
239.1	258
239.15	258
239.2	258
239.25	258
239.3	258
239.35	258
239.4	258
239.45	258
239.5	258
239.55	258
239.6	258
239.65	258
239.7	258
239.75	258
239.8	258
239.85	258
239.9	258
239.95	258
