# Time(s)	CWND(packets)
0.05	0
0.1	0
0.15	10
0.2	10
0.25	15
0.3	15
0.35	22
0.4	22
0.45	33
0.5	33
0.55	49
0.6	49
0.65	73
0.7	73
0.75	99
0.8	109
0.85	135
0.9	142
0.95	142
1	142
1.05	143
1.1	143
1.15	143
1.2	143
1.25	143
1.3	143
1.35	143
1.4	143
1.45	143
1.5	143
1.55	143
1.6	143
1.65	143
1.7	143
1.75	143
1.8	143
1.85	143
1.9	143
1.95	143
2	143
2.05	143
2.1	143
2.15	143
2.2	143
2.25	143
2.3	143
2.35	143
2.4	143
2.45	143
2.5	143
2.55	143
2.6	143
2.65	143
2.7	143
2.75	143
2.8	143
2.85	143
2.9	143
2.95	143
3	143
3.05	143
3.1	143
3.15	143
3.2	143
3.25	143
3.3	143
3.35	143
3.4	143
3.45	143
3.5	143
3.55	143
3.6	143
3.65	143
3.7	143
3.75	143
3.8	143
3.85	143
3.9	143
3.95	143
4	143
4.05	143
4.1	143
4.15	143
4.2	143
4.25	143
4.3	143
4.35	143
4.4	143
4.45	143
4.5	143
4.55	143
4.6	143
4.65	143
4.7	143
4.75	143
4.8	143
4.85	143
4.9	143
4.95	143
5	143
5.05	143
5.1	143
5.15	143
5.2	143
5.25	143
5.3	143
5.35	143
5.4	143
5.45	143
5.5	143
5.55	143
5.6	143
5.65	143
5.7	143
5.75	143
5.8	143
5.85	143
5.9	143
5.95	143
6	143
6.05	143
6.1	143
6.15	143
6.2	143
6.25	143
6.3	143
6.35	143
6.4	143
6.45	143
6.5	143
6.55	143
6.6	143
6.65	143
6.7	143
6.75	143
6.8	143
6.85	143
6.9	143
6.95	143
7	143
7.05	143
7.1	143
7.15	143
7.2	143
7.25	143
7.3	143
7.35	143
7.4	143
7.45	143
7.5	143
7.55	143
7.6	143
7.65	143
7.7	143
7.75	143
7.8	143
7.85	143
7.9	143
7.95	143
8	143
8.05	143
8.1	143
8.15	143
8.2	143
8.25	143
8.3	143
8.35	143
8.4	143
8.45	143
8.5	143
8.55	143
8.6	143
8.65	143
8.7	143
8.75	143
8.8	143
8.85	143
8.9	143
8.95	143
9	143
9.05	143
9.1	143
9.15	143
9.2	143
9.25	143
9.3	143
9.35	143
9.4	143
9.45	143
9.5	143
9.55	143
9.6	143
9.65	143
9.7	143
9.75	143
9.8	143
9.85	143
9.9	143
9.95	143
10	143
10.05	143
10.1	143
10.15	143
10.2	143
10.25	143
10.3	143
10.35	143
10.4	143
10.45	143
10.5	143
10.55	143
10.6	143
10.65	143
10.7	143
10.75	143
10.8	143
10.85	143
10.9	143
10.95	143
11	143
11.05	143
11.1	143
11.15	143
11.2	143
11.25	143
11.3	143
11.35	143
11.4	143
11.45	143
11.5	143
11.55	143
11.6	143
11.65	143
11.7	143
11.75	143
11.8	143
11.85	143
11.9	143
11.95	143
12	143
12.05	143
12.1	143
12.15	143
12.2	143
12.25	143
12.3	143
12.35	143
12.4	143
12.45	143
12.5	143
12.55	143
12.6	143
12.65	143
12.7	143
12.75	143
12.8	143
12.85	143
12.9	143
12.95	143
13	143
13.05	143
13.1	143
13.15	143
13.2	143
13.25	143
13.3	143
13.35	143
13.4	143
13.45	143
13.5	143
13.55	143
13.6	143
13.65	143
13.7	143
13.75	143
13.8	143
13.85	143
13.9	143
13.95	143
14	143
14.05	143
14.1	143
14.15	143
14.2	143
14.25	143
14.3	143
14.35	143
14.4	143
14.45	143
14.5	143
14.55	143
14.6	143
14.65	143
14.7	143
14.75	143
14.8	143
14.85	143
14.9	143
14.95	143
15	143
15.05	143
15.1	143
15.15	143
15.2	143
15.25	143
15.3	143
15.35	143
15.4	143
15.45	143
15.5	143
15.55	143
15.6	143
15.65	143
15.7	143
15.75	143
15.8	143
15.85	143
15.9	143
15.95	143
16	143
16.05	143
16.1	143
16.15	143
16.2	143
16.25	143
16.3	143
16.35	143
16.4	143
16.45	143
16.5	143
16.55	143
16.6	143
16.65	143
16.7	143
16.75	143
16.8	143
16.85	143
16.9	143
16.95	143
17	143
17.05	143
17.1	143
17.15	143
17.2	143
17.25	143
17.3	143
17.35	143
17.4	143
17.45	143
17.5	143
17.55	143
17.6	143
17.65	143
17.7	143
17.75	143
17.8	143
17.85	143
17.9	143
17.95	143
18	143
18.05	143
18.1	143
18.15	143
18.2	143
18.25	143
18.3	143
18.35	143
18.4	143
18.45	143
18.5	143
18.55	143
18.6	143
18.65	143
18.7	143
18.75	143
18.8	143
18.85	143
18.9	143
18.95	143
19	143
19.05	143
19.1	143
19.15	143
19.2	143
19.25	143
19.3	143
19.35	143
19.4	143
19.45	143
19.5	143
19.55	143
19.6	143
19.65	143
19.7	143
19.75	143
19.8	143
19.85	143
19.9	143
19.95	143
20	143
20.05	143
20.1	143
20.15	143
20.2	143
20.25	143
20.3	143
20.35	143
20.4	143
20.45	143
20.5	143
20.55	143
20.6	143
20.65	143
20.7	143
20.75	143
20.8	143
20.85	143
20.9	143
20.95	143
21	143
21.05	143
21.1	143
21.15	143
21.2	143
21.25	143
21.3	143
21.35	143
21.4	143
21.45	143
21.5	143
21.55	143
21.6	143
21.65	143
21.7	143
21.75	143
21.8	143
21.85	143
21.9	143
21.95	143
22	143
22.05	143
22.1	143
22.15	143
22.2	143
22.25	143
22.3	143
22.35	143
22.4	143
22.45	143
22.5	143
22.55	143
22.6	143
22.65	143
22.7	143
22.75	143
22.8	143
22.85	143
22.9	143
22.95	143
23	143
23.05	143
23.1	143
23.15	143
23.2	143
23.25	143
23.3	143
23.35	143
23.4	143
23.45	143
23.5	143
23.55	143
23.6	143
23.65	143
23.7	143
23.75	143
23.8	143
23.85	143
23.9	143
23.95	143
24	143
24.05	143
24.1	143
24.15	143
24.2	143
24.25	143
24.3	143
24.35	143
24.4	143
24.45	143
24.5	143
24.55	143
24.6	143
24.65	143
24.7	143
24.75	143
24.8	143
24.85	143
24.9	143
24.95	143
25	143
25.05	143
25.1	143
25.15	143
25.2	143
25.25	143
25.3	143
25.35	143
25.4	143
25.45	143
25.5	143
25.55	143
25.6	143
25.65	143
25.7	143
25.75	143
25.8	143
25.85	143
25.9	143
25.95	143
26	143
26.05	143
26.1	143
26.15	143
26.2	143
26.25	143
26.3	143
26.35	143
26.4	143
26.45	143
26.5	143
26.55	143
26.6	143
26.65	143
26.7	143
26.75	143
26.8	143
26.85	143
26.9	143
26.95	143
27	143
27.05	143
27.1	143
27.15	143
27.2	143
27.25	143
27.3	143
27.35	143
27.4	143
27.45	143
27.5	143
27.55	143
27.6	143
27.65	143
27.7	143
27.75	143
27.8	143
27.85	143
27.9	143
27.95	143
28	143
28.05	143
28.1	143
28.15	143
28.2	143
28.25	143
28.3	143
28.35	143
28.4	143
28.45	143
28.5	143
28.55	143
28.6	143
28.65	143
28.7	143
28.75	143
28.8	143
28.85	143
28.9	143
28.95	143
29	143
29.05	143
29.1	143
29.15	143
29.2	143
29.25	143
29.3	143
29.35	143
29.4	143
29.45	143
29.5	143
29.55	143
29.6	143
29.65	143
29.7	143
29.75	143
29.8	143
29.85	143
29.9	143
29.95	143
30	143
30.05	143
30.1	143
30.15	143
30.2	143
30.25	143
30.3	143
30.35	143
30.4	143
30.45	143
30.5	143
30.55	143
30.6	143
30.65	143
30.7	143
30.75	143
30.8	143
30.85	143
30.9	143
30.95	143
31	143
31.05	143
31.1	143
31.15	143
31.2	143
31.25	143
31.3	143
31.35	143
31.4	143
31.45	143
31.5	143
31.55	143
31.6	143
31.65	143
31.7	143
31.75	143
31.8	143
31.85	143
31.9	143
31.95	143
32	143
32.05	143
32.1	143
32.15	143
32.2	143
32.25	143
32.3	143
32.35	143
32.4	143
32.45	143
32.5	143
32.55	143
32.6	143
32.65	143
32.7	143
32.75	143
32.8	143
32.85	143
32.9	143
32.95	143
33	143
33.05	143
33.1	143
33.15	143
33.2	143
33.25	143
33.3	143
33.35	143
33.4	143
33.45	143
33.5	143
33.55	143
33.6	143
33.65	143
33.7	143
33.75	143
33.8	143
33.85	143
33.9	143
33.95	143
34	143
34.05	143
34.1	143
34.15	143
34.2	143
34.25	143
34.3	143
34.35	143
34.4	143
34.45	143
34.5	143
34.55	143
34.6	143
34.65	143
34.7	143
34.75	143
34.8	143
34.85	143
34.9	143
34.95	143
35	143
35.05	143
35.1	143
35.15	143
35.2	143
35.25	143
35.3	143
35.35	143
35.4	143
35.45	143
35.5	143
35.55	143
35.6	143
35.65	143
35.7	143
35.75	143
35.8	143
35.85	143
35.9	143
35.95	143
36	143
36.05	143
36.1	143
36.15	143
36.2	143
36.25	143
36.3	143
36.35	143
36.4	143
36.45	143
36.5	143
36.55	143
36.6	143
36.65	143
36.7	143
36.75	143
36.8	143
36.85	143
36.9	143
36.95	143
37	143
37.05	143
37.1	143
37.15	143
37.2	143
37.25	143
37.3	143
37.35	143
37.4	143
37.45	143
37.5	143
37.55	143
37.6	143
37.65	143
37.7	143
37.75	143
37.8	143
37.85	143
37.9	143
37.95	143
38	143
38.05	143
38.1	143
38.15	143
38.2	143
38.25	143
38.3	143
38.35	143
38.4	143
38.45	143
38.5	143
38.55	143
38.6	143
38.65	143
38.7	143
38.75	143
38.8	143
38.85	143
38.9	143
38.95	143
39	143
39.05	143
39.1	143
39.15	143
39.2	143
39.25	143
39.3	143
39.35	143
39.4	143
39.45	143
39.5	143
39.55	143
39.6	143
39.65	143
39.7	143
39.75	143
39.8	143
39.85	143
39.9	143
39.95	143
40	143
40.05	143
40.1	143
40.15	143
40.2	143
40.25	143
40.3	143
40.35	143
40.4	143
40.45	143
40.5	143
40.55	143
40.6	143
40.65	143
40.7	143
40.75	143
40.8	143
40.85	143
40.9	143
40.95	143
41	143
41.05	143
41.1	143
41.15	143
41.2	143
41.25	143
41.3	143
41.35	143
41.4	143
41.45	143
41.5	143
41.55	143
41.6	143
41.65	143
41.7	143
41.75	143
41.8	143
41.85	143
41.9	143
41.95	143
42	143
42.05	143
42.1	143
42.15	143
42.2	143
42.25	143
42.3	143
42.35	143
42.4	143
42.45	143
42.5	143
42.55	143
42.6	143
42.65	143
42.7	143
42.75	143
42.8	143
42.85	143
42.9	143
42.95	143
43	143
43.05	143
43.1	143
43.15	143
43.2	143
43.25	143
43.3	143
43.35	143
43.4	143
43.45	143
43.5	143
43.55	143
43.6	143
43.65	143
43.7	143
43.75	143
43.8	143
43.85	143
43.9	143
43.95	143
44	143
44.05	143
44.1	143
44.15	143
44.2	143
44.25	143
44.3	143
44.35	143
44.4	143
44.45	143
44.5	143
44.55	143
44.6	143
44.65	143
44.7	143
44.75	143
44.8	143
44.85	143
44.9	143
44.95	143
45	143
45.05	143
45.1	143
45.15	143
45.2	143
45.25	143
45.3	143
45.35	143
45.4	143
45.45	143
45.5	143
45.55	143
45.6	143
45.65	143
45.7	143
45.75	143
45.8	143
45.85	143
45.9	143
45.95	143
46	143
46.05	143
46.1	143
46.15	143
46.2	143
46.25	143
46.3	143
46.35	143
46.4	143
46.45	143
46.5	143
46.55	143
46.6	143
46.65	143
46.7	143
46.75	143
46.8	143
46.85	143
46.9	143
46.95	143
47	143
47.05	143
47.1	143
47.15	143
47.2	143
47.25	143
47.3	143
47.35	143
47.4	143
47.45	143
47.5	143
47.55	143
47.6	143
47.65	143
47.7	143
47.75	143
47.8	143
47.85	143
47.9	143
47.95	143
48	143
48.05	143
48.1	143
48.15	143
48.2	143
48.25	143
48.3	143
48.35	143
48.4	143
48.45	143
48.5	143
48.55	143
48.6	143
48.65	143
48.7	143
48.75	143
48.8	143
48.85	143
48.9	143
48.95	143
49	143
49.05	143
49.1	143
49.15	143
49.2	143
49.25	143
49.3	143
49.35	143
49.4	143
49.45	143
49.5	143
49.55	143
49.6	143
49.65	143
49.7	143
49.75	143
49.8	143
49.85	143
49.9	143
49.95	143
50	143
50.05	143
50.1	143
50.15	143
50.2	143
50.25	143
50.3	143
50.35	143
50.4	143
50.45	143
50.5	143
50.55	143
50.6	143
50.65	143
50.7	143
50.75	143
50.8	143
50.85	143
50.9	143
50.95	143
51	143
51.05	143
51.1	143
51.15	143
51.2	143
51.25	143
51.3	143
51.35	143
51.4	143
51.45	143
51.5	143
51.55	143
51.6	143
51.65	143
51.7	143
51.75	143
51.8	143
51.85	143
51.9	143
51.95	143
52	143
52.05	143
52.1	143
52.15	143
52.2	143
52.25	143
52.3	143
52.35	143
52.4	143
52.45	143
52.5	143
52.55	143
52.6	143
52.65	143
52.7	143
52.75	143
52.8	143
52.85	143
52.9	143
52.95	143
53	143
53.05	143
53.1	143
53.15	143
53.2	143
53.25	143
53.3	143
53.35	143
53.4	143
53.45	143
53.5	143
53.55	143
53.6	143
53.65	143
53.7	143
53.75	143
53.8	143
53.85	143
53.9	143
53.95	143
54	143
54.05	143
54.1	143
54.15	143
54.2	143
54.25	143
54.3	143
54.35	143
54.4	143
54.45	143
54.5	143
54.55	143
54.6	143
54.65	143
54.7	143
54.75	143
54.8	143
54.85	143
54.9	143
54.95	143
55	143
55.05	143
55.1	143
55.15	143
55.2	143
55.25	143
55.3	143
55.35	143
55.4	143
55.45	143
55.5	143
55.55	143
55.6	143
55.65	143
55.7	143
55.75	143
55.8	143
55.85	143
55.9	143
55.95	143
56	143
56.05	143
56.1	143
56.15	143
56.2	143
56.25	143
56.3	143
56.35	143
56.4	143
56.45	143
56.5	143
56.55	143
56.6	143
56.65	143
56.7	143
56.75	143
56.8	143
56.85	143
56.9	143
56.95	143
57	143
57.05	143
57.1	143
57.15	143
57.2	143
57.25	143
57.3	143
57.35	143
57.4	143
57.45	143
57.5	143
57.55	143
57.6	143
57.65	143
57.7	143
57.75	143
57.8	143
57.85	143
57.9	143
57.95	143
58	143
58.05	143
58.1	143
58.15	143
58.2	143
58.25	143
58.3	143
58.35	143
58.4	143
58.45	143
58.5	143
58.55	143
58.6	143
58.65	143
58.7	143
58.75	143
58.8	143
58.85	143
58.9	143
58.95	143
59	143
59.05	143
59.1	143
59.15	143
59.2	143
59.25	143
59.3	143
59.35	143
59.4	143
59.45	143
59.5	143
59.55	143
59.6	143
59.65	143
59.7	143
59.75	143
59.8	143
59.85	143
59.9	143
59.95	143
60	143
60.05	143
60.1	143
60.15	143
60.2	143
60.25	143
60.3	143
60.35	143
60.4	143
60.45	143
60.5	143
60.55	143
60.6	143
60.65	143
60.7	143
60.75	143
60.8	143
60.85	143
60.9	143
60.95	143
61	143
61.05	143
61.1	143
61.15	143
61.2	143
61.25	143
61.3	143
61.35	143
61.4	143
61.45	143
61.5	143
61.55	143
61.6	143
61.65	143
61.7	143
61.75	143
61.8	143
61.85	143
61.9	143
61.95	143
62	143
62.05	143
62.1	143
62.15	143
62.2	143
62.25	143
62.3	143
62.35	143
62.4	143
62.45	143
62.5	143
62.55	143
62.6	143
62.65	143
62.7	143
62.75	143
62.8	143
62.85	143
62.9	143
62.95	143
63	143
63.05	143
63.1	143
63.15	143
63.2	143
63.25	143
63.3	143
63.35	143
63.4	143
63.45	143
63.5	143
63.55	143
63.6	143
63.65	143
63.7	143
63.75	143
63.8	143
63.85	143
63.9	143
63.95	143
64	143
64.05	143
64.1	143
64.15	143
64.2	143
64.25	143
64.3	143
64.35	143
64.4	143
64.45	143
64.5	143
64.55	143
64.6	143
64.65	143
64.7	143
64.75	143
64.8	143
64.85	143
64.9	143
64.95	143
65	143
65.05	143
65.1	143
65.15	143
65.2	143
65.25	143
65.3	143
65.35	143
65.4	143
65.45	143
65.5	143
65.55	143
65.6	143
65.65	143
65.7	143
65.75	143
65.8	143
65.85	143
65.9	143
65.95	143
66	143
66.05	143
66.1	143
66.15	143
66.2	143
66.25	143
66.3	143
66.35	143
66.4	143
66.45	143
66.5	143
66.55	143
66.6	143
66.65	143
66.7	143
66.75	143
66.8	143
66.85	143
66.9	143
66.95	143
67	143
67.05	143
67.1	143
67.15	143
67.2	143
67.25	143
67.3	143
67.35	143
67.4	143
67.45	143
67.5	143
67.55	143
67.6	143
67.65	143
67.7	143
67.75	143
67.8	143
67.85	143
67.9	143
67.95	143
68	143
68.05	143
68.1	143
68.15	143
68.2	143
68.25	143
68.3	143
68.35	143
68.4	143
68.45	143
68.5	143
68.55	143
68.6	143
68.65	143
68.7	143
68.75	143
68.8	143
68.85	143
68.9	143
68.95	143
69	143
69.05	143
69.1	143
69.15	143
69.2	143
69.25	143
69.3	143
69.35	143
69.4	143
69.45	143
69.5	143
69.55	143
69.6	143
69.65	143
69.7	143
69.75	143
69.8	143
69.85	143
69.9	143
69.95	143
70	143
70.05	143
70.1	143
70.15	143
70.2	143
70.25	143
70.3	143
70.35	143
70.4	143
70.45	143
70.5	143
70.55	143
70.6	143
70.65	143
70.7	143
70.75	143
70.8	143
70.85	143
70.9	143
70.95	143
71	143
71.05	143
71.1	143
71.15	143
71.2	143
71.25	143
71.3	143
71.35	143
71.4	143
71.45	143
71.5	143
71.55	143
71.6	143
71.65	143
71.7	143
71.75	143
71.8	143
71.85	143
71.9	143
71.95	143
72	143
72.05	143
72.1	143
72.15	143
72.2	143
72.25	143
72.3	143
72.35	143
72.4	143
72.45	143
72.5	143
72.55	143
72.6	143
72.65	143
72.7	143
72.75	143
72.8	143
72.85	143
72.9	143
72.95	143
73	143
73.05	143
73.1	143
73.15	143
73.2	143
73.25	143
73.3	143
73.35	143
73.4	143
73.45	143
73.5	143
73.55	143
73.6	143
73.65	143
73.7	143
73.75	143
73.8	143
73.85	143
73.9	143
73.95	143
74	143
74.05	143
74.1	143
74.15	143
74.2	143
74.25	143
74.3	143
74.35	143
74.4	143
74.45	143
74.5	143
74.55	143
74.6	143
74.65	143
74.7	143
74.75	143
74.8	143
74.85	143
74.9	143
74.95	143
75	143
75.05	143
75.1	143
75.15	143
75.2	143
75.25	143
75.3	143
75.35	143
75.4	143
75.45	143
75.5	143
75.55	143
75.6	143
75.65	143
75.7	143
75.75	143
75.8	143
75.85	143
75.9	143
75.95	143
76	143
76.05	143
76.1	143
76.15	143
76.2	143
76.25	143
76.3	143
76.35	143
76.4	143
76.45	143
76.5	143
76.55	143
76.6	143
76.65	143
76.7	143
76.75	143
76.8	143
76.85	143
76.9	143
76.95	143
77	143
77.05	143
77.1	143
77.15	143
77.2	143
77.25	143
77.3	143
77.35	143
77.4	143
77.45	143
77.5	143
77.55	143
77.6	143
77.65	143
77.7	143
77.75	143
77.8	143
77.85	143
77.9	143
77.95	143
78	143
78.05	143
78.1	143
78.15	143
78.2	143
78.25	143
78.3	143
78.35	143
78.4	143
78.45	143
78.5	143
78.55	143
78.6	143
78.65	143
78.7	143
78.75	143
78.8	143
78.85	143
78.9	143
78.95	143
79	143
79.05	143
79.1	143
79.15	143
79.2	143
79.25	143
79.3	143
79.35	143
79.4	143
79.45	143
79.5	143
79.55	143
79.6	143
79.65	143
79.7	143
79.75	143
79.8	143
79.85	143
79.9	143
79.95	143
80	143
80.05	143
80.1	143
80.15	143
80.2	143
80.25	143
80.3	143
80.35	143
80.4	143
80.45	143
80.5	142
80.55	142
80.6	142
80.65	142
80.7	142
80.75	141
80.8	141
80.85	141
80.9	141
80.95	140
81	140
81.05	140
81.1	140
81.15	140
81.2	139
81.25	139
81.3	139
81.35	139
81.4	139
81.45	138
81.5	138
81.55	138
81.6	138
81.65	138
81.7	137
81.75	137
81.8	137
81.85	137
81.9	136
81.95	136
82	136
82.05	136
82.1	136
82.15	135
82.2	135
82.25	135
82.3	135
82.35	134
82.4	134
82.45	134
82.5	134
82.55	134
82.6	133
82.65	133
82.7	133
82.75	133
82.8	132
82.85	132
82.9	132
82.95	132
83	132
83.05	131
83.1	131
83.15	131
83.2	131
83.25	130
83.3	130
83.35	130
83.4	130
83.45	129
83.5	129
83.55	129
83.6	129
83.65	129
83.7	128
83.75	128
83.8	128
83.85	128
83.9	127
83.95	127
84	127
84.05	127
84.1	126
84.15	126
84.2	126
84.25	126
84.3	126
84.35	125
84.4	125
84.45	125
84.5	125
84.55	124
84.6	124
84.65	124
84.7	124
84.75	123
84.8	123
84.85	123
84.9	123
84.95	122
85	122
85.05	122
85.1	122
85.15	121
85.2	121
85.25	121
85.3	121
85.35	120
85.4	120
85.45	120
85.5	120
85.55	119
85.6	119
85.65	119
85.7	119
85.75	118
85.8	118
85.85	118
85.9	118
85.95	117
86	117
86.05	117
86.1	117
86.15	116
86.2	116
86.25	116
86.3	116
86.35	115
86.4	115
86.45	115
86.5	115
86.55	114
86.6	114
86.65	114
86.7	114
86.75	113
86.8	113
86.85	113
86.9	112
86.95	112
87	112
87.05	112
87.1	111
87.15	111
87.2	111
87.25	111
87.3	110
87.35	110
87.4	110
87.45	110
87.5	109
87.55	109
87.6	109
87.65	108
87.7	108
87.75	108
87.8	108
87.85	107
87.9	107
87.95	107
88	107
88.05	106
88.1	106
88.15	106
88.2	105
88.25	105
88.3	105
88.35	105
88.4	104
88.45	104
88.5	104
88.55	103
88.6	103
88.65	103
88.7	103
88.75	102
88.8	102
88.85	102
88.9	101
88.95	101
89	101
89.05	100
89.1	100
89.15	100
89.2	100
89.25	99
89.3	99
89.35	99
89.4	98
89.45	98
89.5	98
89.55	98
89.6	98
89.65	98
89.7	98
89.75	98
89.8	98
89.85	98
89.9	98
89.95	98
90	98
90.05	98
90.1	98
90.15	98
90.2	98
90.25	98
90.3	98
90.35	98
90.4	98
90.45	98
90.5	98
90.55	98
90.6	98
90.65	98
90.7	98
90.75	98
90.8	98
90.85	98
90.9	98
90.95	98
91	98
91.05	98
91.1	98
91.15	98
91.2	98
91.25	98
91.3	98
91.35	98
91.4	98
91.45	98
91.5	98
91.55	98
91.6	98
91.65	98
91.7	98
91.75	98
91.8	98
91.85	98
91.9	98
91.95	98
92	98
92.05	98
92.1	98
92.15	98
92.2	98
92.25	98
92.3	98
92.35	98
92.4	98
92.45	98
92.5	98
92.55	98
92.6	98
92.65	98
92.7	98
92.75	98
92.8	98
92.85	98
92.9	98
92.95	98
93	98
93.05	98
93.1	98
93.15	98
93.2	98
93.25	98
93.3	98
93.35	98
93.4	98
93.45	98
93.5	98
93.55	98
93.6	98
93.65	98
93.7	98
93.75	98
93.8	98
93.85	98
93.9	98
93.95	98
94	98
94.05	98
94.1	98
94.15	98
94.2	98
94.25	98
94.3	98
94.35	98
94.4	98
94.45	98
94.5	98
94.55	98
94.6	98
94.65	98
94.7	98
94.75	98
94.8	98
94.85	98
94.9	98
94.95	98
95	98
95.05	98
95.1	98
95.15	98
95.2	98
95.25	98
95.3	98
95.35	98
95.4	98
95.45	98
95.5	98
95.55	98
95.6	98
95.65	98
95.7	98
95.75	98
95.8	98
95.85	98
95.9	98
95.95	98
96	98
96.05	98
96.1	98
96.15	98
96.2	98
96.25	98
96.3	98
96.35	98
96.4	98
96.45	98
96.5	98
96.55	98
96.6	98
96.65	98
96.7	98
96.75	98
96.8	98
96.85	98
96.9	98
96.95	98
97	98
97.05	98
97.1	98
97.15	98
97.2	98
97.25	98
97.3	98
97.35	98
97.4	98
97.45	98
97.5	98
97.55	98
97.6	98
97.65	98
97.7	98
97.75	98
97.8	98
97.85	98
97.9	98
97.95	98
98	98
98.05	98
98.1	98
98.15	98
98.2	98
98.25	98
98.3	98
98.35	98
98.4	98
98.45	98
98.5	98
98.55	98
98.6	98
98.65	98
98.7	98
98.75	98
98.8	98
98.85	98
98.9	98
98.95	98
99	98
99.05	98
99.1	98
99.15	98
99.2	98
99.25	98
99.3	98
99.35	98
99.4	98
99.45	98
99.5	98
99.55	98
99.6	98
99.65	98
99.7	98
99.75	98
99.8	98
99.85	98
99.9	98
99.95	98
100	98
100.05	98
100.1	98
100.15	98
100.2	98
100.25	98
100.3	98
100.35	98
100.4	98
100.45	98
100.5	98
100.55	98
100.6	98
100.65	98
100.7	98
100.75	98
100.8	98
100.85	98
100.9	98
100.95	98
101	98
101.05	98
101.1	98
101.15	98
101.2	98
101.25	98
101.3	98
101.35	98
101.4	98
101.45	98
101.5	98
101.55	98
101.6	98
101.65	98
101.7	98
101.75	98
101.8	98
101.85	98
101.9	98
101.95	98
102	98
102.05	98
102.1	98
102.15	98
102.2	98
102.25	98
102.3	98
102.35	98
102.4	98
102.45	98
102.5	98
102.55	98
102.6	98
102.65	98
102.7	98
102.75	98
102.8	98
102.85	98
102.9	98
102.95	98
103	98
103.05	98
103.1	98
103.15	98
103.2	98
103.25	98
103.3	98
103.35	98
103.4	98
103.45	98
103.5	98
103.55	98
103.6	98
103.65	98
103.7	98
103.75	98
103.8	98
103.85	98
103.9	98
103.95	98
104	98
104.05	98
104.1	98
104.15	98
104.2	98
104.25	98
104.3	98
104.35	98
104.4	98
104.45	98
104.5	98
104.55	98
104.6	98
104.65	98
104.7	98
104.75	98
104.8	98
104.85	98
104.9	98
104.95	98
105	98
105.05	98
105.1	98
105.15	98
105.2	98
105.25	98
105.3	98
105.35	98
105.4	98
105.45	98
105.5	98
105.55	98
105.6	98
105.65	98
105.7	98
105.75	98
105.8	98
105.85	98
105.9	98
105.95	98
106	98
106.05	98
106.1	98
106.15	98
106.2	98
106.25	98
106.3	98
106.35	98
106.4	98
106.45	98
106.5	98
106.55	98
106.6	98
106.65	98
106.7	98
106.75	98
106.8	98
106.85	98
106.9	98
106.95	98
107	98
107.05	98
107.1	98
107.15	98
107.2	98
107.25	98
107.3	98
107.35	98
107.4	98
107.45	98
107.5	98
107.55	98
107.6	98
107.65	98
107.7	98
107.75	98
107.8	98
107.85	98
107.9	98
107.95	98
108	98
108.05	98
108.1	98
108.15	98
108.2	98
108.25	98
108.3	98
108.35	98
108.4	98
108.45	98
108.5	98
108.55	98
108.6	98
108.65	98
108.7	98
108.75	98
108.8	98
108.85	98
108.9	98
108.95	98
109	98
109.05	98
109.1	98
109.15	98
109.2	98
109.25	98
109.3	98
109.35	98
109.4	98
109.45	98
109.5	98
109.55	98
109.6	98
109.65	98
109.7	98
109.75	98
109.8	98
109.85	98
109.9	98
109.95	98
110	98
110.05	98
110.1	98
110.15	98
110.2	98
110.25	98
110.3	98
110.35	98
110.4	98
110.45	98
110.5	98
110.55	98
110.6	98
110.65	98
110.7	98
110.75	98
110.8	98
110.85	98
110.9	98
110.95	98
111	98
111.05	98
111.1	98
111.15	98
111.2	98
111.25	98
111.3	98
111.35	98
111.4	98
111.45	98
111.5	98
111.55	98
111.6	98
111.65	98
111.7	98
111.75	98
111.8	98
111.85	98
111.9	98
111.95	98
112	98
112.05	98
112.1	98
112.15	98
112.2	98
112.25	98
112.3	98
112.35	98
112.4	98
112.45	98
112.5	98
112.55	98
112.6	98
112.65	98
112.7	98
112.75	98
112.8	98
112.85	98
112.9	98
112.95	98
113	98
113.05	98
113.1	98
113.15	98
113.2	98
113.25	98
113.3	98
113.35	98
113.4	98
113.45	98
113.5	98
113.55	98
113.6	98
113.65	98
113.7	98
113.75	98
113.8	98
113.85	98
113.9	98
113.95	98
114	98
114.05	98
114.1	98
114.15	98
114.2	98
114.25	98
114.3	98
114.35	98
114.4	98
114.45	98
114.5	98
114.55	98
114.6	98
114.65	98
114.7	98
114.75	98
114.8	98
114.85	98
114.9	98
114.95	98
115	98
115.05	98
115.1	98
115.15	98
115.2	98
115.25	98
115.3	98
115.35	98
115.4	98
115.45	98
115.5	98
115.55	98
115.6	98
115.65	98
115.7	98
115.75	98
115.8	98
115.85	98
115.9	98
115.95	98
116	98
116.05	98
116.1	98
116.15	98
116.2	98
116.25	98
116.3	98
116.35	98
116.4	98
116.45	98
116.5	98
116.55	98
116.6	98
116.65	98
116.7	98
116.75	98
116.8	98
116.85	98
116.9	98
116.95	98
117	98
117.05	98
117.1	98
117.15	98
117.2	98
117.25	98
117.3	98
117.35	98
117.4	98
117.45	98
117.5	98
117.55	98
117.6	98
117.65	98
117.7	98
117.75	98
117.8	98
117.85	98
117.9	98
117.95	98
118	98
118.05	98
118.1	98
118.15	98
118.2	98
118.25	98
118.3	98
118.35	98
118.4	98
118.45	98
118.5	98
118.55	98
118.6	98
118.65	98
118.7	98
118.75	98
118.8	98
118.85	98
118.9	98
118.95	98
119	98
119.05	98
119.1	98
119.15	98
119.2	98
119.25	98
119.3	98
119.35	98
119.4	98
119.45	98
119.5	98
119.55	98
119.6	98
119.65	98
119.7	98
119.75	98
119.8	98
119.85	98
119.9	98
119.95	98
120	98
120.05	98
120.1	98
120.15	98
120.2	98
120.25	98
120.3	98
120.35	98
120.4	98
120.45	98
120.5	98
120.55	98
120.6	98
120.65	98
120.7	98
120.75	98
120.8	98
120.85	98
120.9	98
120.95	98
121	98
121.05	98
121.1	98
121.15	98
121.2	98
121.25	98
121.3	98
121.35	98
121.4	98
121.45	98
121.5	98
121.55	98
121.6	98
121.65	98
121.7	98
121.75	98
121.8	98
121.85	98
121.9	98
121.95	98
122	98
122.05	98
122.1	98
122.15	98
122.2	98
122.25	98
122.3	98
122.35	98
122.4	98
122.45	98
122.5	98
122.55	98
122.6	98
122.65	98
122.7	98
122.75	98
122.8	98
122.85	98
122.9	98
122.95	98
123	98
123.05	98
123.1	98
123.15	98
123.2	98
123.25	98
123.3	98
123.35	98
123.4	98
123.45	98
123.5	98
123.55	98
123.6	98
123.65	98
123.7	98
123.75	98
123.8	98
123.85	98
123.9	98
123.95	98
124	98
124.05	98
124.1	98
124.15	98
124.2	98
124.25	98
124.3	98
124.35	98
124.4	98
124.45	98
124.5	98
124.55	98
124.6	98
124.65	98
124.7	98
124.75	98
124.8	98
124.85	98
124.9	98
124.95	98
125	98
125.05	98
125.1	98
125.15	98
125.2	98
125.25	98
125.3	98
125.35	98
125.4	98
125.45	98
125.5	98
125.55	98
125.6	98
125.65	98
125.7	98
125.75	98
125.8	98
125.85	98
125.9	98
125.95	98
126	98
126.05	98
126.1	98
126.15	98
126.2	98
126.25	98
126.3	98
126.35	98
126.4	98
126.45	98
126.5	98
126.55	98
126.6	98
126.65	98
126.7	98
126.75	98
126.8	98
126.85	98
126.9	98
126.95	98
127	98
127.05	98
127.1	98
127.15	98
127.2	98
127.25	98
127.3	98
127.35	98
127.4	98
127.45	98
127.5	98
127.55	98
127.6	98
127.65	98
127.7	98
127.75	98
127.8	98
127.85	98
127.9	98
127.95	98
128	98
128.05	98
128.1	98
128.15	98
128.2	98
128.25	98
128.3	98
128.35	98
128.4	98
128.45	98
128.5	98
128.55	98
128.6	98
128.65	98
128.7	98
128.75	98
128.8	98
128.85	98
128.9	98
128.95	98
129	98
129.05	98
129.1	98
129.15	98
129.2	98
129.25	98
129.3	98
129.35	98
129.4	98
129.45	98
129.5	98
129.55	98
129.6	98
129.65	98
129.7	98
129.75	98
129.8	98
129.85	98
129.9	98
129.95	98
130	98
130.05	98
130.1	98
130.15	98
130.2	98
130.25	98
130.3	98
130.35	98
130.4	98
130.45	98
130.5	98
130.55	98
130.6	98
130.65	98
130.7	98
130.75	98
130.8	98
130.85	98
130.9	98
130.95	98
131	98
131.05	98
131.1	98
131.15	98
131.2	98
131.25	98
131.3	98
131.35	98
131.4	98
131.45	98
131.5	98
131.55	98
131.6	98
131.65	98
131.7	98
131.75	98
131.8	98
131.85	98
131.9	98
131.95	98
132	98
132.05	98
132.1	98
132.15	98
132.2	98
132.25	98
132.3	98
132.35	98
132.4	98
132.45	98
132.5	98
132.55	98
132.6	98
132.65	98
132.7	98
132.75	98
132.8	98
132.85	98
132.9	98
132.95	98
133	98
133.05	98
133.1	98
133.15	98
133.2	98
133.25	98
133.3	98
133.35	98
133.4	98
133.45	98
133.5	98
133.55	98
133.6	98
133.65	98
133.7	98
133.75	98
133.8	98
133.85	98
133.9	98
133.95	98
134	98
134.05	98
134.1	98
134.15	98
134.2	98
134.25	98
134.3	98
134.35	98
134.4	98
134.45	98
134.5	98
134.55	98
134.6	98
134.65	98
134.7	98
134.75	98
134.8	98
134.85	98
134.9	98
134.95	98
135	98
135.05	98
135.1	98
135.15	98
135.2	98
135.25	98
135.3	98
135.35	98
135.4	98
135.45	98
135.5	98
135.55	98
135.6	98
135.65	98
135.7	98
135.75	98
135.8	98
135.85	98
135.9	98
135.95	98
136	98
136.05	98
136.1	98
136.15	98
136.2	98
136.25	98
136.3	98
136.35	98
136.4	98
136.45	98
136.5	98
136.55	98
136.6	98
136.65	98
136.7	98
136.75	98
136.8	98
136.85	98
136.9	98
136.95	98
137	98
137.05	98
137.1	98
137.15	98
137.2	98
137.25	98
137.3	98
137.35	98
137.4	98
137.45	98
137.5	98
137.55	98
137.6	98
137.65	98
137.7	98
137.75	98
137.8	98
137.85	98
137.9	98
137.95	98
138	98
138.05	98
138.1	98
138.15	98
138.2	98
138.25	98
138.3	98
138.35	98
138.4	98
138.45	98
138.5	98
138.55	98
138.6	98
138.65	98
138.7	98
138.75	98
138.8	98
138.85	98
138.9	98
138.95	98
139	98
139.05	98
139.1	98
139.15	98
139.2	98
139.25	98
139.3	98
139.35	98
139.4	98
139.45	98
139.5	98
139.55	98
139.6	98
139.65	98
139.7	98
139.75	98
139.8	98
139.85	98
139.9	98
139.95	98
140	98
140.05	98
140.1	98
140.15	98
140.2	98
140.25	98
140.3	98
140.35	98
140.4	98
140.45	98
140.5	98
140.55	98
140.6	98
140.65	98
140.7	98
140.75	98
140.8	98
140.85	98
140.9	98
140.95	98
141	98
141.05	98
141.1	98
141.15	98
141.2	98
141.25	98
141.3	98
141.35	98
141.4	98
141.45	98
141.5	98
141.55	98
141.6	98
141.65	98
141.7	98
141.75	98
141.8	98
141.85	98
141.9	98
141.95	98
142	98
142.05	98
142.1	98
142.15	98
142.2	98
142.25	98
142.3	98
142.35	98
142.4	98
142.45	98
142.5	98
142.55	98
142.6	98
142.65	98
142.7	98
142.75	98
142.8	98
142.85	98
142.9	98
142.95	98
143	98
143.05	98
143.1	98
143.15	98
143.2	98
143.25	98
143.3	98
143.35	98
143.4	98
143.45	98
143.5	98
143.55	98
143.6	98
143.65	98
143.7	98
143.75	98
143.8	98
143.85	98
143.9	98
143.95	98
144	98
144.05	98
144.1	98
144.15	98
144.2	98
144.25	98
144.3	98
144.35	98
144.4	98
144.45	98
144.5	98
144.55	98
144.6	98
144.65	98
144.7	98
144.75	98
144.8	98
144.85	98
144.9	98
144.95	98
145	98
145.05	98
145.1	98
145.15	98
145.2	98
145.25	98
145.3	98
145.35	98
145.4	98
145.45	98
145.5	98
145.55	98
145.6	98
145.65	98
145.7	98
145.75	98
145.8	98
145.85	98
145.9	98
145.95	98
146	98
146.05	98
146.1	98
146.15	98
146.2	98
146.25	98
146.3	98
146.35	98
146.4	98
146.45	98
146.5	98
146.55	98
146.6	98
146.65	98
146.7	98
146.75	98
146.8	98
146.85	98
146.9	98
146.95	98
147	98
147.05	98
147.1	98
147.15	98
147.2	98
147.25	98
147.3	98
147.35	98
147.4	98
147.45	98
147.5	98
147.55	98
147.6	98
147.65	98
147.7	98
147.75	98
147.8	98
147.85	98
147.9	98
147.95	98
148	98
148.05	98
148.1	98
148.15	98
148.2	98
148.25	98
148.3	98
148.35	98
148.4	98
148.45	98
148.5	98
148.55	98
148.6	98
148.65	98
148.7	98
148.75	98
148.8	98
148.85	98
148.9	98
148.95	98
149	98
149.05	98
149.1	98
149.15	98
149.2	98
149.25	98
149.3	98
149.35	98
149.4	98
149.45	98
149.5	98
149.55	98
149.6	98
149.65	98
149.7	98
149.75	98
149.8	98
149.85	98
149.9	98
149.95	98
150	98
150.05	98
150.1	98
150.15	98
150.2	98
150.25	98
150.3	98
150.35	98
150.4	98
150.45	98
150.5	98
150.55	98
150.6	98
150.65	98
150.7	98
150.75	98
150.8	98
150.85	98
150.9	98
150.95	98
151	98
151.05	98
151.1	98
151.15	98
151.2	98
151.25	98
151.3	98
151.35	98
151.4	98
151.45	98
151.5	98
151.55	98
151.6	98
151.65	98
151.7	98
151.75	98
151.8	98
151.85	98
151.9	98
151.95	98
152	98
152.05	98
152.1	98
152.15	98
152.2	98
152.25	98
152.3	98
152.35	98
152.4	98
152.45	98
152.5	98
152.55	98
152.6	98
152.65	98
152.7	98
152.75	98
152.8	98
152.85	98
152.9	98
152.95	98
153	98
153.05	98
153.1	98
153.15	98
153.2	98
153.25	98
153.3	98
153.35	98
153.4	98
153.45	98
153.5	98
153.55	98
153.6	98
153.65	98
153.7	98
153.75	98
153.8	98
153.85	98
153.9	98
153.95	98
154	98
154.05	98
154.1	98
154.15	98
154.2	98
154.25	98
154.3	98
154.35	98
154.4	98
154.45	98
154.5	98
154.55	98
154.6	98
154.65	98
154.7	98
154.75	98
154.8	98
154.85	98
154.9	98
154.95	98
155	98
155.05	98
155.1	98
155.15	98
155.2	98
155.25	98
155.3	98
155.35	98
155.4	98
155.45	98
155.5	98
155.55	98
155.6	98
155.65	98
155.7	98
155.75	98
155.8	98
155.85	98
155.9	98
155.95	98
156	98
156.05	98
156.1	98
156.15	98
156.2	98
156.25	98
156.3	98
156.35	98
156.4	98
156.45	98
156.5	98
156.55	98
156.6	98
156.65	98
156.7	98
156.75	98
156.8	98
156.85	98
156.9	98
156.95	98
157	98
157.05	98
157.1	98
157.15	98
157.2	98
157.25	98
157.3	98
157.35	98
157.4	98
157.45	98
157.5	98
157.55	98
157.6	98
157.65	98
157.7	98
157.75	98
157.8	98
157.85	98
157.9	98
157.95	98
158	98
158.05	98
158.1	98
158.15	98
158.2	98
158.25	98
158.3	98
158.35	98
158.4	98
158.45	98
158.5	98
158.55	98
158.6	98
158.65	98
158.7	98
158.75	98
158.8	98
158.85	98
158.9	98
158.95	98
159	98
159.05	98
159.1	98
159.15	98
159.2	98
159.25	98
159.3	98
159.35	98
159.4	98
159.45	98
159.5	98
159.55	98
159.6	98
159.65	98
159.7	98
159.75	98
159.8	98
159.85	98
159.9	98
159.95	98
160	98
160.05	98
160.1	98
160.15	98
160.2	98
160.25	99
160.3	99
160.35	100
160.4	100
160.45	101
160.5	101
160.55	102
160.6	102
160.65	103
160.7	103
160.75	104
160.8	104
160.85	105
160.9	105
160.95	106
161	106
161.05	107
161.1	107
161.15	108
161.2	108
161.25	109
161.3	109
161.35	110
161.4	110
161.45	111
161.5	111
161.55	112
161.6	112
161.65	113
161.7	113
161.75	114
161.8	114
161.85	115
161.9	115
161.95	116
162	116
162.05	117
162.1	117
162.15	118
162.2	118
162.25	119
162.3	119
162.35	120
162.4	120
162.45	121
162.5	121
162.55	122
162.6	122
162.65	123
162.7	123
162.75	124
162.8	124
162.85	125
162.9	125
162.95	126
163	126
163.05	127
163.1	127
163.15	128
163.2	128
163.25	129
163.3	129
163.35	129
163.4	130
163.45	130
163.5	131
163.55	131
163.6	132
163.65	132
163.7	133
163.75	133
163.8	134
163.85	134
163.9	135
163.95	135
164	135
164.05	136
164.1	136
164.15	137
164.2	137
164.25	138
164.3	138
164.35	139
164.4	139
164.45	139
164.5	139
164.55	139
164.6	139
164.65	139
164.7	139
164.75	139
164.8	139
164.85	139
164.9	139
164.95	139
165	139
165.05	139
165.1	139
165.15	139
165.2	139
165.25	139
165.3	139
165.35	139
165.4	139
165.45	139
165.5	139
165.55	139
165.6	139
165.65	139
165.7	139
165.75	139
165.8	139
165.85	139
165.9	139
165.95	139
166	139
166.05	139
166.1	139
166.15	139
166.2	139
166.25	139
166.3	139
166.35	139
166.4	139
166.45	139
166.5	139
166.55	139
166.6	139
166.65	139
166.7	139
166.75	139
166.8	139
166.85	139
166.9	139
166.95	139
167	139
167.05	139
167.1	139
167.15	139
167.2	139
167.25	139
167.3	139
167.35	139
167.4	139
167.45	139
167.5	139
167.55	139
167.6	139
167.65	139
167.7	139
167.75	139
167.8	139
167.85	139
167.9	139
167.95	139
168	139
168.05	139
168.1	139
168.15	139
168.2	139
168.25	139
168.3	139
168.35	139
168.4	139
168.45	139
168.5	139
168.55	139
168.6	139
168.65	139
168.7	139
168.75	139
168.8	139
168.85	139
168.9	139
168.95	139
169	139
169.05	139
169.1	139
169.15	139
169.2	139
169.25	139
169.3	139
169.35	139
169.4	139
169.45	139
169.5	139
169.55	139
169.6	139
169.65	139
169.7	139
169.75	139
169.8	139
169.85	139
169.9	139
169.95	139
170	139
170.05	139
170.1	139
170.15	139
170.2	139
170.25	139
170.3	139
170.35	139
170.4	139
170.45	139
170.5	139
170.55	139
170.6	139
170.65	139
170.7	139
170.75	139
170.8	139
170.85	139
170.9	139
170.95	139
171	139
171.05	139
171.1	139
171.15	139
171.2	139
171.25	139
171.3	139
171.35	139
171.4	139
171.45	139
171.5	139
171.55	139
171.6	139
171.65	139
171.7	139
171.75	139
171.8	139
171.85	139
171.9	139
171.95	139
172	139
172.05	139
172.1	139
172.15	139
172.2	139
172.25	139
172.3	139
172.35	139
172.4	139
172.45	139
172.5	139
172.55	139
172.6	139
172.65	139
172.7	139
172.75	139
172.8	139
172.85	139
172.9	139
172.95	139
173	139
173.05	139
173.1	139
173.15	139
173.2	139
173.25	139
173.3	139
173.35	139
173.4	139
173.45	139
173.5	139
173.55	139
173.6	139
173.65	139
173.7	139
173.75	139
173.8	139
173.85	139
173.9	139
173.95	139
174	139
174.05	139
174.1	139
174.15	139
174.2	139
174.25	139
174.3	139
174.35	139
174.4	139
174.45	139
174.5	139
174.55	139
174.6	139
174.65	139
174.7	139
174.75	139
174.8	139
174.85	139
174.9	139
174.95	139
175	139
175.05	139
175.1	139
175.15	139
175.2	139
175.25	139
175.3	139
175.35	139
175.4	139
175.45	139
175.5	139
175.55	139
175.6	139
175.65	139
175.7	139
175.75	139
175.8	139
175.85	139
175.9	139
175.95	139
176	139
176.05	139
176.1	139
176.15	139
176.2	139
176.25	139
176.3	139
176.35	139
176.4	139
176.45	139
176.5	139
176.55	139
176.6	139
176.65	139
176.7	139
176.75	139
176.8	139
176.85	139
176.9	139
176.95	139
177	139
177.05	139
177.1	139
177.15	139
177.2	139
177.25	139
177.3	139
177.35	139
177.4	139
177.45	139
177.5	139
177.55	139
177.6	139
177.65	139
177.7	139
177.75	139
177.8	139
177.85	139
177.9	139
177.95	139
178	139
178.05	139
178.1	139
178.15	139
178.2	139
178.25	139
178.3	139
178.35	139
178.4	139
178.45	139
178.5	139
178.55	139
178.6	139
178.65	139
178.7	139
178.75	139
178.8	139
178.85	139
178.9	139
178.95	139
179	139
179.05	139
179.1	139
179.15	139
179.2	139
179.25	139
179.3	139
179.35	139
179.4	139
179.45	139
179.5	139
179.55	139
179.6	139
179.65	139
179.7	139
179.75	139
179.8	139
179.85	139
179.9	139
179.95	139
180	139
180.05	139
180.1	139
180.15	139
180.2	139
180.25	139
180.3	139
180.35	139
180.4	139
180.45	139
180.5	139
180.55	139
180.6	139
180.65	139
180.7	139
180.75	139
180.8	139
180.85	139
180.9	139
180.95	139
181	139
181.05	139
181.1	139
181.15	139
181.2	139
181.25	139
181.3	139
181.35	139
181.4	139
181.45	139
181.5	139
181.55	139
181.6	139
181.65	139
181.7	139
181.75	139
181.8	139
181.85	139
181.9	139
181.95	139
182	139
182.05	139
182.1	139
182.15	139
182.2	139
182.25	139
182.3	139
182.35	139
182.4	139
182.45	139
182.5	139
182.55	139
182.6	139
182.65	139
182.7	139
182.75	139
182.8	139
182.85	139
182.9	139
182.95	139
183	139
183.05	139
183.1	139
183.15	139
183.2	139
183.25	139
183.3	139
183.35	139
183.4	139
183.45	139
183.5	139
183.55	139
183.6	139
183.65	139
183.7	139
183.75	139
183.8	139
183.85	139
183.9	139
183.95	139
184	139
184.05	139
184.1	139
184.15	139
184.2	139
184.25	139
184.3	139
184.35	139
184.4	139
184.45	139
184.5	139
184.55	139
184.6	139
184.65	139
184.7	139
184.75	139
184.8	139
184.85	139
184.9	139
184.95	139
185	139
185.05	139
185.1	139
185.15	139
185.2	139
185.25	139
185.3	139
185.35	139
185.4	139
185.45	139
185.5	139
185.55	139
185.6	139
185.65	139
185.7	139
185.75	139
185.8	139
185.85	139
185.9	139
185.95	139
186	139
186.05	139
186.1	139
186.15	139
186.2	139
186.25	139
186.3	139
186.35	139
186.4	139
186.45	139
186.5	139
186.55	139
186.6	139
186.65	139
186.7	139
186.75	139
186.8	139
186.85	139
186.9	139
186.95	139
187	139
187.05	139
187.1	139
187.15	139
187.2	139
187.25	139
187.3	139
187.35	139
187.4	139
187.45	139
187.5	139
187.55	139
187.6	139
187.65	139
187.7	139
187.75	139
187.8	139
187.85	139
187.9	139
187.95	139
188	139
188.05	139
188.1	139
188.15	139
188.2	139
188.25	139
188.3	139
188.35	139
188.4	139
188.45	139
188.5	139
188.55	139
188.6	139
188.65	139
188.7	139
188.75	139
188.8	139
188.85	139
188.9	139
188.95	139
189	139
189.05	139
189.1	139
189.15	139
189.2	139
189.25	139
189.3	139
189.35	139
189.4	139
189.45	139
189.5	139
189.55	139
189.6	139
189.65	139
189.7	139
189.75	139
189.8	139
189.85	139
189.9	139
189.95	139
190	139
190.05	139
190.1	139
190.15	139
190.2	139
190.25	139
190.3	139
190.35	139
190.4	139
190.45	139
190.5	139
190.55	139
190.6	139
190.65	139
190.7	139
190.75	139
190.8	139
190.85	139
190.9	139
190.95	139
191	139
191.05	139
191.1	139
191.15	139
191.2	139
191.25	139
191.3	139
191.35	139
191.4	139
191.45	139
191.5	139
191.55	139
191.6	139
191.65	139
191.7	139
191.75	139
191.8	139
191.85	139
191.9	139
191.95	139
192	139
192.05	139
192.1	139
192.15	139
192.2	139
192.25	139
192.3	139
192.35	139
192.4	139
192.45	139
192.5	139
192.55	139
192.6	139
192.65	139
192.7	139
192.75	139
192.8	139
192.85	139
192.9	139
192.95	139
193	139
193.05	139
193.1	139
193.15	139
193.2	139
193.25	139
193.3	139
193.35	139
193.4	139
193.45	139
193.5	139
193.55	139
193.6	139
193.65	139
193.7	139
193.75	139
193.8	139
193.85	139
193.9	139
193.95	139
194	139
194.05	139
194.1	139
194.15	139
194.2	139
194.25	139
194.3	139
194.35	139
194.4	139
194.45	139
194.5	139
194.55	139
194.6	139
194.65	139
194.7	139
194.75	139
194.8	139
194.85	139
194.9	139
194.95	139
195	139
195.05	139
195.1	139
195.15	139
195.2	139
195.25	139
195.3	139
195.35	139
195.4	139
195.45	139
195.5	139
195.55	139
195.6	139
195.65	139
195.7	139
195.75	139
195.8	139
195.85	139
195.9	139
195.95	139
196	139
196.05	139
196.1	139
196.15	139
196.2	139
196.25	139
196.3	139
196.35	139
196.4	139
196.45	139
196.5	139
196.55	139
196.6	139
196.65	139
196.7	139
196.75	139
196.8	139
196.85	139
196.9	139
196.95	139
197	139
197.05	139
197.1	139
197.15	139
197.2	139
197.25	139
197.3	139
197.35	139
197.4	139
197.45	139
197.5	139
197.55	139
197.6	139
197.65	139
197.7	139
197.75	139
197.8	139
197.85	139
197.9	139
197.95	139
198	139
198.05	139
198.1	139
198.15	139
198.2	139
198.25	139
198.3	139
198.35	139
198.4	139
198.45	139
198.5	139
198.55	139
198.6	139
198.65	139
198.7	139
198.75	139
198.8	139
198.85	139
198.9	139
198.95	139
199	139
199.05	139
199.1	139
199.15	139
199.2	139
199.25	139
199.3	139
199.35	139
199.4	139
199.45	139
199.5	139
199.55	139
199.6	139
199.65	139
199.7	139
199.75	139
199.8	139
199.85	139
199.9	139
199.95	139
200	139
200.05	139
200.1	139
200.15	139
200.2	139
200.25	139
200.3	139
200.35	139
200.4	139
200.45	139
200.5	139
200.55	139
200.6	139
200.65	139
200.7	139
200.75	139
200.8	139
200.85	139
200.9	139
200.95	139
201	139
201.05	139
201.1	139
201.15	139
201.2	139
201.25	139
201.3	139
201.35	139
201.4	139
201.45	139
201.5	139
201.55	139
201.6	139
201.65	139
201.7	139
201.75	139
201.8	139
201.85	139
201.9	139
201.95	139
202	139
202.05	139
202.1	139
202.15	139
202.2	139
202.25	139
202.3	139
202.35	139
202.4	139
202.45	139
202.5	139
202.55	139
202.6	139
202.65	139
202.7	139
202.75	139
202.8	139
202.85	139
202.9	139
202.95	139
203	139
203.05	139
203.1	139
203.15	139
203.2	139
203.25	139
203.3	139
203.35	139
203.4	139
203.45	139
203.5	139
203.55	139
203.6	139
203.65	139
203.7	139
203.75	139
203.8	139
203.85	139
203.9	139
203.95	139
204	139
204.05	139
204.1	139
204.15	139
204.2	139
204.25	139
204.3	139
204.35	139
204.4	139
204.45	139
204.5	139
204.55	139
204.6	139
204.65	139
204.7	139
204.75	139
204.8	139
204.85	139
204.9	139
204.95	139
205	139
205.05	139
205.1	139
205.15	139
205.2	139
205.25	139
205.3	139
205.35	139
205.4	139
205.45	139
205.5	139
205.55	139
205.6	139
205.65	139
205.7	139
205.75	139
205.8	139
205.85	139
205.9	139
205.95	139
206	139
206.05	139
206.1	139
206.15	139
206.2	139
206.25	139
206.3	139
206.35	139
206.4	139
206.45	139
206.5	139
206.55	139
206.6	139
206.65	139
206.7	139
206.75	139
206.8	139
206.85	139
206.9	139
206.95	139
207	139
207.05	139
207.1	139
207.15	139
207.2	139
207.25	139
207.3	139
207.35	139
207.4	139
207.45	139
207.5	139
207.55	139
207.6	139
207.65	139
207.7	139
207.75	139
207.8	139
207.85	139
207.9	139
207.95	139
208	139
208.05	139
208.1	139
208.15	139
208.2	139
208.25	139
208.3	139
208.35	139
208.4	139
208.45	139
208.5	139
208.55	139
208.6	139
208.65	139
208.7	139
208.75	139
208.8	139
208.85	139
208.9	139
208.95	139
209	139
209.05	139
209.1	139
209.15	139
209.2	139
209.25	139
209.3	139
209.35	139
209.4	139
209.45	139
209.5	139
209.55	139
209.6	139
209.65	139
209.7	139
209.75	139
209.8	139
209.85	139
209.9	139
209.95	139
210	139
210.05	139
210.1	139
210.15	139
210.2	139
210.25	139
210.3	139
210.35	139
210.4	139
210.45	139
210.5	139
210.55	139
210.6	139
210.65	139
210.7	139
210.75	139
210.8	139
210.85	139
210.9	139
210.95	139
211	139
211.05	139
211.1	139
211.15	139
211.2	139
211.25	139
211.3	139
211.35	139
211.4	139
211.45	139
211.5	139
211.55	139
211.6	139
211.65	139
211.7	139
211.75	139
211.8	139
211.85	139
211.9	139
211.95	139
212	139
212.05	139
212.1	139
212.15	139
212.2	139
212.25	139
212.3	139
212.35	139
212.4	139
212.45	139
212.5	139
212.55	139
212.6	139
212.65	139
212.7	139
212.75	139
212.8	139
212.85	139
212.9	139
212.95	139
213	139
213.05	139
213.1	139
213.15	139
213.2	139
213.25	139
213.3	139
213.35	139
213.4	139
213.45	139
213.5	139
213.55	139
213.6	139
213.65	139
213.7	139
213.75	139
213.8	139
213.85	139
213.9	139
213.95	139
214	139
214.05	139
214.1	139
214.15	139
214.2	139
214.25	139
214.3	139
214.35	139
214.4	139
214.45	139
214.5	139
214.55	139
214.6	139
214.65	139
214.7	139
214.75	139
214.8	139
214.85	139
214.9	139
214.95	139
215	139
215.05	139
215.1	139
215.15	139
215.2	139
215.25	139
215.3	139
215.35	139
215.4	139
215.45	139
215.5	139
215.55	139
215.6	139
215.65	139
215.7	139
215.75	139
215.8	139
215.85	139
215.9	139
215.95	139
216	139
216.05	139
216.1	139
216.15	139
216.2	139
216.25	139
216.3	139
216.35	139
216.4	139
216.45	139
216.5	139
216.55	139
216.6	139
216.65	139
216.7	139
216.75	139
216.8	139
216.85	139
216.9	139
216.95	139
217	139
217.05	139
217.1	139
217.15	139
217.2	139
217.25	139
217.3	139
217.35	139
217.4	139
217.45	139
217.5	139
217.55	139
217.6	139
217.65	139
217.7	139
217.75	139
217.8	139
217.85	139
217.9	139
217.95	139
218	139
218.05	139
218.1	139
218.15	139
218.2	139
218.25	139
218.3	139
218.35	139
218.4	139
218.45	139
218.5	139
218.55	139
218.6	139
218.65	139
218.7	139
218.75	139
218.8	139
218.85	139
218.9	139
218.95	139
219	139
219.05	139
219.1	139
219.15	139
219.2	139
219.25	139
219.3	139
219.35	139
219.4	139
219.45	139
219.5	139
219.55	139
219.6	139
219.65	139
219.7	139
219.75	139
219.8	139
219.85	139
219.9	139
219.95	139
220	139
220.05	139
220.1	139
220.15	139
220.2	139
220.25	139
220.3	139
220.35	139
220.4	139
220.45	139
220.5	139
220.55	139
220.6	139
220.65	139
220.7	139
220.75	139
220.8	139
220.85	139
220.9	139
220.95	139
221	139
221.05	139
221.1	139
221.15	139
221.2	139
221.25	139
221.3	139
221.35	139
221.4	139
221.45	139
221.5	139
221.55	139
221.6	139
221.65	139
221.7	139
221.75	139
221.8	139
221.85	139
221.9	139
221.95	139
222	139
222.05	139
222.1	139
222.15	139
222.2	139
222.25	139
222.3	139
222.35	139
222.4	139
222.45	139
222.5	139
222.55	139
222.6	139
222.65	139
222.7	139
222.75	139
222.8	139
222.85	139
222.9	139
222.95	139
223	139
223.05	139
223.1	139
223.15	139
223.2	139
223.25	139
223.3	139
223.35	139
223.4	139
223.45	139
223.5	139
223.55	139
223.6	139
223.65	139
223.7	139
223.75	139
223.8	139
223.85	139
223.9	139
223.95	139
224	139
224.05	139
224.1	139
224.15	139
224.2	139
224.25	139
224.3	139
224.35	139
224.4	139
224.45	139
224.5	139
224.55	139
224.6	139
224.65	139
224.7	139
224.75	139
224.8	139
224.85	139
224.9	139
224.95	139
225	139
225.05	139
225.1	139
225.15	139
225.2	139
225.25	139
225.3	139
225.35	139
225.4	139
225.45	139
225.5	139
225.55	139
225.6	139
225.65	139
225.7	139
225.75	139
225.8	139
225.85	139
225.9	139
225.95	139
226	139
226.05	139
226.1	139
226.15	139
226.2	139
226.25	139
226.3	139
226.35	139
226.4	139
226.45	139
226.5	139
226.55	139
226.6	139
226.65	139
226.7	139
226.75	139
226.8	139
226.85	139
226.9	139
226.95	139
227	139
227.05	139
227.1	139
227.15	139
227.2	139
227.25	139
227.3	139
227.35	139
227.4	139
227.45	139
227.5	139
227.55	139
227.6	139
227.65	139
227.7	139
227.75	139
227.8	139
227.85	139
227.9	139
227.95	139
228	139
228.05	139
228.1	139
228.15	139
228.2	139
228.25	139
228.3	139
228.35	139
228.4	139
228.45	139
228.5	139
228.55	139
228.6	139
228.65	139
228.7	139
228.75	139
228.8	139
228.85	139
228.9	139
228.95	139
229	139
229.05	139
229.1	139
229.15	139
229.2	139
229.25	139
229.3	139
229.35	139
229.4	139
229.45	139
229.5	139
229.55	139
229.6	139
229.65	139
229.7	139
229.75	139
229.8	139
229.85	139
229.9	139
229.95	139
230	139
230.05	139
230.1	139
230.15	139
230.2	139
230.25	139
230.3	139
230.35	139
230.4	139
230.45	139
230.5	139
230.55	139
230.6	139
230.65	139
230.7	139
230.75	139
230.8	139
230.85	139
230.9	139
230.95	139
231	139
231.05	139
231.1	139
231.15	139
231.2	139
231.25	139
231.3	139
231.35	139
231.4	139
231.45	139
231.5	139
231.55	139
231.6	139
231.65	139
231.7	139
231.75	139
231.8	139
231.85	139
231.9	139
231.95	139
232	139
232.05	139
232.1	139
232.15	139
232.2	139
232.25	139
232.3	139
232.35	139
232.4	139
232.45	139
232.5	139
232.55	139
232.6	139
232.65	139
232.7	139
232.75	139
232.8	139
232.85	139
232.9	139
232.95	139
233	139
233.05	139
233.1	139
233.15	139
233.2	139
233.25	139
233.3	139
233.35	139
233.4	139
233.45	139
233.5	139
233.55	139
233.6	139
233.65	139
233.7	139
233.75	139
233.8	139
233.85	139
233.9	139
233.95	139
234	139
234.05	139
234.1	139
234.15	139
234.2	139
234.25	139
234.3	139
234.35	139
234.4	139
234.45	139
234.5	139
234.55	139
234.6	139
234.65	139
234.7	139
234.75	139
234.8	139
234.85	139
234.9	139
234.95	139
235	139
235.05	139
235.1	139
235.15	139
235.2	139
235.25	139
235.3	139
235.35	139
235.4	139
235.45	139
235.5	139
235.55	139
235.6	139
235.65	139
235.7	139
235.75	139
235.8	139
235.85	139
235.9	139
235.95	139
236	139
236.05	139
236.1	139
236.15	139
236.2	139
236.25	139
236.3	139
236.35	139
236.4	139
236.45	139
236.5	139
236.55	139
236.6	139
236.65	139
236.7	139
236.75	139
236.8	139
236.85	139
236.9	139
236.95	139
237	139
237.05	139
237.1	139
237.15	139
237.2	139
237.25	139
237.3	139
237.35	139
237.4	139
237.45	139
237.5	139
237.55	139
237.6	139
237.65	139
237.7	139
237.75	139
237.8	139
237.85	139
237.9	139
237.95	139
238	139
238.05	139
238.1	139
238.15	139
238.2	139
238.25	139
238.3	139
238.35	139
238.4	139
238.45	139
238.5	139
238.55	139
238.6	139
238.65	139
238.7	139
238.75	139
238.8	139
238.85	139
238.9	139
238.95	139
239	139
239.05	139
239.1	139
239.15	139
239.2	139
239.25	139
239.3	139
239.35	139
239.4	139
239.45	139
239.5	139
239.55	139
239.6	139
239.65	139
239.7	139
239.75	139
239.8	139
239.85	139
239.9	139
239.95	139
