# Time(s)	CWND(packets)
0.05	0
0.1	0
0.15	10
0.2	10
0.25	15
0.3	15
0.35	22
0.4	22
0.45	33
0.5	33
0.55	49
0.6	49
0.65	73
0.7	73
0.75	109
0.8	109
0.85	163
0.9	163
0.95	244
1	244
1.05	366
1.1	366
1.15	510
1.2	510
1.25	510
1.3	511
1.35	511
1.4	512
1.45	512
1.5	513
1.55	513
1.6	514
1.65	514
1.7	515
1.75	515
1.8	516
1.85	516
1.9	517
1.95	517
2	518
2.05	518
2.1	519
2.15	519
2.2	520
2.25	520
2.3	521
2.35	521
2.4	522
2.45	522
2.5	523
2.55	523
2.6	524
2.65	524
2.7	525
2.75	525
2.8	526
2.85	526
2.9	527
2.95	527
3	528
3.05	528
3.1	529
3.15	529
3.2	530
3.25	530
3.3	531
3.35	531
3.4	532
3.45	532
3.5	533
3.55	533
3.6	534
3.65	534
3.7	535
3.75	535
3.8	536
3.85	536
3.9	537
3.95	537
4	538
4.05	538
4.1	539
4.15	539
4.2	540
4.25	540
4.3	541
4.35	541
4.4	542
4.45	542
4.5	543
4.55	543
4.6	544
4.65	544
4.7	545
4.75	545
4.8	546
4.85	546
4.9	547
4.95	547
5	548
5.05	548
5.1	549
5.15	549
5.2	550
5.25	550
5.3	551
5.35	551
5.4	552
5.45	552
5.5	553
5.55	553
5.6	554
5.65	554
5.7	555
5.75	555
5.8	556
5.85	556
5.9	557
5.95	557
6	558
6.05	558
6.1	559
6.15	559
6.2	560
6.25	560
6.3	561
6.35	561
6.4	562
6.45	562
6.5	563
6.55	563
6.6	564
6.65	564
6.7	565
6.75	565
6.8	566
6.85	566
6.9	567
6.95	567
7	568
7.05	568
7.1	569
7.15	569
7.2	570
7.25	570
7.3	571
7.35	571
7.4	572
7.45	572
7.5	573
7.55	573
7.6	574
7.65	574
7.7	575
7.75	575
7.8	576
7.85	576
7.9	577
7.95	577
8	578
8.05	578
8.1	579
8.15	579
8.2	580
8.25	580
8.3	581
8.35	581
8.4	582
8.45	582
8.5	583
8.55	583
8.6	584
8.65	584
8.7	585
8.75	585
8.8	586
8.85	586
8.9	587
8.95	587
9	588
9.05	588
9.1	589
9.15	589
9.2	590
9.25	590
9.3	591
9.35	591
9.4	592
9.45	592
9.5	593
9.55	593
9.6	594
9.65	594
9.7	595
9.75	595
9.8	596
9.85	596
9.9	597
9.95	597
10	598
10.05	598
10.1	599
10.15	599
10.2	600
10.25	600
10.3	601
10.35	601
10.4	602
10.45	602
10.5	603
10.55	603
10.6	604
10.65	604
10.7	605
10.75	605
10.8	606
10.85	606
10.9	607
10.95	607
11	608
11.05	608
11.1	609
11.15	609
11.2	610
11.25	610
11.3	611
11.35	611
11.4	612
11.45	612
11.5	613
11.55	613
11.6	614
11.65	614
11.7	615
11.75	615
11.8	616
11.85	616
11.9	617
11.95	617
12	618
12.05	618
12.1	619
12.15	619
12.2	620
12.25	620
12.3	621
12.35	621
12.4	622
12.45	622
12.5	623
12.55	623
12.6	624
12.65	624
12.7	625
12.75	625
12.8	626
12.85	626
12.9	627
12.95	627
13	628
13.05	628
13.1	629
13.15	629
13.2	630
13.25	630
13.3	631
13.35	631
13.4	632
13.45	632
13.5	633
13.55	633
13.6	634
13.65	634
13.7	635
13.75	635
13.8	636
13.85	636
13.9	637
13.95	637
14	638
14.05	638
14.1	639
14.15	639
14.2	640
14.25	640
14.3	641
14.35	641
14.4	642
14.45	642
14.5	643
14.55	643
14.6	644
14.65	644
14.7	645
14.75	645
14.8	646
14.85	646
14.9	647
14.95	647
15	648
15.05	648
15.1	649
15.15	649
15.2	650
15.25	650
15.3	651
15.35	651
15.4	652
15.45	652
15.5	653
15.55	653
15.6	654
15.65	654
15.7	655
15.75	655
15.8	656
15.85	656
15.9	657
15.95	657
16	658
16.05	658
16.1	659
16.15	659
16.2	660
16.25	660
16.3	661
16.35	661
16.4	662
16.45	662
16.5	663
16.55	663
16.6	664
16.65	664
16.7	665
16.75	665
16.8	666
16.85	666
16.9	667
16.95	667
17	668
17.05	668
17.1	669
17.15	669
17.2	670
17.25	670
17.3	671
17.35	671
17.4	672
17.45	672
17.5	673
17.55	673
17.6	674
17.65	674
17.7	675
17.75	675
17.8	676
17.85	676
17.9	677
17.95	677
18	678
18.05	678
18.1	679
18.15	679
18.2	680
18.25	680
18.3	681
18.35	681
18.4	682
18.45	682
18.5	683
18.55	683
18.6	684
18.65	684
18.7	685
18.75	685
18.8	686
18.85	686
18.9	687
18.95	687
19	688
19.05	688
19.1	689
19.15	689
19.2	690
19.25	690
19.3	691
19.35	691
19.4	692
19.45	692
19.5	693
19.55	693
19.6	694
19.65	694
19.7	695
19.75	695
19.8	696
19.85	696
19.9	697
19.95	697
20	698
20.05	698
20.1	699
20.15	699
20.2	700
20.25	700
20.3	701
20.35	701
20.4	702
20.45	702
20.5	703
20.55	703
20.6	704
20.65	704
20.7	705
20.75	705
20.8	706
20.85	706
20.9	707
20.95	707
21	708
21.05	708
21.1	709
21.15	709
21.2	710
21.25	710
21.3	711
21.35	711
21.4	712
21.45	712
21.5	713
21.55	713
21.6	714
21.65	714
21.7	715
21.75	715
21.8	716
21.85	716
21.9	717
21.95	717
22	718
22.05	718
22.1	719
22.15	719
22.2	720
22.25	720
22.3	721
22.35	721
22.4	722
22.45	722
22.5	723
22.55	723
22.6	724
22.65	724
22.7	725
22.75	725
22.8	726
22.85	726
22.9	727
22.95	727
23	728
23.05	728
23.1	729
23.15	729
23.2	730
23.25	730
23.3	731
23.35	731
23.4	732
23.45	732
23.5	733
23.55	733
23.6	734
23.65	734
23.7	735
23.75	735
23.8	736
23.85	736
23.9	737
23.95	737
24	738
24.05	738
24.1	739
24.15	739
24.2	740
24.25	740
24.3	741
24.35	741
24.4	742
24.45	742
24.5	743
24.55	743
24.6	744
24.65	744
24.7	745
24.75	745
24.8	746
24.85	746
24.9	747
24.95	747
25	748
25.05	748
25.1	749
25.15	749
25.2	750
25.25	750
25.3	751
25.35	751
25.4	752
25.45	752
25.5	753
25.55	753
25.6	754
25.65	754
25.7	755
25.75	755
25.8	756
25.85	756
25.9	757
25.95	757
26	758
26.05	758
26.1	759
26.15	759
26.2	760
26.25	760
26.3	761
26.35	761
26.4	762
26.45	762
26.5	763
26.55	763
26.6	764
26.65	764
26.7	765
26.75	765
26.8	766
26.85	766
26.9	767
26.95	767
27	768
27.05	768
27.1	769
27.15	769
27.2	770
27.25	770
27.3	771
27.35	771
27.4	772
27.45	772
27.5	773
27.55	773
27.6	774
27.65	774
27.7	775
27.75	775
27.8	776
27.85	776
27.9	777
27.95	777
28	778
28.05	778
28.1	779
28.15	779
28.2	780
28.25	780
28.3	781
28.35	781
28.4	782
28.45	782
28.5	783
28.55	783
28.6	784
28.65	784
28.7	785
28.75	785
28.8	786
28.85	786
28.9	787
28.95	787
29	788
29.05	788
29.1	789
29.15	789
29.2	790
29.25	790
29.3	791
29.35	791
29.4	792
29.45	792
29.5	793
29.55	793
29.6	794
29.65	794
29.7	795
29.75	795
29.8	796
29.85	796
29.9	797
29.95	797
30	798
30.05	798
30.1	799
30.15	799
30.2	800
30.25	800
30.3	801
30.35	801
30.4	802
30.45	802
30.5	803
30.55	803
30.6	804
30.65	804
30.7	805
30.75	805
30.8	806
30.85	806
30.9	807
30.95	807
31	808
31.05	808
31.1	809
31.15	809
31.2	810
31.25	810
31.3	811
31.35	811
31.4	812
31.45	812
31.5	813
31.55	813
31.6	814
31.65	814
31.7	815
31.75	815
31.8	816
31.85	816
31.9	817
31.95	817
32	818
32.05	818
32.1	819
32.15	819
32.2	820
32.25	820
32.3	821
32.35	821
32.4	822
32.45	822
32.5	823
32.55	823
32.6	824
32.65	824
32.7	825
32.75	825
32.8	826
32.85	826
32.9	827
32.95	827
33	828
33.05	828
33.1	829
33.15	829
33.2	830
33.25	830
33.3	831
33.35	831
33.4	832
33.45	832
33.5	833
33.55	833
33.6	834
33.65	834
33.7	835
33.75	835
33.8	836
33.85	836
33.9	837
33.95	837
34	838
34.05	838
34.1	839
34.15	839
34.2	840
34.25	840
34.3	841
34.35	841
34.4	842
34.45	842
34.5	843
34.55	843
34.6	844
34.65	844
34.7	845
34.75	845
34.8	846
34.85	846
34.9	847
34.95	847
35	848
35.05	848
35.1	849
35.15	849
35.2	849
35.25	850
35.3	850
35.35	851
35.4	851
35.45	852
35.5	852
35.55	852
35.6	852
35.65	852
35.7	852
35.75	852
35.8	852
35.85	852
35.9	852
35.95	852
36	852
36.05	852
36.1	852
36.15	852
36.2	852
36.25	852
36.3	852
36.35	852
36.4	852
36.45	852
36.5	852
36.55	852
36.6	852
36.65	852
36.7	852
36.75	852
36.8	852
36.85	852
36.9	852
36.95	852
37	852
37.05	852
37.1	852
37.15	852
37.2	852
37.25	852
37.3	852
37.35	852
37.4	852
37.45	852
37.5	852
37.55	852
37.6	852
37.65	852
37.7	852
37.75	852
37.8	852
37.85	852
37.9	852
37.95	852
38	852
38.05	852
38.1	852
38.15	852
38.2	852
38.25	852
38.3	852
38.35	852
38.4	852
38.45	852
38.5	852
38.55	852
38.6	852
38.65	852
38.7	852
38.75	852
38.8	852
38.85	852
38.9	852
38.95	852
39	852
39.05	852
39.1	852
39.15	852
39.2	852
39.25	852
39.3	852
39.35	852
39.4	852
39.45	852
39.5	852
39.55	852
39.6	852
39.65	852
39.7	852
39.75	852
39.8	852
39.85	852
39.9	852
39.95	852
40	852
40.05	852
40.1	852
40.15	852
40.2	852
40.25	852
40.3	852
40.35	852
40.4	852
40.45	852
40.5	852
40.55	852
40.6	852
40.65	852
40.7	852
40.75	852
40.8	852
40.85	852
40.9	852
40.95	852
41	852
41.05	852
41.1	852
41.15	852
41.2	852
41.25	852
41.3	852
41.35	852
41.4	852
41.45	852
41.5	852
41.55	852
41.6	852
41.65	852
41.7	852
41.75	852
41.8	852
41.85	852
41.9	852
41.95	852
42	852
42.05	852
42.1	852
42.15	852
42.2	852
42.25	852
42.3	852
42.35	852
42.4	852
42.45	852
42.5	852
42.55	852
42.6	852
42.65	852
42.7	852
42.75	852
42.8	852
42.85	852
42.9	852
42.95	852
43	852
43.05	852
43.1	852
43.15	852
43.2	852
43.25	852
43.3	852
43.35	852
43.4	852
43.45	852
43.5	852
43.55	852
43.6	852
43.65	852
43.7	852
43.75	852
43.8	852
43.85	852
43.9	852
43.95	852
44	852
44.05	852
44.1	852
44.15	852
44.2	852
44.25	852
44.3	852
44.35	852
44.4	852
44.45	852
44.5	852
44.55	852
44.6	852
44.65	852
44.7	852
44.75	852
44.8	852
44.85	852
44.9	852
44.95	852
45	852
45.05	852
45.1	852
45.15	852
45.2	852
45.25	852
45.3	852
45.35	852
45.4	852
45.45	852
45.5	852
45.55	852
45.6	852
45.65	852
45.7	852
45.75	852
45.8	852
45.85	852
45.9	852
45.95	852
46	852
46.05	852
46.1	852
46.15	852
46.2	852
46.25	852
46.3	852
46.35	852
46.4	852
46.45	852
46.5	852
46.55	852
46.6	852
46.65	852
46.7	852
46.75	852
46.8	852
46.85	852
46.9	852
46.95	852
47	852
47.05	852
47.1	852
47.15	852
47.2	852
47.25	852
47.3	852
47.35	852
47.4	852
47.45	852
47.5	852
47.55	852
47.6	852
47.65	852
47.7	852
47.75	852
47.8	852
47.85	852
47.9	852
47.95	852
48	852
48.05	852
48.1	852
48.15	852
48.2	852
48.25	852
48.3	852
48.35	852
48.4	852
48.45	852
48.5	852
48.55	852
48.6	852
48.65	852
48.7	852
48.75	852
48.8	852
48.85	852
48.9	852
48.95	852
49	852
49.05	852
49.1	852
49.15	852
49.2	852
49.25	852
49.3	852
49.35	852
49.4	852
49.45	852
49.5	852
49.55	852
49.6	852
49.65	852
49.7	852
49.75	852
49.8	852
49.85	852
49.9	852
49.95	852
50	852
50.05	852
50.1	852
50.15	852
50.2	852
50.25	852
50.3	852
50.35	852
50.4	852
50.45	852
50.5	852
50.55	852
50.6	852
50.65	852
50.7	852
50.75	852
50.8	852
50.85	852
50.9	852
50.95	852
51	852
51.05	852
51.1	852
51.15	852
51.2	852
51.25	852
51.3	852
51.35	852
51.4	852
51.45	852
51.5	852
51.55	852
51.6	852
51.65	852
51.7	852
51.75	852
51.8	852
51.85	852
51.9	852
51.95	852
52	852
52.05	852
52.1	852
52.15	852
52.2	852
52.25	852
52.3	852
52.35	852
52.4	852
52.45	852
52.5	852
52.55	852
52.6	852
52.65	852
52.7	852
52.75	852
52.8	852
52.85	852
52.9	852
52.95	852
53	852
53.05	852
53.1	852
53.15	852
53.2	852
53.25	852
53.3	852
53.35	852
53.4	852
53.45	852
53.5	852
53.55	852
53.6	852
53.65	852
53.7	852
53.75	852
53.8	852
53.85	852
53.9	852
53.95	852
54	852
54.05	852
54.1	852
54.15	852
54.2	852
54.25	852
54.3	852
54.35	852
54.4	852
54.45	852
54.5	852
54.55	852
54.6	852
54.65	852
54.7	852
54.75	852
54.8	852
54.85	852
54.9	852
54.95	852
55	852
55.05	852
55.1	852
55.15	852
55.2	852
55.25	852
55.3	852
55.35	852
55.4	852
55.45	852
55.5	852
55.55	852
55.6	852
55.65	852
55.7	852
55.75	852
55.8	852
55.85	852
55.9	852
55.95	852
56	852
56.05	852
56.1	852
56.15	852
56.2	852
56.25	852
56.3	852
56.35	852
56.4	852
56.45	852
56.5	852
56.55	852
56.6	852
56.65	852
56.7	852
56.75	852
56.8	852
56.85	852
56.9	852
56.95	852
57	852
57.05	852
57.1	852
57.15	852
57.2	852
57.25	852
57.3	852
57.35	852
57.4	852
57.45	852
57.5	852
57.55	852
57.6	852
57.65	852
57.7	852
57.75	852
57.8	852
57.85	852
57.9	852
57.95	852
58	852
58.05	852
58.1	852
58.15	852
58.2	852
58.25	852
58.3	852
58.35	852
58.4	852
58.45	852
58.5	852
58.55	852
58.6	852
58.65	852
58.7	852
58.75	852
58.8	852
58.85	852
58.9	852
58.95	852
59	852
59.05	852
59.1	852
59.15	852
59.2	852
59.25	852
59.3	852
59.35	852
59.4	852
59.45	852
59.5	852
59.55	852
59.6	852
59.65	852
59.7	852
59.75	852
59.8	852
59.85	852
59.9	852
59.95	852
60	852
60.05	852
60.1	852
60.15	852
60.2	852
60.25	852
60.3	852
60.35	852
60.4	852
60.45	852
60.5	852
60.55	852
60.6	852
60.65	852
60.7	852
60.75	852
60.8	852
60.85	852
60.9	852
60.95	852
61	852
61.05	852
61.1	852
61.15	852
61.2	852
61.25	852
61.3	852
61.35	852
61.4	852
61.45	852
61.5	852
61.55	852
61.6	852
61.65	852
61.7	852
61.75	852
61.8	852
61.85	852
61.9	852
61.95	852
62	852
62.05	852
62.1	852
62.15	852
62.2	852
62.25	852
62.3	852
62.35	852
62.4	852
62.45	852
62.5	852
62.55	852
62.6	852
62.65	852
62.7	852
62.75	852
62.8	852
62.85	852
62.9	852
62.95	852
63	852
63.05	852
63.1	852
63.15	852
63.2	852
63.25	852
63.3	852
63.35	852
63.4	852
63.45	852
63.5	852
63.55	852
63.6	852
63.65	852
63.7	852
63.75	852
63.8	852
63.85	852
63.9	852
63.95	852
64	852
64.05	852
64.1	852
64.15	852
64.2	852
64.25	852
64.3	852
64.35	852
64.4	852
64.45	852
64.5	852
64.55	852
64.6	852
64.65	852
64.7	852
64.75	852
64.8	852
64.85	852
64.9	852
64.95	852
65	852
65.05	852
65.1	852
65.15	852
65.2	852
65.25	852
65.3	852
65.35	852
65.4	852
65.45	852
65.5	852
65.55	852
65.6	852
65.65	852
65.7	852
65.75	852
65.8	852
65.85	852
65.9	852
65.95	852
66	852
66.05	852
66.1	852
66.15	852
66.2	852
66.25	852
66.3	852
66.35	852
66.4	852
66.45	852
66.5	852
66.55	852
66.6	852
66.65	852
66.7	852
66.75	852
66.8	852
66.85	852
66.9	852
66.95	852
67	852
67.05	852
67.1	852
67.15	852
67.2	852
67.25	852
67.3	852
67.35	852
67.4	852
67.45	852
67.5	852
67.55	852
67.6	852
67.65	852
67.7	852
67.75	852
67.8	852
67.85	852
67.9	852
67.95	852
68	852
68.05	852
68.1	852
68.15	852
68.2	852
68.25	852
68.3	852
68.35	852
68.4	852
68.45	852
68.5	852
68.55	852
68.6	852
68.65	852
68.7	852
68.75	852
68.8	852
68.85	852
68.9	852
68.95	852
69	852
69.05	852
69.1	852
69.15	852
69.2	852
69.25	852
69.3	852
69.35	852
69.4	852
69.45	852
69.5	852
69.55	852
69.6	852
69.65	852
69.7	852
69.75	852
69.8	852
69.85	852
69.9	852
69.95	852
70	852
70.05	852
70.1	852
70.15	852
70.2	852
70.25	852
70.3	852
70.35	852
70.4	852
70.45	852
70.5	852
70.55	852
70.6	852
70.65	852
70.7	852
70.75	852
70.8	852
70.85	852
70.9	852
70.95	852
71	852
71.05	852
71.1	852
71.15	852
71.2	852
71.25	852
71.3	852
71.35	852
71.4	852
71.45	852
71.5	852
71.55	852
71.6	852
71.65	852
71.7	852
71.75	852
71.8	852
71.85	852
71.9	852
71.95	852
72	852
72.05	852
72.1	852
72.15	852
72.2	852
72.25	852
72.3	852
72.35	852
72.4	852
72.45	852
72.5	852
72.55	852
72.6	852
72.65	852
72.7	852
72.75	852
72.8	852
72.85	852
72.9	852
72.95	852
73	852
73.05	852
73.1	852
73.15	852
73.2	852
73.25	852
73.3	852
73.35	852
73.4	852
73.45	852
73.5	852
73.55	852
73.6	852
73.65	852
73.7	852
73.75	852
73.8	852
73.85	852
73.9	852
73.95	852
74	852
74.05	852
74.1	852
74.15	852
74.2	852
74.25	852
74.3	852
74.35	852
74.4	852
74.45	852
74.5	852
74.55	852
74.6	852
74.65	852
74.7	852
74.75	852
74.8	852
74.85	852
74.9	852
74.95	852
75	852
75.05	852
75.1	852
75.15	852
75.2	852
75.25	852
75.3	852
75.35	852
75.4	852
75.45	852
75.5	852
75.55	852
75.6	852
75.65	852
75.7	852
75.75	852
75.8	852
75.85	852
75.9	852
75.95	852
76	852
76.05	852
76.1	852
76.15	852
76.2	852
76.25	852
76.3	852
76.35	852
76.4	852
76.45	852
76.5	852
76.55	852
76.6	852
76.65	852
76.7	852
76.75	852
76.8	852
76.85	852
76.9	852
76.95	852
77	852
77.05	852
77.1	852
77.15	852
77.2	852
77.25	852
77.3	852
77.35	852
77.4	852
77.45	852
77.5	852
77.55	852
77.6	852
77.65	852
77.7	852
77.75	852
77.8	852
77.85	852
77.9	852
77.95	852
78	852
78.05	852
78.1	852
78.15	852
78.2	852
78.25	852
78.3	852
78.35	852
78.4	852
78.45	852
78.5	852
78.55	852
78.6	852
78.65	852
78.7	852
78.75	852
78.8	852
78.85	852
78.9	852
78.95	852
79	852
79.05	852
79.1	852
79.15	852
79.2	852
79.25	852
79.3	852
79.35	852
79.4	852
79.45	852
79.5	852
79.55	852
79.6	852
79.65	852
79.7	852
79.75	852
79.8	852
79.85	852
79.9	852
79.95	852
80	852
80.05	852
80.1	852
80.15	852
80.2	852
80.25	852
80.3	852
80.35	852
80.4	852
80.45	851
80.5	851
80.55	851
80.6	851
80.65	850
80.7	850
80.75	850
80.8	850
80.85	849
80.9	849
80.95	849
81	849
81.05	848
81.1	848
81.15	848
81.2	848
81.25	847
81.3	847
81.35	847
81.4	847
81.45	846
81.5	846
81.55	846
81.6	846
81.65	845
81.7	845
81.75	845
81.8	845
81.85	844
81.9	844
81.95	844
82	844
82.05	843
82.1	843
82.15	843
82.2	843
82.25	842
82.3	842
82.35	842
82.4	842
82.45	841
82.5	841
82.55	841
82.6	841
82.65	840
82.7	840
82.75	840
82.8	840
82.85	839
82.9	839
82.95	839
83	839
83.05	838
83.1	838
83.15	838
83.2	838
83.25	838
83.3	837
83.35	837
83.4	837
83.45	837
83.5	836
83.55	836
83.6	836
83.65	836
83.7	835
83.75	835
83.8	835
83.85	835
83.9	834
83.95	834
84	834
84.05	834
84.1	833
84.15	833
84.2	833
84.25	833
84.3	832
84.35	832
84.4	832
84.45	832
84.5	831
84.55	831
84.6	831
84.65	831
84.7	830
84.75	830
84.8	830
84.85	830
84.9	829
84.95	829
85	829
85.05	829
85.1	828
85.15	828
85.2	828
85.25	828
85.3	827
85.35	827
85.4	827
85.45	827
85.5	826
85.55	826
85.6	826
85.65	826
85.7	825
85.75	825
85.8	825
85.85	825
85.9	824
85.95	824
86	824
86.05	824
86.1	823
86.15	823
86.2	823
86.25	822
86.3	822
86.35	822
86.4	822
86.45	821
86.5	821
86.55	821
86.6	821
86.65	820
86.7	820
86.75	820
86.8	820
86.85	819
86.9	819
86.95	819
87	819
87.05	818
87.1	818
87.15	818
87.2	818
87.25	817
87.3	817
87.35	817
87.4	817
87.45	816
87.5	816
87.55	816
87.6	816
87.65	815
87.7	815
87.75	815
87.8	815
87.85	814
87.9	814
87.95	814
88	814
88.05	813
88.1	813
88.15	813
88.2	813
88.25	812
88.3	812
88.35	812
88.4	812
88.45	811
88.5	811
88.55	811
88.6	811
88.65	810
88.7	810
88.75	810
88.8	810
88.85	809
88.9	809
88.95	809
89	808
89.05	808
89.1	808
89.15	808
89.2	807
89.25	807
89.3	807
89.35	807
89.4	806
89.45	806
89.5	806
89.55	806
89.6	805
89.65	805
89.7	805
89.75	805
89.8	804
89.85	804
89.9	804
89.95	804
90	803
90.05	803
90.1	803
90.15	803
90.2	802
90.25	802
90.3	802
90.35	802
90.4	801
90.45	801
90.5	801
90.55	800
90.6	800
90.65	800
90.7	800
90.75	799
90.8	799
90.85	799
90.9	799
90.95	798
91	798
91.05	798
91.1	798
91.15	797
91.2	797
91.25	797
91.3	797
91.35	796
91.4	796
91.45	796
91.5	796
91.55	795
91.6	795
91.65	795
91.7	794
91.75	794
91.8	794
91.85	794
91.9	793
91.95	793
92	793
92.05	793
92.1	792
92.15	792
92.2	792
92.25	792
92.3	791
92.35	791
92.4	791
92.45	791
92.5	790
92.55	790
92.6	790
92.65	790
92.7	789
92.75	789
92.8	789
92.85	788
92.9	788
92.95	788
93	788
93.05	787
93.1	787
93.15	787
93.2	787
93.25	786
93.3	786
93.35	786
93.4	786
93.45	785
93.5	785
93.55	785
93.6	785
93.65	784
93.7	784
93.75	784
93.8	783
93.85	783
93.9	783
93.95	783
94	782
94.05	782
94.1	782
94.15	782
94.2	781
94.25	781
94.3	781
94.35	781
94.4	780
94.45	780
94.5	780
94.55	779
94.6	779
94.65	779
94.7	779
94.75	778
94.8	778
94.85	778
94.9	778
94.95	777
95	777
95.05	777
95.1	777
95.15	776
95.2	776
95.25	776
95.3	775
95.35	775
95.4	775
95.45	775
95.5	774
95.55	774
95.6	774
95.65	774
95.7	773
95.75	773
95.8	773
95.85	772
95.9	772
95.95	772
96	772
96.05	771
96.1	771
96.15	771
96.2	771
96.25	770
96.3	770
96.35	770
96.4	770
96.45	769
96.5	769
96.55	769
96.6	768
96.65	768
96.7	768
96.75	768
96.8	767
96.85	767
96.9	767
96.95	767
97	766
97.05	766
97.1	766
97.15	765
97.2	765
97.25	765
97.3	765
97.35	764
97.4	764
97.45	764
97.5	764
97.55	763
97.6	763
97.65	763
97.7	762
97.75	762
97.8	762
97.85	762
97.9	761
97.95	761
98	761
98.05	761
98.1	760
98.15	760
98.2	760
98.25	759
98.3	759
98.35	759
98.4	759
98.45	758
98.5	758
98.55	758
98.6	758
98.65	757
98.7	757
98.75	757
98.8	756
98.85	756
98.9	756
98.95	756
99	755
99.05	755
99.1	755
99.15	755
99.2	754
99.25	754
99.3	754
99.35	753
99.4	753
99.45	753
99.5	753
99.55	752
99.6	752
99.65	752
99.7	752
99.75	751
99.8	751
99.85	751
99.9	750
99.95	750
100	750
100.05	750
100.1	749
100.15	749
100.2	749
100.25	748
100.3	748
100.35	748
100.4	748
100.45	747
100.5	747
100.55	747
100.6	747
100.65	746
100.7	746
100.75	746
100.8	745
100.85	745
100.9	745
100.95	745
101	744
101.05	744
101.1	744
101.15	743
101.2	743
101.25	743
101.3	743
101.35	742
101.4	742
101.45	742
101.5	741
101.55	741
101.6	741
101.65	741
101.7	740
101.75	740
101.8	740
101.85	740
101.9	739
101.95	739
102	739
102.05	738
102.1	738
102.15	738
102.2	738
102.25	737
102.3	737
102.35	737
102.4	736
102.45	736
102.5	736
102.55	736
102.6	735
102.65	735
102.7	735
102.75	734
102.8	734
102.85	734
102.9	734
102.95	733
103	733
103.05	733
103.1	732
103.15	732
103.2	732
103.25	732
103.3	731
103.35	731
103.4	731
103.45	730
103.5	730
103.55	730
103.6	730
103.65	729
103.7	729
103.75	729
103.8	728
103.85	728
103.9	728
103.95	728
104	727
104.05	727
104.1	727
104.15	726
104.2	726
104.25	726
104.3	726
104.35	725
104.4	725
104.45	725
104.5	724
104.55	724
104.6	724
104.65	724
104.7	723
104.75	723
104.8	723
104.85	722
104.9	722
104.95	722
105	722
105.05	721
105.1	721
105.15	721
105.2	720
105.25	720
105.3	720
105.35	720
105.4	719
105.45	719
105.5	719
105.55	718
105.6	718
105.65	718
105.7	718
105.75	717
105.8	717
105.85	717
105.9	716
105.95	716
106	716
106.05	716
106.1	715
106.15	715
106.2	715
106.25	714
106.3	714
106.35	714
106.4	714
106.45	713
106.5	713
106.55	713
106.6	712
106.65	712
106.7	712
106.75	711
106.8	711
106.85	711
106.9	711
106.95	710
107	710
107.05	710
107.1	709
107.15	709
107.2	709
107.25	709
107.3	708
107.35	708
107.4	708
107.45	707
107.5	707
107.55	707
107.6	706
107.65	706
107.7	706
107.75	706
107.8	705
107.85	705
107.9	705
107.95	704
108	704
108.05	704
108.1	704
108.15	703
108.2	703
108.25	703
108.3	702
108.35	702
108.4	702
108.45	701
108.5	701
108.55	701
108.6	701
108.65	700
108.7	700
108.75	700
108.8	699
108.85	699
108.9	699
108.95	699
109	698
109.05	698
109.1	698
109.15	697
109.2	697
109.25	697
109.3	696
109.35	696
109.4	696
109.45	696
109.5	695
109.55	695
109.6	695
109.65	694
109.7	694
109.75	694
109.8	693
109.85	693
109.9	693
109.95	693
110	692
110.05	692
110.1	692
110.15	691
110.2	691
110.25	691
110.3	690
110.35	690
110.4	690
110.45	690
110.5	689
110.55	689
110.6	689
110.65	688
110.7	688
110.75	688
110.8	687
110.85	687
110.9	687
110.95	687
111	686
111.05	686
111.1	686
111.15	685
111.2	685
111.25	685
111.3	684
111.35	684
111.4	684
111.45	683
111.5	683
111.55	683
111.6	683
111.65	682
111.7	682
111.75	682
111.8	681
111.85	681
111.9	681
111.95	680
112	680
112.05	680
112.1	680
112.15	679
112.2	679
112.25	679
112.3	678
112.35	678
112.4	678
112.45	677
112.5	677
112.55	677
112.6	676
112.65	676
112.7	676
112.75	676
112.8	675
112.85	675
112.9	675
112.95	674
113	674
113.05	674
113.1	673
113.15	673
113.2	673
113.25	672
113.3	672
113.35	672
113.4	672
113.45	671
113.5	671
113.55	671
113.6	670
113.65	670
113.7	670
113.75	669
113.8	669
113.85	669
113.9	668
113.95	668
114	668
114.05	667
114.1	667
114.15	667
114.2	667
114.25	666
114.3	666
114.35	666
114.4	665
114.45	665
114.5	665
114.55	664
114.6	664
114.65	664
114.7	663
114.75	663
114.8	663
114.85	663
114.9	662
114.95	662
115	662
115.05	661
115.1	661
115.15	661
115.2	660
115.25	660
115.3	660
115.35	659
115.4	659
115.45	659
115.5	658
115.55	658
115.6	658
115.65	657
115.7	657
115.75	657
115.8	657
115.85	656
115.9	656
115.95	656
116	655
116.05	655
116.1	655
116.15	654
116.2	654
116.25	654
116.3	653
116.35	653
116.4	653
116.45	652
116.5	652
116.55	652
116.6	651
116.65	651
116.7	651
116.75	650
116.8	650
116.85	650
116.9	650
116.95	649
117	649
117.05	649
117.1	648
117.15	648
117.2	648
117.25	647
117.3	647
117.35	647
117.4	646
117.45	646
117.5	646
117.55	645
117.6	645
117.65	645
117.7	644
117.75	644
117.8	644
117.85	643
117.9	643
117.95	643
118	642
118.05	642
118.1	642
118.15	641
118.2	641
118.25	641
118.3	641
118.35	640
118.4	640
118.45	640
118.5	639
118.55	639
118.6	639
118.65	638
118.7	638
118.75	638
118.8	637
118.85	637
118.9	637
118.95	636
119	636
119.05	636
119.1	635
119.15	635
119.2	635
119.25	634
119.3	634
119.35	634
119.4	633
119.45	633
119.5	633
119.55	632
119.6	632
119.65	632
119.7	631
119.75	631
119.8	631
119.85	630
119.9	630
119.95	630
120	629
120.05	629
120.1	629
120.15	628
120.2	628
120.25	628
120.3	627
120.35	627
120.4	627
120.45	626
120.5	626
120.55	626
120.6	625
120.65	625
120.7	625
120.75	624
120.8	624
120.85	624
120.9	623
120.95	623
121	623
121.05	622
121.1	622
121.15	622
121.2	621
121.25	621
121.3	621
121.35	620
121.4	620
121.45	620
121.5	619
121.55	619
121.6	619
121.65	618
121.7	618
121.75	618
121.8	617
121.85	617
121.9	617
121.95	616
122	616
122.05	616
122.1	615
122.15	615
122.2	615
122.25	614
122.3	614
122.35	614
122.4	613
122.45	613
122.5	613
122.55	612
122.6	612
122.65	612
122.7	611
122.75	611
122.8	611
122.85	610
122.9	610
122.95	610
123	609
123.05	609
123.1	609
123.15	608
123.2	608
123.25	608
123.3	607
123.35	607
123.4	607
123.45	606
123.5	606
123.55	605
123.6	605
123.65	605
123.7	604
123.75	604
123.8	604
123.85	603
123.9	603
123.95	603
124	602
124.05	602
124.1	602
124.15	601
124.2	601
124.25	601
124.3	600
124.35	600
124.4	600
124.45	599
124.5	599
124.55	599
124.6	598
124.65	598
124.7	598
124.75	597
124.8	597
124.85	597
124.9	596
124.95	596
125	595
125.05	595
125.1	595
125.15	594
125.2	594
125.25	594
125.3	593
125.35	593
125.4	593
125.45	592
125.5	592
125.55	592
125.6	591
125.65	591
125.7	591
125.75	590
125.8	590
125.85	590
125.9	589
125.95	589
126	588
126.05	588
126.1	588
126.15	587
126.2	587
126.25	587
126.3	586
126.35	586
126.4	586
126.45	585
126.5	585
126.55	585
126.6	584
126.65	584
126.7	583
126.75	583
126.8	583
126.85	582
126.9	582
126.95	582
127	581
127.05	581
127.1	581
127.15	580
127.2	580
127.25	580
127.3	579
127.35	579
127.4	578
127.45	578
127.5	578
127.55	577
127.6	577
127.65	577
127.7	576
127.75	576
127.8	576
127.85	575
127.9	575
127.95	575
128	574
128.05	574
128.1	573
128.15	573
128.2	573
128.25	572
128.3	572
128.35	572
128.4	571
128.45	571
128.5	571
128.55	570
128.6	570
128.65	569
128.7	569
128.75	569
128.8	568
128.85	568
128.9	568
128.95	567
129	567
129.05	567
129.1	566
129.15	566
129.2	565
129.25	565
129.3	565
129.35	564
129.4	564
129.45	564
129.5	563
129.55	563
129.6	562
129.65	562
129.7	562
129.75	561
129.8	561
129.85	561
129.9	560
129.95	560
130	559
130.05	559
130.1	559
130.15	558
130.2	558
130.25	558
130.3	557
130.35	557
130.4	557
130.45	556
130.5	556
130.55	555
130.6	555
130.65	555
130.7	554
130.75	554
130.8	554
130.85	553
130.9	553
130.95	552
131	552
131.05	552
131.1	551
131.15	551
131.2	551
131.25	550
131.3	550
131.35	549
131.4	549
131.45	549
131.5	548
131.55	548
131.6	547
131.65	547
131.7	547
131.75	546
131.8	546
131.85	546
131.9	545
131.95	545
132	544
132.05	544
132.1	544
132.15	543
132.2	543
132.25	543
132.3	542
132.35	542
132.4	541
132.45	541
132.5	541
132.55	540
132.6	540
132.65	539
132.7	539
132.75	539
132.8	538
132.85	538
132.9	538
132.95	537
133	537
133.05	536
133.1	536
133.15	536
133.2	535
133.25	535
133.3	534
133.35	534
133.4	534
133.45	533
133.5	533
133.55	532
133.6	532
133.65	532
133.7	531
133.75	531
133.8	531
133.85	530
133.9	530
133.95	529
134	529
134.05	529
134.1	528
134.15	528
134.2	527
134.25	527
134.3	527
134.35	526
134.4	526
134.45	525
134.5	525
134.55	525
134.6	524
134.65	524
134.7	523
134.75	523
134.8	523
134.85	522
134.9	522
134.95	521
135	521
135.05	521
135.1	520
135.15	520
135.2	519
135.25	519
135.3	519
135.35	518
135.4	518
135.45	517
135.5	517
135.55	517
135.6	516
135.65	516
135.7	515
135.75	515
135.8	515
135.85	514
135.9	514
135.95	513
136	513
136.05	513
136.1	512
136.15	512
136.2	511
136.25	511
136.3	511
136.35	510
136.4	510
136.45	509
136.5	509
136.55	509
136.6	508
136.65	508
136.7	507
136.75	507
136.8	506
136.85	506
136.9	506
136.95	505
137	505
137.05	504
137.1	504
137.15	504
137.2	503
137.25	503
137.3	502
137.35	502
137.4	502
137.45	501
137.5	501
137.55	500
137.6	500
137.65	499
137.7	499
137.75	499
137.8	498
137.85	498
137.9	497
137.95	497
138	497
138.05	496
138.1	496
138.15	495
138.2	495
138.25	494
138.3	494
138.35	494
138.4	493
138.45	493
138.5	492
138.55	492
138.6	491
138.65	491
138.7	491
138.75	490
138.8	490
138.85	489
138.9	489
138.95	489
139	488
139.05	488
139.1	487
139.15	487
139.2	486
139.25	486
139.3	486
139.35	485
139.4	485
139.45	484
139.5	484
139.55	483
139.6	483
139.65	483
139.7	482
139.75	482
139.8	481
139.85	481
139.9	480
139.95	480
140	480
140.05	479
140.1	479
140.15	478
140.2	478
140.25	477
140.3	477
140.35	476
140.4	476
140.45	476
140.5	475
140.55	475
140.6	474
140.65	474
140.7	473
140.75	473
140.8	473
140.85	472
140.9	472
140.95	471
141	471
141.05	470
141.1	470
141.15	469
141.2	469
141.25	469
141.3	468
141.35	468
141.4	467
141.45	467
141.5	466
141.55	466
141.6	465
141.65	465
141.7	465
141.75	464
141.8	464
141.85	463
141.9	463
141.95	462
142	462
142.05	461
142.1	461
142.15	461
142.2	460
142.25	460
142.3	459
142.35	459
142.4	458
142.45	458
142.5	457
142.55	457
142.6	456
142.65	456
142.7	456
142.75	455
142.8	455
142.85	454
142.9	454
142.95	454
143	454
143.05	454
143.1	454
143.15	454
143.2	454
143.25	454
143.3	454
143.35	454
143.4	454
143.45	454
143.5	454
143.55	454
143.6	454
143.65	454
143.7	454
143.75	454
143.8	454
143.85	454
143.9	454
143.95	454
144	454
144.05	454
144.1	454
144.15	454
144.2	454
144.25	454
144.3	454
144.35	454
144.4	454
144.45	454
144.5	454
144.55	454
144.6	454
144.65	454
144.7	454
144.75	454
144.8	454
144.85	454
144.9	454
144.95	454
145	454
145.05	454
145.1	454
145.15	454
145.2	454
145.25	454
145.3	454
145.35	454
145.4	454
145.45	454
145.5	454
145.55	454
145.6	454
145.65	454
145.7	454
145.75	454
145.8	454
145.85	454
145.9	454
145.95	454
146	454
146.05	454
146.1	454
146.15	454
146.2	454
146.25	454
146.3	454
146.35	454
146.4	454
146.45	454
146.5	454
146.55	454
146.6	454
146.65	454
146.7	454
146.75	454
146.8	454
146.85	454
146.9	454
146.95	454
147	454
147.05	454
147.1	454
147.15	454
147.2	454
147.25	454
147.3	454
147.35	454
147.4	454
147.45	454
147.5	454
147.55	454
147.6	454
147.65	454
147.7	454
147.75	454
147.8	454
147.85	454
147.9	454
147.95	454
148	454
148.05	454
148.1	454
148.15	454
148.2	454
148.25	454
148.3	454
148.35	454
148.4	454
148.45	454
148.5	454
148.55	454
148.6	454
148.65	454
148.7	454
148.75	454
148.8	454
148.85	454
148.9	454
148.95	454
149	454
149.05	454
149.1	454
149.15	454
149.2	454
149.25	454
149.3	454
149.35	454
149.4	454
149.45	454
149.5	454
149.55	454
149.6	454
149.65	454
149.7	454
149.75	454
149.8	454
149.85	454
149.9	454
149.95	454
150	454
150.05	454
150.1	454
150.15	454
150.2	454
150.25	454
150.3	454
150.35	454
150.4	454
150.45	454
150.5	454
150.55	454
150.6	454
150.65	454
150.7	454
150.75	454
150.8	454
150.85	454
150.9	454
150.95	454
151	454
151.05	454
151.1	454
151.15	454
151.2	454
151.25	454
151.3	454
151.35	454
151.4	454
151.45	454
151.5	454
151.55	454
151.6	454
151.65	454
151.7	454
151.75	454
151.8	454
151.85	454
151.9	454
151.95	454
152	454
152.05	454
152.1	454
152.15	454
152.2	454
152.25	454
152.3	454
152.35	454
152.4	454
152.45	454
152.5	454
152.55	454
152.6	454
152.65	454
152.7	454
152.75	454
152.8	454
152.85	454
152.9	454
152.95	454
153	454
153.05	454
153.1	454
153.15	454
153.2	454
153.25	454
153.3	454
153.35	454
153.4	454
153.45	454
153.5	454
153.55	454
153.6	454
153.65	454
153.7	454
153.75	454
153.8	454
153.85	454
153.9	454
153.95	454
154	454
154.05	454
154.1	454
154.15	454
154.2	454
154.25	454
154.3	454
154.35	454
154.4	454
154.45	454
154.5	454
154.55	454
154.6	454
154.65	454
154.7	454
154.75	454
154.8	454
154.85	454
154.9	454
154.95	454
155	454
155.05	454
155.1	454
155.15	454
155.2	454
155.25	454
155.3	454
155.35	454
155.4	454
155.45	454
155.5	454
155.55	454
155.6	454
155.65	454
155.7	454
155.75	454
155.8	454
155.85	454
155.9	454
155.95	454
156	454
156.05	454
156.1	454
156.15	454
156.2	454
156.25	454
156.3	454
156.35	454
156.4	454
156.45	454
156.5	454
156.55	454
156.6	454
156.65	454
156.7	454
156.75	454
156.8	454
156.85	454
156.9	454
156.95	454
157	454
157.05	454
157.1	454
157.15	454
157.2	454
157.25	454
157.3	454
157.35	454
157.4	454
157.45	454
157.5	454
157.55	454
157.6	454
157.65	454
157.7	454
157.75	454
157.8	454
157.85	454
157.9	454
157.95	454
158	454
158.05	454
158.1	454
158.15	454
158.2	454
158.25	454
158.3	454
158.35	454
158.4	454
158.45	454
158.5	454
158.55	454
158.6	454
158.65	454
158.7	454
158.75	454
158.8	454
158.85	454
158.9	454
158.95	454
159	454
159.05	454
159.1	454
159.15	454
159.2	454
159.25	454
159.3	454
159.35	454
159.4	454
159.45	454
159.5	454
159.55	454
159.6	454
159.65	454
159.7	454
159.75	454
159.8	454
159.85	454
159.9	454
159.95	454
160	454
160.05	454
160.1	454
160.15	455
160.2	455
160.25	456
160.3	456
160.35	457
160.4	457
160.45	458
160.5	458
160.55	459
160.6	459
160.65	460
160.7	460
160.75	461
160.8	461
160.85	462
160.9	462
160.95	463
161	463
161.05	464
161.1	464
161.15	465
161.2	465
161.25	466
161.3	466
161.35	467
161.4	467
161.45	468
161.5	468
161.55	469
161.6	469
161.65	470
161.7	470
161.75	471
161.8	471
161.85	472
161.9	472
161.95	473
162	473
162.05	474
162.1	474
162.15	475
162.2	475
162.25	476
162.3	476
162.35	477
162.4	477
162.45	478
162.5	478
162.55	479
162.6	479
162.65	480
162.7	480
162.75	481
162.8	481
162.85	482
162.9	482
162.95	483
163	483
163.05	484
163.1	484
163.15	485
163.2	485
163.25	486
163.3	486
163.35	487
163.4	487
163.45	488
163.5	488
163.55	489
163.6	489
163.65	490
163.7	490
163.75	491
163.8	491
163.85	492
163.9	492
163.95	493
164	493
164.05	494
164.1	494
164.15	495
164.2	495
164.25	496
164.3	496
164.35	497
164.4	497
164.45	498
164.5	498
164.55	499
164.6	499
164.65	500
164.7	500
164.75	501
164.8	501
164.85	502
164.9	502
164.95	503
165	503
165.05	504
165.1	504
165.15	505
165.2	505
165.25	506
165.3	506
165.35	507
165.4	507
165.45	508
165.5	508
165.55	509
165.6	509
165.65	510
165.7	510
165.75	511
165.8	511
165.85	512
165.9	512
165.95	513
166	513
166.05	514
166.1	514
166.15	515
166.2	515
166.25	516
166.3	516
166.35	517
166.4	517
166.45	518
166.5	518
166.55	519
166.6	519
166.65	520
166.7	520
166.75	521
166.8	521
166.85	522
166.9	522
166.95	523
167	523
167.05	524
167.1	524
167.15	525
167.2	525
167.25	526
167.3	526
167.35	527
167.4	527
167.45	528
167.5	528
167.55	529
167.6	529
167.65	530
167.7	530
167.75	531
167.8	531
167.85	532
167.9	532
167.95	533
168	533
168.05	534
168.1	534
168.15	535
168.2	535
168.25	536
168.3	536
168.35	537
168.4	537
168.45	538
168.5	538
168.55	539
168.6	539
168.65	540
168.7	540
168.75	541
168.8	541
168.85	542
168.9	542
168.95	543
169	543
169.05	544
169.1	544
169.15	545
169.2	545
169.25	546
169.3	546
169.35	547
169.4	547
169.45	548
169.5	548
169.55	549
169.6	549
169.65	550
169.7	550
169.75	551
169.8	551
169.85	552
169.9	552
169.95	553
170	553
170.05	554
170.1	554
170.15	555
170.2	555
170.25	556
170.3	556
170.35	557
170.4	557
170.45	558
170.5	558
170.55	559
170.6	559
170.65	560
170.7	560
170.75	561
170.8	561
170.85	562
170.9	562
170.95	563
171	563
171.05	564
171.1	564
171.15	565
171.2	565
171.25	566
171.3	566
171.35	567
171.4	567
171.45	568
171.5	568
171.55	569
171.6	569
171.65	570
171.7	570
171.75	571
171.8	571
171.85	572
171.9	572
171.95	573
172	573
172.05	574
172.1	574
172.15	575
172.2	575
172.25	576
172.3	576
172.35	577
172.4	577
172.45	578
172.5	578
172.55	579
172.6	579
172.65	580
172.7	580
172.75	581
172.8	581
172.85	582
172.9	582
172.95	583
173	583
173.05	584
173.1	584
173.15	585
173.2	585
173.25	586
173.3	586
173.35	587
173.4	587
173.45	588
173.5	588
173.55	589
173.6	589
173.65	590
173.7	590
173.75	591
173.8	591
173.85	592
173.9	592
173.95	593
174	593
174.05	594
174.1	594
174.15	595
174.2	595
174.25	596
174.3	596
174.35	597
174.4	597
174.45	598
174.5	598
174.55	599
174.6	599
174.65	600
174.7	600
174.75	601
174.8	601
174.85	602
174.9	602
174.95	603
175	603
175.05	604
175.1	604
175.15	605
175.2	605
175.25	606
175.3	606
175.35	607
175.4	607
175.45	608
175.5	608
175.55	609
175.6	609
175.65	610
175.7	610
175.75	611
175.8	611
175.85	612
175.9	612
175.95	613
176	613
176.05	614
176.1	614
176.15	615
176.2	615
176.25	616
176.3	616
176.35	617
176.4	617
176.45	618
176.5	618
176.55	619
176.6	619
176.65	620
176.7	620
176.75	621
176.8	621
176.85	622
176.9	622
176.95	623
177	623
177.05	624
177.1	624
177.15	625
177.2	625
177.25	626
177.3	626
177.35	627
177.4	627
177.45	628
177.5	628
177.55	629
177.6	629
177.65	630
177.7	630
177.75	631
177.8	631
177.85	632
177.9	632
177.95	633
178	633
178.05	634
178.1	634
178.15	635
178.2	635
178.25	636
178.3	636
178.35	637
178.4	637
178.45	638
178.5	638
178.55	639
178.6	639
178.65	640
178.7	640
178.75	641
178.8	641
178.85	642
178.9	642
178.95	643
179	643
179.05	644
179.1	644
179.15	645
179.2	645
179.25	646
179.3	646
179.35	647
179.4	647
179.45	648
179.5	648
179.55	649
179.6	649
179.65	650
179.7	650
179.75	651
179.8	651
179.85	652
179.9	652
179.95	653
180	653
180.05	654
180.1	654
180.15	655
180.2	655
180.25	656
180.3	656
180.35	657
180.4	657
180.45	658
180.5	658
180.55	659
180.6	659
180.65	660
180.7	660
180.75	661
180.8	661
180.85	662
180.9	662
180.95	663
181	663
181.05	664
181.1	664
181.15	665
181.2	665
181.25	666
181.3	666
181.35	667
181.4	667
181.45	668
181.5	668
181.55	669
181.6	669
181.65	670
181.7	670
181.75	671
181.8	671
181.85	672
181.9	672
181.95	673
182	673
182.05	674
182.1	674
182.15	675
182.2	675
182.25	676
182.3	676
182.35	677
182.4	677
182.45	678
182.5	678
182.55	679
182.6	679
182.65	680
182.7	680
182.75	681
182.8	681
182.85	682
182.9	682
182.95	683
183	683
183.05	684
183.1	684
183.15	685
183.2	685
183.25	686
183.3	686
183.35	687
183.4	687
183.45	688
183.5	688
183.55	689
183.6	689
183.65	690
183.7	690
183.75	691
183.8	691
183.85	692
183.9	692
183.95	693
184	693
184.05	694
184.1	694
184.15	695
184.2	695
184.25	696
184.3	696
184.35	697
184.4	697
184.45	698
184.5	698
184.55	699
184.6	699
184.65	700
184.7	700
184.75	701
184.8	701
184.85	702
184.9	702
184.95	703
185	703
185.05	704
185.1	704
185.15	705
185.2	705
185.25	706
185.3	706
185.35	707
185.4	707
185.45	708
185.5	708
185.55	709
185.6	709
185.65	710
185.7	710
185.75	711
185.8	711
185.85	712
185.9	712
185.95	713
186	713
186.05	714
186.1	714
186.15	715
186.2	715
186.25	716
186.3	716
186.35	717
186.4	717
186.45	718
186.5	718
186.55	719
186.6	719
186.65	720
186.7	720
186.75	721
186.8	721
186.85	722
186.9	722
186.95	723
187	723
187.05	724
187.1	724
187.15	725
187.2	725
187.25	726
187.3	726
187.35	727
187.4	727
187.45	728
187.5	728
187.55	729
187.6	729
187.65	730
187.7	730
187.75	731
187.8	731
187.85	732
187.9	732
187.95	733
188	733
188.05	734
188.1	734
188.15	735
188.2	735
188.25	736
188.3	736
188.35	737
188.4	737
188.45	738
188.5	738
188.55	739
188.6	739
188.65	740
188.7	740
188.75	741
188.8	741
188.85	742
188.9	742
188.95	743
189	743
189.05	744
189.1	744
189.15	745
189.2	745
189.25	746
189.3	746
189.35	747
189.4	747
189.45	748
189.5	748
189.55	749
189.6	749
189.65	750
189.7	750
189.75	751
189.8	751
189.85	752
189.9	752
189.95	753
190	753
190.05	754
190.1	754
190.15	755
190.2	755
190.25	756
190.3	756
190.35	757
190.4	757
190.45	758
190.5	758
190.55	759
190.6	759
190.65	760
190.7	760
190.75	761
190.8	761
190.85	762
190.9	762
190.95	763
191	763
191.05	764
191.1	764
191.15	765
191.2	765
191.25	766
191.3	766
191.35	767
191.4	767
191.45	768
191.5	768
191.55	769
191.6	769
191.65	770
191.7	770
191.75	771
191.8	771
191.85	772
191.9	772
191.95	773
192	773
192.05	774
192.1	774
192.15	775
192.2	775
192.25	776
192.3	776
192.35	777
192.4	777
192.45	778
192.5	778
192.55	779
192.6	779
192.65	780
192.7	780
192.75	781
192.8	781
192.85	782
192.9	782
192.95	783
193	783
193.05	784
193.1	784
193.15	785
193.2	785
193.25	786
193.3	786
193.35	787
193.4	787
193.45	788
193.5	788
193.55	789
193.6	789
193.65	790
193.7	790
193.75	791
193.8	791
193.85	792
193.9	792
193.95	793
194	793
194.05	794
194.1	794
194.15	795
194.2	795
194.25	796
194.3	796
194.35	797
194.4	797
194.45	798
194.5	798
194.55	799
194.6	799
194.65	800
194.7	800
194.75	801
194.8	801
194.85	802
194.9	802
194.95	803
195	803
195.05	804
195.1	804
195.15	805
195.2	805
195.25	806
195.3	806
195.35	807
195.4	807
195.45	808
195.5	808
195.55	809
195.6	809
195.65	810
195.7	810
195.75	811
195.8	811
195.85	812
195.9	812
195.95	813
196	813
196.05	814
196.1	814
196.15	815
196.2	815
196.25	816
196.3	816
196.35	817
196.4	817
196.45	818
196.5	818
196.55	819
196.6	819
196.65	820
196.7	820
196.75	821
196.8	821
196.85	822
196.9	822
196.95	823
197	823
197.05	824
197.1	824
197.15	825
197.2	825
197.25	826
197.3	826
197.35	827
197.4	827
197.45	828
197.5	828
197.55	829
197.6	829
197.65	830
197.7	830
197.75	831
197.8	831
197.85	832
197.9	832
197.95	833
198	833
198.05	834
198.1	834
198.15	835
198.2	835
198.25	836
198.3	836
198.35	837
198.4	837
198.45	838
198.5	838
198.55	839
198.6	839
198.65	840
198.7	840
198.75	841
198.8	841
198.85	842
198.9	842
198.95	843
199	843
199.05	844
199.1	844
199.15	845
199.2	845
199.25	846
199.3	846
199.35	847
199.4	847
199.45	848
199.5	848
199.55	849
199.6	849
199.65	850
199.7	850
199.75	851
199.8	851
199.85	852
199.9	852
199.95	852
200	852
200.05	852
200.1	852
200.15	852
200.2	852
200.25	852
200.3	852
200.35	852
200.4	852
200.45	852
200.5	852
200.55	852
200.6	852
200.65	852
200.7	852
200.75	852
200.8	852
200.85	852
200.9	852
200.95	852
201	852
201.05	852
201.1	852
201.15	852
201.2	852
201.25	852
201.3	852
201.35	852
201.4	852
201.45	852
201.5	852
201.55	852
201.6	852
201.65	852
201.7	852
201.75	852
201.8	852
201.85	852
201.9	852
201.95	852
202	852
202.05	852
202.1	852
202.15	852
202.2	852
202.25	852
202.3	852
202.35	852
202.4	852
202.45	852
202.5	852
202.55	852
202.6	852
202.65	852
202.7	852
202.75	852
202.8	852
202.85	852
202.9	852
202.95	852
203	852
203.05	852
203.1	852
203.15	852
203.2	852
203.25	852
203.3	852
203.35	852
203.4	852
203.45	852
203.5	852
203.55	852
203.6	852
203.65	852
203.7	852
203.75	852
203.8	852
203.85	852
203.9	852
203.95	852
204	852
204.05	852
204.1	852
204.15	852
204.2	852
204.25	852
204.3	852
204.35	852
204.4	852
204.45	852
204.5	852
204.55	852
204.6	852
204.65	852
204.7	852
204.75	852
204.8	852
204.85	852
204.9	852
204.95	852
205	852
205.05	852
205.1	852
205.15	852
205.2	852
205.25	852
205.3	852
205.35	852
205.4	852
205.45	852
205.5	852
205.55	852
205.6	852
205.65	852
205.7	852
205.75	852
205.8	852
205.85	852
205.9	852
205.95	852
206	852
206.05	852
206.1	852
206.15	852
206.2	852
206.25	852
206.3	852
206.35	852
206.4	852
206.45	852
206.5	852
206.55	852
206.6	852
206.65	852
206.7	852
206.75	852
206.8	852
206.85	852
206.9	852
206.95	852
207	852
207.05	852
207.1	852
207.15	852
207.2	852
207.25	852
207.3	852
207.35	852
207.4	852
207.45	852
207.5	852
207.55	852
207.6	852
207.65	852
207.7	852
207.75	852
207.8	852
207.85	852
207.9	852
207.95	852
208	852
208.05	852
208.1	852
208.15	852
208.2	852
208.25	852
208.3	852
208.35	852
208.4	852
208.45	852
208.5	852
208.55	852
208.6	852
208.65	852
208.7	852
208.75	852
208.8	852
208.85	852
208.9	852
208.95	852
209	852
209.05	852
209.1	852
209.15	852
209.2	852
209.25	852
209.3	852
209.35	852
209.4	852
209.45	852
209.5	852
209.55	852
209.6	852
209.65	852
209.7	852
209.75	852
209.8	852
209.85	852
209.9	852
209.95	852
210	852
210.05	852
210.1	852
210.15	852
210.2	852
210.25	852
210.3	852
210.35	852
210.4	852
210.45	852
210.5	852
210.55	852
210.6	852
210.65	852
210.7	852
210.75	852
210.8	852
210.85	852
210.9	852
210.95	852
211	852
211.05	852
211.1	852
211.15	852
211.2	852
211.25	852
211.3	852
211.35	852
211.4	852
211.45	852
211.5	852
211.55	852
211.6	852
211.65	852
211.7	852
211.75	852
211.8	852
211.85	852
211.9	852
211.95	852
212	852
212.05	852
212.1	852
212.15	852
212.2	852
212.25	852
212.3	852
212.35	852
212.4	852
212.45	852
212.5	852
212.55	852
212.6	852
212.65	852
212.7	852
212.75	852
212.8	852
212.85	852
212.9	852
212.95	852
213	852
213.05	852
213.1	852
213.15	852
213.2	852
213.25	852
213.3	852
213.35	852
213.4	852
213.45	852
213.5	852
213.55	852
213.6	852
213.65	852
213.7	852
213.75	852
213.8	852
213.85	852
213.9	852
213.95	852
214	852
214.05	852
214.1	852
214.15	852
214.2	852
214.25	852
214.3	852
214.35	852
214.4	852
214.45	852
214.5	852
214.55	852
214.6	852
214.65	852
214.7	852
214.75	852
214.8	852
214.85	852
214.9	852
214.95	852
215	852
215.05	852
215.1	852
215.15	852
215.2	852
215.25	852
215.3	852
215.35	852
215.4	852
215.45	852
215.5	852
215.55	852
215.6	852
215.65	852
215.7	852
215.75	852
215.8	852
215.85	852
215.9	852
215.95	852
216	852
216.05	852
216.1	852
216.15	852
216.2	852
216.25	852
216.3	852
216.35	852
216.4	852
216.45	852
216.5	852
216.55	852
216.6	852
216.65	852
216.7	852
216.75	852
216.8	852
216.85	852
216.9	852
216.95	852
217	852
217.05	852
217.1	852
217.15	852
217.2	852
217.25	852
217.3	852
217.35	852
217.4	852
217.45	852
217.5	852
217.55	852
217.6	852
217.65	852
217.7	852
217.75	852
217.8	852
217.85	852
217.9	852
217.95	852
218	852
218.05	852
218.1	852
218.15	852
218.2	852
218.25	852
218.3	852
218.35	852
218.4	852
218.45	852
218.5	852
218.55	852
218.6	852
218.65	852
218.7	852
218.75	852
218.8	852
218.85	852
218.9	852
218.95	852
219	852
219.05	852
219.1	852
219.15	852
219.2	852
219.25	852
219.3	852
219.35	852
219.4	852
219.45	852
219.5	852
219.55	852
219.6	852
219.65	852
219.7	852
219.75	852
219.8	852
219.85	852
219.9	852
219.95	852
220	852
220.05	852
220.1	852
220.15	852
220.2	852
220.25	852
220.3	852
220.35	852
220.4	852
220.45	852
220.5	852
220.55	852
220.6	852
220.65	852
220.7	852
220.75	852
220.8	852
220.85	852
220.9	852
220.95	852
221	852
221.05	852
221.1	852
221.15	852
221.2	852
221.25	852
221.3	852
221.35	852
221.4	852
221.45	852
221.5	852
221.55	852
221.6	852
221.65	852
221.7	852
221.75	852
221.8	852
221.85	852
221.9	852
221.95	852
222	852
222.05	852
222.1	852
222.15	852
222.2	852
222.25	852
222.3	852
222.35	852
222.4	852
222.45	852
222.5	852
222.55	852
222.6	852
222.65	852
222.7	852
222.75	852
222.8	852
222.85	852
222.9	852
222.95	852
223	852
223.05	852
223.1	852
223.15	852
223.2	852
223.25	852
223.3	852
223.35	852
223.4	852
223.45	852
223.5	852
223.55	852
223.6	852
223.65	852
223.7	852
223.75	852
223.8	852
223.85	852
223.9	852
223.95	852
224	852
224.05	852
224.1	852
224.15	852
224.2	852
224.25	852
224.3	852
224.35	852
224.4	852
224.45	852
224.5	852
224.55	852
224.6	852
224.65	852
224.7	852
224.75	852
224.8	852
224.85	852
224.9	852
224.95	852
225	852
225.05	852
225.1	852
225.15	852
225.2	852
225.25	852
225.3	852
225.35	852
225.4	852
225.45	852
225.5	852
225.55	852
225.6	852
225.65	852
225.7	852
225.75	852
225.8	852
225.85	852
225.9	852
225.95	852
226	852
226.05	852
226.1	852
226.15	852
226.2	852
226.25	852
226.3	852
226.35	852
226.4	852
226.45	852
226.5	852
226.55	852
226.6	852
226.65	852
226.7	852
226.75	852
226.8	852
226.85	852
226.9	852
226.95	852
227	852
227.05	852
227.1	852
227.15	852
227.2	852
227.25	852
227.3	852
227.35	852
227.4	852
227.45	852
227.5	852
227.55	852
227.6	852
227.65	852
227.7	852
227.75	852
227.8	852
227.85	852
227.9	852
227.95	852
228	852
228.05	852
228.1	852
228.15	852
228.2	852
228.25	852
228.3	852
228.35	852
228.4	852
228.45	852
228.5	852
228.55	852
228.6	852
228.65	852
228.7	852
228.75	852
228.8	852
228.85	852
228.9	852
228.95	852
229	852
229.05	852
229.1	852
229.15	852
229.2	852
229.25	852
229.3	852
229.35	852
229.4	852
229.45	852
229.5	852
229.55	852
229.6	852
229.65	852
229.7	852
229.75	852
229.8	852
229.85	852
229.9	852
229.95	852
230	852
230.05	852
230.1	852
230.15	852
230.2	852
230.25	852
230.3	852
230.35	852
230.4	852
230.45	852
230.5	852
230.55	852
230.6	852
230.65	852
230.7	852
230.75	852
230.8	852
230.85	852
230.9	852
230.95	852
231	852
231.05	852
231.1	852
231.15	852
231.2	852
231.25	852
231.3	852
231.35	852
231.4	852
231.45	852
231.5	852
231.55	852
231.6	852
231.65	852
231.7	852
231.75	852
231.8	852
231.85	852
231.9	852
231.95	852
232	852
232.05	852
232.1	852
232.15	852
232.2	852
232.25	852
232.3	852
232.35	852
232.4	852
232.45	852
232.5	852
232.55	852
232.6	852
232.65	852
232.7	852
232.75	852
232.8	852
232.85	852
232.9	852
232.95	852
233	852
233.05	852
233.1	852
233.15	852
233.2	852
233.25	852
233.3	852
233.35	852
233.4	852
233.45	852
233.5	852
233.55	852
233.6	852
233.65	852
233.7	852
233.75	852
233.8	852
233.85	852
233.9	852
233.95	852
234	852
234.05	852
234.1	852
234.15	852
234.2	852
234.25	852
234.3	852
234.35	852
234.4	852
234.45	852
234.5	852
234.55	852
234.6	852
234.65	852
234.7	852
234.75	852
234.8	852
234.85	852
234.9	852
234.95	852
235	852
235.05	852
235.1	852
235.15	852
235.2	852
235.25	852
235.3	852
235.35	852
235.4	852
235.45	852
235.5	852
235.55	852
235.6	852
235.65	852
235.7	852
235.75	852
235.8	852
235.85	852
235.9	852
235.95	852
236	852
236.05	852
236.1	852
236.15	852
236.2	852
236.25	852
236.3	852
236.35	852
236.4	852
236.45	852
236.5	852
236.55	852
236.6	852
236.65	852
236.7	852
236.75	852
236.8	852
236.85	852
236.9	852
236.95	852
237	852
237.05	852
237.1	852
237.15	852
237.2	852
237.25	852
237.3	852
237.35	852
237.4	852
237.45	852
237.5	852
237.55	852
237.6	852
237.65	852
237.7	852
237.75	852
237.8	852
237.85	852
237.9	852
237.95	852
238	852
238.05	852
238.1	852
238.15	852
238.2	852
238.25	852
238.3	852
238.35	852
238.4	852
238.45	852
238.5	852
238.55	852
238.6	852
238.65	852
238.7	852
238.75	852
238.8	852
238.85	852
238.9	852
238.95	852
239	852
239.05	852
239.1	852
239.15	852
239.2	852
239.25	852
239.3	852
239.35	852
239.4	852
239.45	852
239.5	852
239.55	852
239.6	852
239.65	852
239.7	852
239.75	852
239.8	852
239.85	852
239.9	852
239.95	852
