# Time(s)	CWND(packets)
0.05	0
0.1	0
0.15	10
0.2	10
0.25	15
0.3	15
0.35	22
0.4	22
0.45	33
0.5	33
0.55	49
0.6	49
0.65	73
0.7	73
0.75	109
0.8	109
0.85	163
0.9	163
0.95	244
1	244
1.05	366
1.1	366
1.15	549
1.2	549
1.25	778
1.3	765
1.35	765
1.4	766
1.45	766
1.5	767
1.55	767
1.6	768
1.65	768
1.7	769
1.75	769
1.8	770
1.85	770
1.9	771
1.95	771
2	772
2.05	772
2.1	773
2.15	773
2.2	774
2.25	774
2.3	775
2.35	775
2.4	776
2.45	776
2.5	777
2.55	777
2.6	778
2.65	778
2.7	779
2.75	779
2.8	780
2.85	780
2.9	781
2.95	781
3	782
3.05	782
3.1	783
3.15	783
3.2	784
3.25	784
3.3	785
3.35	785
3.4	786
3.45	786
3.5	787
3.55	787
3.6	788
3.65	788
3.7	789
3.75	789
3.8	790
3.85	790
3.9	791
3.95	791
4	792
4.05	792
4.1	793
4.15	793
4.2	794
4.25	794
4.3	795
4.35	795
4.4	796
4.45	796
4.5	797
4.55	797
4.6	798
4.65	798
4.7	799
4.75	799
4.8	800
4.85	800
4.9	801
4.95	801
5	802
5.05	802
5.1	803
5.15	803
5.2	804
5.25	804
5.3	805
5.35	805
5.4	806
5.45	806
5.5	807
5.55	807
5.6	808
5.65	808
5.7	809
5.75	809
5.8	810
5.85	810
5.9	811
5.95	811
6	812
6.05	812
6.1	813
6.15	813
6.2	814
6.25	814
6.3	815
6.35	815
6.4	816
6.45	816
6.5	817
6.55	817
6.6	818
6.65	818
6.7	819
6.75	819
6.8	820
6.85	820
6.9	821
6.95	821
7	822
7.05	822
7.1	823
7.15	823
7.2	824
7.25	824
7.3	825
7.35	825
7.4	826
7.45	826
7.5	827
7.55	827
7.6	828
7.65	828
7.7	829
7.75	829
7.8	830
7.85	830
7.9	831
7.95	831
8	832
8.05	832
8.1	833
8.15	833
8.2	834
8.25	834
8.3	835
8.35	835
8.4	836
8.45	836
8.5	837
8.55	837
8.6	838
8.65	838
8.7	839
8.75	839
8.8	840
8.85	840
8.9	841
8.95	841
9	842
9.05	842
9.1	843
9.15	843
9.2	844
9.25	844
9.3	845
9.35	845
9.4	846
9.45	846
9.5	847
9.55	847
9.6	848
9.65	848
9.7	849
9.75	849
9.8	850
9.85	850
9.9	851
9.95	851
10	852
10.05	852
10.1	853
10.15	853
10.2	854
10.25	854
10.3	855
10.35	855
10.4	856
10.45	856
10.5	857
10.55	857
10.6	858
10.65	858
10.7	859
10.75	859
10.8	860
10.85	860
10.9	861
10.95	861
11	862
11.05	862
11.1	863
11.15	863
11.2	864
11.25	864
11.3	865
11.35	865
11.4	866
11.45	866
11.5	867
11.55	867
11.6	868
11.65	868
11.7	869
11.75	869
11.8	870
11.85	870
11.9	871
11.95	871
12	872
12.05	872
12.1	873
12.15	873
12.2	874
12.25	874
12.3	875
12.35	875
12.4	876
12.45	876
12.5	877
12.55	877
12.6	878
12.65	878
12.7	879
12.75	879
12.8	880
12.85	880
12.9	881
12.95	881
13	882
13.05	882
13.1	883
13.15	883
13.2	884
13.25	884
13.3	885
13.35	885
13.4	886
13.45	886
13.5	887
13.55	887
13.6	888
13.65	888
13.7	889
13.75	889
13.8	890
13.85	890
13.9	891
13.95	891
14	892
14.05	892
14.1	893
14.15	893
14.2	894
14.25	894
14.3	895
14.35	895
14.4	896
14.45	896
14.5	897
14.55	897
14.6	898
14.65	898
14.7	899
14.75	899
14.8	900
14.85	900
14.9	901
14.95	901
15	902
15.05	902
15.1	903
15.15	903
15.2	904
15.25	904
15.3	905
15.35	905
15.4	906
15.45	906
15.5	907
15.55	907
15.6	908
15.65	908
15.7	909
15.75	909
15.8	910
15.85	910
15.9	911
15.95	911
16	912
16.05	912
16.1	913
16.15	913
16.2	914
16.25	914
16.3	915
16.35	915
16.4	916
16.45	916
16.5	917
16.55	917
16.6	918
16.65	918
16.7	919
16.75	919
16.8	920
16.85	920
16.9	921
16.95	921
17	922
17.05	922
17.1	923
17.15	923
17.2	924
17.25	924
17.3	925
17.35	925
17.4	926
17.45	926
17.5	927
17.55	927
17.6	928
17.65	928
17.7	929
17.75	929
17.8	930
17.85	930
17.9	931
17.95	931
18	932
18.05	932
18.1	933
18.15	933
18.2	934
18.25	934
18.3	935
18.35	935
18.4	936
18.45	936
18.5	937
18.55	937
18.6	938
18.65	938
18.7	939
18.75	939
18.8	940
18.85	940
18.9	941
18.95	941
19	942
19.05	942
19.1	943
19.15	943
19.2	944
19.25	944
19.3	945
19.35	945
19.4	946
19.45	946
19.5	947
19.55	947
19.6	948
19.65	948
19.7	949
19.75	949
19.8	950
19.85	950
19.9	951
19.95	951
20	952
20.05	952
20.1	953
20.15	953
20.2	954
20.25	954
20.3	955
20.35	955
20.4	956
20.45	956
20.5	957
20.55	957
20.6	958
20.65	958
20.7	959
20.75	959
20.8	960
20.85	960
20.9	961
20.95	961
21	962
21.05	962
21.1	963
21.15	963
21.2	964
21.25	964
21.3	965
21.35	965
21.4	966
21.45	966
21.5	966
21.55	967
21.6	967
21.65	968
21.7	968
21.75	969
21.8	969
21.85	970
21.9	970
21.95	970
22	970
22.05	970
22.1	970
22.15	970
22.2	970
22.25	970
22.3	970
22.35	970
22.4	970
22.45	970
22.5	970
22.55	970
22.6	970
22.65	970
22.7	970
22.75	970
22.8	970
22.85	970
22.9	970
22.95	970
23	970
23.05	970
23.1	970
23.15	970
23.2	970
23.25	970
23.3	970
23.35	970
23.4	970
23.45	970
23.5	970
23.55	970
23.6	970
23.65	970
23.7	970
23.75	970
23.8	970
23.85	970
23.9	970
23.95	970
24	970
24.05	970
24.1	970
24.15	970
24.2	970
24.25	970
24.3	970
24.35	970
24.4	970
24.45	970
24.5	970
24.55	970
24.6	970
24.65	970
24.7	970
24.75	970
24.8	970
24.85	970
24.9	970
24.95	970
25	970
25.05	970
25.1	970
25.15	970
25.2	970
25.25	970
25.3	970
25.35	970
25.4	970
25.45	970
25.5	970
25.55	970
25.6	970
25.65	970
25.7	970
25.75	970
25.8	970
25.85	970
25.9	970
25.95	970
26	970
26.05	970
26.1	970
26.15	970
26.2	970
26.25	970
26.3	970
26.35	970
26.4	970
26.45	970
26.5	970
26.55	970
26.6	970
26.65	970
26.7	970
26.75	970
26.8	970
26.85	970
26.9	970
26.95	970
27	970
27.05	970
27.1	970
27.15	970
27.2	970
27.25	970
27.3	970
27.35	970
27.4	970
27.45	970
27.5	970
27.55	970
27.6	970
27.65	970
27.7	970
27.75	970
27.8	970
27.85	970
27.9	970
27.95	970
28	970
28.05	970
28.1	970
28.15	970
28.2	970
28.25	970
28.3	970
28.35	970
28.4	970
28.45	970
28.5	970
28.55	970
28.6	970
28.65	970
28.7	970
28.75	970
28.8	970
28.85	970
28.9	970
28.95	970
29	970
29.05	970
29.1	970
29.15	970
29.2	970
29.25	970
29.3	970
29.35	970
29.4	970
29.45	970
29.5	970
29.55	970
29.6	970
29.65	970
29.7	970
29.75	970
29.8	970
29.85	970
29.9	970
29.95	970
30	970
30.05	970
30.1	970
30.15	970
30.2	970
30.25	970
30.3	970
30.35	970
30.4	970
30.45	970
30.5	970
30.55	970
30.6	970
30.65	970
30.7	970
30.75	970
30.8	970
30.85	970
30.9	970
30.95	970
31	970
31.05	970
31.1	970
31.15	970
31.2	970
31.25	970
31.3	970
31.35	970
31.4	970
31.45	970
31.5	970
31.55	970
31.6	970
31.65	970
31.7	970
31.75	970
31.8	970
31.85	970
31.9	970
31.95	970
32	970
32.05	970
32.1	970
32.15	970
32.2	970
32.25	970
32.3	970
32.35	970
32.4	970
32.45	970
32.5	970
32.55	970
32.6	970
32.65	970
32.7	970
32.75	970
32.8	970
32.85	970
32.9	970
32.95	970
33	970
33.05	970
33.1	970
33.15	970
33.2	970
33.25	970
33.3	970
33.35	970
33.4	970
33.45	970
33.5	970
33.55	970
33.6	970
33.65	970
33.7	970
33.75	970
33.8	970
33.85	970
33.9	970
33.95	970
34	970
34.05	970
34.1	970
34.15	970
34.2	970
34.25	970
34.3	970
34.35	970
34.4	970
34.45	970
34.5	970
34.55	970
34.6	970
34.65	970
34.7	970
34.75	970
34.8	970
34.85	970
34.9	970
34.95	970
35	970
35.05	970
35.1	970
35.15	970
35.2	970
35.25	970
35.3	970
35.35	970
35.4	970
35.45	970
35.5	970
35.55	970
35.6	970
35.65	970
35.7	970
35.75	970
35.8	970
35.85	970
35.9	970
35.95	970
36	970
36.05	970
36.1	970
36.15	970
36.2	970
36.25	970
36.3	970
36.35	970
36.4	970
36.45	970
36.5	970
36.55	970
36.6	970
36.65	970
36.7	970
36.75	970
36.8	970
36.85	970
36.9	970
36.95	970
37	970
37.05	970
37.1	970
37.15	970
37.2	970
37.25	970
37.3	970
37.35	970
37.4	970
37.45	970
37.5	970
37.55	970
37.6	970
37.65	970
37.7	970
37.75	970
37.8	970
37.85	970
37.9	970
37.95	970
38	970
38.05	970
38.1	970
38.15	970
38.2	970
38.25	970
38.3	970
38.35	970
38.4	970
38.45	970
38.5	970
38.55	970
38.6	970
38.65	970
38.7	970
38.75	970
38.8	970
38.85	970
38.9	970
38.95	970
39	970
39.05	970
39.1	970
39.15	970
39.2	970
39.25	970
39.3	970
39.35	970
39.4	970
39.45	970
39.5	970
39.55	970
39.6	970
39.65	970
39.7	970
39.75	970
39.8	970
39.85	970
39.9	970
39.95	970
40	970
40.05	970
40.1	970
40.15	970
40.2	970
40.25	970
40.3	970
40.35	970
40.4	970
40.45	970
40.5	970
40.55	970
40.6	970
40.65	970
40.7	970
40.75	970
40.8	970
40.85	970
40.9	970
40.95	970
41	970
41.05	970
41.1	970
41.15	970
41.2	970
41.25	970
41.3	970
41.35	970
41.4	970
41.45	970
41.5	970
41.55	970
41.6	970
41.65	970
41.7	970
41.75	970
41.8	970
41.85	970
41.9	970
41.95	970
42	970
42.05	970
42.1	970
42.15	970
42.2	970
42.25	970
42.3	970
42.35	970
42.4	970
42.45	970
42.5	970
42.55	970
42.6	970
42.65	970
42.7	970
42.75	970
42.8	970
42.85	970
42.9	970
42.95	970
43	970
43.05	970
43.1	970
43.15	970
43.2	970
43.25	970
43.3	970
43.35	970
43.4	970
43.45	970
43.5	970
43.55	970
43.6	970
43.65	970
43.7	970
43.75	970
43.8	970
43.85	970
43.9	970
43.95	970
44	970
44.05	970
44.1	970
44.15	970
44.2	970
44.25	970
44.3	970
44.35	970
44.4	970
44.45	970
44.5	970
44.55	970
44.6	970
44.65	970
44.7	970
44.75	970
44.8	970
44.85	970
44.9	970
44.95	970
45	970
45.05	970
45.1	970
45.15	970
45.2	970
45.25	970
45.3	970
45.35	970
45.4	970
45.45	970
45.5	970
45.55	970
45.6	970
45.65	970
45.7	970
45.75	970
45.8	970
45.85	970
45.9	970
45.95	970
46	970
46.05	970
46.1	970
46.15	970
46.2	970
46.25	970
46.3	970
46.35	970
46.4	970
46.45	970
46.5	970
46.55	970
46.6	970
46.65	970
46.7	970
46.75	970
46.8	970
46.85	970
46.9	970
46.95	970
47	970
47.05	970
47.1	970
47.15	970
47.2	970
47.25	970
47.3	970
47.35	970
47.4	970
47.45	970
47.5	970
47.55	970
47.6	970
47.65	970
47.7	970
47.75	970
47.8	970
47.85	970
47.9	970
47.95	970
48	970
48.05	970
48.1	970
48.15	970
48.2	970
48.25	970
48.3	970
48.35	970
48.4	970
48.45	970
48.5	970
48.55	970
48.6	970
48.65	970
48.7	970
48.75	970
48.8	970
48.85	970
48.9	970
48.95	970
49	970
49.05	970
49.1	970
49.15	970
49.2	970
49.25	970
49.3	970
49.35	970
49.4	970
49.45	970
49.5	970
49.55	970
49.6	970
49.65	970
49.7	970
49.75	970
49.8	970
49.85	970
49.9	970
49.95	970
50	970
50.05	970
50.1	970
50.15	970
50.2	970
50.25	970
50.3	970
50.35	970
50.4	970
50.45	970
50.5	970
50.55	970
50.6	970
50.65	970
50.7	970
50.75	970
50.8	970
50.85	970
50.9	970
50.95	970
51	970
51.05	970
51.1	970
51.15	970
51.2	970
51.25	970
51.3	970
51.35	970
51.4	970
51.45	970
51.5	970
51.55	970
51.6	970
51.65	970
51.7	970
51.75	970
51.8	970
51.85	970
51.9	970
51.95	970
52	970
52.05	970
52.1	970
52.15	970
52.2	970
52.25	970
52.3	970
52.35	970
52.4	970
52.45	970
52.5	970
52.55	970
52.6	970
52.65	970
52.7	970
52.75	970
52.8	970
52.85	970
52.9	970
52.95	970
53	970
53.05	970
53.1	970
53.15	970
53.2	970
53.25	970
53.3	970
53.35	970
53.4	970
53.45	970
53.5	970
53.55	970
53.6	970
53.65	970
53.7	970
53.75	970
53.8	970
53.85	970
53.9	970
53.95	970
54	970
54.05	970
54.1	970
54.15	970
54.2	970
54.25	970
54.3	970
54.35	970
54.4	970
54.45	970
54.5	970
54.55	970
54.6	970
54.65	970
54.7	970
54.75	970
54.8	970
54.85	970
54.9	970
54.95	970
55	970
55.05	970
55.1	970
55.15	970
55.2	970
55.25	970
55.3	970
55.35	970
55.4	970
55.45	970
55.5	970
55.55	970
55.6	970
55.65	970
55.7	970
55.75	970
55.8	970
55.85	970
55.9	970
55.95	970
56	970
56.05	970
56.1	970
56.15	970
56.2	970
56.25	970
56.3	970
56.35	970
56.4	970
56.45	970
56.5	970
56.55	970
56.6	970
56.65	970
56.7	970
56.75	970
56.8	970
56.85	970
56.9	970
56.95	970
57	970
57.05	970
57.1	970
57.15	970
57.2	970
57.25	970
57.3	970
57.35	970
57.4	970
57.45	970
57.5	970
57.55	970
57.6	970
57.65	970
57.7	970
57.75	970
57.8	970
57.85	970
57.9	970
57.95	970
58	970
58.05	970
58.1	970
58.15	970
58.2	970
58.25	970
58.3	970
58.35	970
58.4	970
58.45	970
58.5	970
58.55	970
58.6	970
58.65	970
58.7	970
58.75	970
58.8	970
58.85	970
58.9	970
58.95	970
59	970
59.05	970
59.1	970
59.15	970
59.2	970
59.25	970
59.3	970
59.35	970
59.4	970
59.45	970
59.5	970
59.55	970
59.6	970
59.65	970
59.7	970
59.75	970
59.8	970
59.85	970
59.9	970
59.95	970
60	970
60.05	970
60.1	970
60.15	970
60.2	970
60.25	970
60.3	970
60.35	970
60.4	970
60.45	970
60.5	970
60.55	970
60.6	970
60.65	970
60.7	970
60.75	970
60.8	970
60.85	970
60.9	970
60.95	970
61	970
61.05	970
61.1	970
61.15	970
61.2	970
61.25	970
61.3	970
61.35	970
61.4	970
61.45	970
61.5	970
61.55	970
61.6	970
61.65	970
61.7	970
61.75	970
61.8	970
61.85	970
61.9	970
61.95	970
62	970
62.05	970
62.1	970
62.15	970
62.2	970
62.25	970
62.3	970
62.35	970
62.4	970
62.45	970
62.5	970
62.55	970
62.6	970
62.65	970
62.7	970
62.75	970
62.8	970
62.85	970
62.9	970
62.95	970
63	970
63.05	970
63.1	970
63.15	970
63.2	970
63.25	970
63.3	970
63.35	970
63.4	970
63.45	970
63.5	970
63.55	970
63.6	970
63.65	970
63.7	970
63.75	970
63.8	970
63.85	970
63.9	970
63.95	970
64	970
64.05	970
64.1	970
64.15	970
64.2	970
64.25	970
64.3	970
64.35	970
64.4	970
64.45	970
64.5	970
64.55	970
64.6	970
64.65	970
64.7	970
64.75	970
64.8	970
64.85	970
64.9	970
64.95	970
65	970
65.05	970
65.1	970
65.15	970
65.2	970
65.25	970
65.3	970
65.35	970
65.4	970
65.45	970
65.5	970
65.55	970
65.6	970
65.65	970
65.7	970
65.75	970
65.8	970
65.85	970
65.9	970
65.95	970
66	970
66.05	970
66.1	970
66.15	970
66.2	970
66.25	970
66.3	970
66.35	970
66.4	970
66.45	970
66.5	970
66.55	970
66.6	970
66.65	970
66.7	970
66.75	970
66.8	970
66.85	970
66.9	970
66.95	970
67	970
67.05	970
67.1	970
67.15	970
67.2	970
67.25	970
67.3	970
67.35	970
67.4	970
67.45	970
67.5	970
67.55	970
67.6	970
67.65	970
67.7	970
67.75	970
67.8	970
67.85	970
67.9	970
67.95	970
68	970
68.05	970
68.1	970
68.15	970
68.2	970
68.25	970
68.3	970
68.35	970
68.4	970
68.45	970
68.5	970
68.55	970
68.6	970
68.65	970
68.7	970
68.75	970
68.8	970
68.85	970
68.9	970
68.95	970
69	970
69.05	970
69.1	970
69.15	970
69.2	970
69.25	970
69.3	970
69.35	970
69.4	970
69.45	970
69.5	970
69.55	970
69.6	970
69.65	970
69.7	970
69.75	970
69.8	970
69.85	970
69.9	970
69.95	970
70	970
70.05	970
70.1	970
70.15	970
70.2	970
70.25	970
70.3	970
70.35	970
70.4	970
70.45	970
70.5	970
70.55	970
70.6	970
70.65	970
70.7	970
70.75	970
70.8	970
70.85	970
70.9	970
70.95	970
71	970
71.05	970
71.1	970
71.15	970
71.2	970
71.25	970
71.3	970
71.35	970
71.4	970
71.45	970
71.5	970
71.55	970
71.6	970
71.65	970
71.7	970
71.75	970
71.8	970
71.85	970
71.9	970
71.95	970
72	970
72.05	970
72.1	970
72.15	970
72.2	970
72.25	970
72.3	970
72.35	970
72.4	970
72.45	970
72.5	970
72.55	970
72.6	970
72.65	970
72.7	970
72.75	970
72.8	970
72.85	970
72.9	970
72.95	970
73	970
73.05	970
73.1	970
73.15	970
73.2	970
73.25	970
73.3	970
73.35	970
73.4	970
73.45	970
73.5	970
73.55	970
73.6	970
73.65	970
73.7	970
73.75	970
73.8	970
73.85	970
73.9	970
73.95	970
74	970
74.05	970
74.1	970
74.15	970
74.2	970
74.25	970
74.3	970
74.35	970
74.4	970
74.45	970
74.5	970
74.55	970
74.6	970
74.65	970
74.7	970
74.75	970
74.8	970
74.85	970
74.9	970
74.95	970
75	970
75.05	970
75.1	970
75.15	970
75.2	970
75.25	970
75.3	970
75.35	970
75.4	970
75.45	970
75.5	970
75.55	970
75.6	970
75.65	970
75.7	970
75.75	970
75.8	970
75.85	970
75.9	970
75.95	970
76	970
76.05	970
76.1	970
76.15	970
76.2	970
76.25	970
76.3	970
76.35	970
76.4	970
76.45	970
76.5	970
76.55	970
76.6	970
76.65	970
76.7	970
76.75	970
76.8	970
76.85	970
76.9	970
76.95	970
77	970
77.05	970
77.1	970
77.15	970
77.2	970
77.25	970
77.3	970
77.35	970
77.4	970
77.45	970
77.5	970
77.55	970
77.6	970
77.65	970
77.7	970
77.75	970
77.8	970
77.85	970
77.9	970
77.95	970
78	970
78.05	970
78.1	970
78.15	970
78.2	970
78.25	970
78.3	970
78.35	970
78.4	970
78.45	970
78.5	970
78.55	970
78.6	970
78.65	970
78.7	970
78.75	970
78.8	970
78.85	970
78.9	970
78.95	970
79	970
79.05	970
79.1	970
79.15	970
79.2	970
79.25	970
79.3	970
79.35	970
79.4	970
79.45	970
79.5	970
79.55	970
79.6	970
79.65	970
79.7	970
79.75	970
79.8	970
79.85	970
79.9	970
79.95	970
80	970
80.05	970
80.1	970
80.15	970
80.2	970
80.25	970
80.3	970
80.35	970
80.4	970
80.45	969
80.5	969
80.55	969
80.6	969
80.65	968
80.7	968
80.75	968
80.8	968
80.85	967
80.9	967
80.95	967
81	967
81.05	966
81.1	966
81.15	966
81.2	966
81.25	966
81.3	965
81.35	965
81.4	965
81.45	965
81.5	964
81.55	964
81.6	964
81.65	964
81.7	963
81.75	963
81.8	963
81.85	963
81.9	962
81.95	962
82	962
82.05	962
82.1	961
82.15	961
82.2	961
82.25	961
82.3	960
82.35	960
82.4	960
82.45	960
82.5	959
82.55	959
82.6	959
82.65	959
82.7	958
82.75	958
82.8	958
82.85	958
82.9	957
82.95	957
83	957
83.05	957
83.1	956
83.15	956
83.2	956
83.25	956
83.3	955
83.35	955
83.4	955
83.45	955
83.5	954
83.55	954
83.6	954
83.65	954
83.7	953
83.75	953
83.8	953
83.85	953
83.9	952
83.95	952
84	952
84.05	952
84.1	951
84.15	951
84.2	951
84.25	951
84.3	950
84.35	950
84.4	950
84.45	950
84.5	949
84.55	949
84.6	949
84.65	949
84.7	948
84.75	948
84.8	948
84.85	948
84.9	947
84.95	947
85	947
85.05	947
85.1	946
85.15	946
85.2	946
85.25	946
85.3	945
85.35	945
85.4	945
85.45	945
85.5	944
85.55	944
85.6	944
85.65	944
85.7	943
85.75	943
85.8	943
85.85	943
85.9	942
85.95	942
86	942
86.05	942
86.1	941
86.15	941
86.2	941
86.25	941
86.3	940
86.35	940
86.4	940
86.45	940
86.5	939
86.55	939
86.6	939
86.65	939
86.7	938
86.75	938
86.8	938
86.85	938
86.9	937
86.95	937
87	937
87.05	937
87.1	936
87.15	936
87.2	936
87.25	936
87.3	935
87.35	935
87.4	935
87.45	935
87.5	934
87.55	934
87.6	934
87.65	934
87.7	933
87.75	933
87.8	933
87.85	932
87.9	932
87.95	932
88	932
88.05	931
88.1	931
88.15	931
88.2	931
88.25	930
88.3	930
88.35	930
88.4	930
88.45	929
88.5	929
88.55	929
88.6	929
88.65	928
88.7	928
88.75	928
88.8	928
88.85	927
88.9	927
88.95	927
89	927
89.05	926
89.1	926
89.15	926
89.2	926
89.25	925
89.3	925
89.35	925
89.4	925
89.45	924
89.5	924
89.55	924
89.6	924
89.65	923
89.7	923
89.75	923
89.8	923
89.85	922
89.9	922
89.95	922
90	921
90.05	921
90.1	921
90.15	921
90.2	920
90.25	920
90.3	920
90.35	920
90.4	919
90.45	919
90.5	919
90.55	919
90.6	918
90.65	918
90.7	918
90.75	918
90.8	917
90.85	917
90.9	917
90.95	917
91	916
91.05	916
91.1	916
91.15	916
91.2	915
91.25	915
91.3	915
91.35	915
91.4	914
91.45	914
91.5	914
91.55	913
91.6	913
91.65	913
91.7	913
91.75	912
91.8	912
91.85	912
91.9	912
91.95	911
92	911
92.05	911
92.1	911
92.15	910
92.2	910
92.25	910
92.3	910
92.35	909
92.4	909
92.45	909
92.5	909
92.55	908
92.6	908
92.65	908
92.7	907
92.75	907
92.8	907
92.85	907
92.9	906
92.95	906
93	906
93.05	906
93.1	905
93.15	905
93.2	905
93.25	905
93.3	904
93.35	904
93.4	904
93.45	904
93.5	903
93.55	903
93.6	903
93.65	902
93.7	902
93.75	902
93.8	902
93.85	901
93.9	901
93.95	901
94	901
94.05	900
94.1	900
94.15	900
94.2	900
94.25	899
94.3	899
94.35	899
94.4	899
94.45	898
94.5	898
94.55	898
94.6	897
94.65	897
94.7	897
94.75	897
94.8	896
94.85	896
94.9	896
94.95	896
95	895
95.05	895
95.1	895
95.15	895
95.2	894
95.25	894
95.3	894
95.35	894
95.4	893
95.45	893
95.5	893
95.55	892
95.6	892
95.65	892
95.7	892
95.75	891
95.8	891
95.85	891
95.9	891
95.95	890
96	890
96.05	890
96.1	890
96.15	889
96.2	889
96.25	889
96.3	888
96.35	888
96.4	888
96.45	888
96.5	887
96.55	887
96.6	887
96.65	887
96.7	886
96.75	886
96.8	886
96.85	886
96.9	885
96.95	885
97	885
97.05	884
97.1	884
97.15	884
97.2	884
97.25	883
97.3	883
97.35	883
97.4	883
97.45	882
97.5	882
97.55	882
97.6	881
97.65	881
97.7	881
97.75	881
97.8	880
97.85	880
97.9	880
97.95	880
98	879
98.05	879
98.1	879
98.15	879
98.2	878
98.25	878
98.3	878
98.35	877
98.4	877
98.45	877
98.5	877
98.55	876
98.6	876
98.65	876
98.7	876
98.75	875
98.8	875
98.85	875
98.9	874
98.95	874
99	874
99.05	874
99.1	873
99.15	873
99.2	873
99.25	873
99.3	872
99.35	872
99.4	872
99.45	871
99.5	871
99.55	871
99.6	871
99.65	870
99.7	870
99.75	870
99.8	870
99.85	869
99.9	869
99.95	869
100	868
100.05	868
100.1	868
100.15	868
100.2	867
100.25	867
100.3	867
100.35	867
100.4	866
100.45	866
100.5	866
100.55	865
100.6	865
100.65	865
100.7	865
100.75	864
100.8	864
100.85	864
100.9	864
100.95	863
101	863
101.05	863
101.1	862
101.15	862
101.2	862
101.25	862
101.3	861
101.35	861
101.4	861
101.45	860
101.5	860
101.55	860
101.6	860
101.65	859
101.7	859
101.75	859
101.8	859
101.85	858
101.9	858
101.95	858
102	857
102.05	857
102.1	857
102.15	857
102.2	856
102.25	856
102.3	856
102.35	856
102.4	855
102.45	855
102.5	855
102.55	854
102.6	854
102.65	854
102.7	854
102.75	853
102.8	853
102.85	853
102.9	852
102.95	852
103	852
103.05	852
103.1	851
103.15	851
103.2	851
103.25	851
103.3	850
103.35	850
103.4	850
103.45	849
103.5	849
103.55	849
103.6	849
103.65	848
103.7	848
103.75	848
103.8	847
103.85	847
103.9	847
103.95	847
104	846
104.05	846
104.1	846
104.15	845
104.2	845
104.25	845
104.3	845
104.35	844
104.4	844
104.45	844
104.5	844
104.55	843
104.6	843
104.65	843
104.7	842
104.75	842
104.8	842
104.85	842
104.9	841
104.95	841
105	841
105.05	840
105.1	840
105.15	840
105.2	840
105.25	839
105.3	839
105.35	839
105.4	838
105.45	838
105.5	838
105.55	838
105.6	837
105.65	837
105.7	837
105.75	836
105.8	836
105.85	836
105.9	836
105.95	835
106	835
106.05	835
106.1	834
106.15	834
106.2	834
106.25	834
106.3	833
106.35	833
106.4	833
106.45	832
106.5	832
106.55	832
106.6	832
106.65	831
106.7	831
106.75	831
106.8	830
106.85	830
106.9	830
106.95	830
107	829
107.05	829
107.1	829
107.15	828
107.2	828
107.25	828
107.3	828
107.35	827
107.4	827
107.45	827
107.5	826
107.55	826
107.6	826
107.65	826
107.7	825
107.75	825
107.8	825
107.85	824
107.9	824
107.95	824
108	824
108.05	823
108.1	823
108.15	823
108.2	822
108.25	822
108.3	822
108.35	822
108.4	821
108.45	821
108.5	821
108.55	820
108.6	820
108.65	820
108.7	820
108.75	819
108.8	819
108.85	819
108.9	818
108.95	818
109	818
109.05	817
109.1	817
109.15	817
109.2	817
109.25	816
109.3	816
109.35	816
109.4	815
109.45	815
109.5	815
109.55	815
109.6	814
109.65	814
109.7	814
109.75	813
109.8	813
109.85	813
109.9	813
109.95	812
110	812
110.05	812
110.1	811
110.15	811
110.2	811
110.25	811
110.3	810
110.35	810
110.4	810
110.45	809
110.5	809
110.55	809
110.6	808
110.65	808
110.7	808
110.75	808
110.8	807
110.85	807
110.9	807
110.95	806
111	806
111.05	806
111.1	806
111.15	805
111.2	805
111.25	805
111.3	804
111.35	804
111.4	804
111.45	803
111.5	803
111.55	803
111.6	803
111.65	802
111.7	802
111.75	802
111.8	801
111.85	801
111.9	801
111.95	800
112	800
112.05	800
112.1	800
112.15	799
112.2	799
112.25	799
112.3	798
112.35	798
112.4	798
112.45	798
112.5	797
112.55	797
112.6	797
112.65	796
112.7	796
112.75	796
112.8	795
112.85	795
112.9	795
112.95	795
113	794
113.05	794
113.1	794
113.15	793
113.2	793
113.25	793
113.3	792
113.35	792
113.4	792
113.45	792
113.5	791
113.55	791
113.6	791
113.65	790
113.7	790
113.75	790
113.8	789
113.85	789
113.9	789
113.95	789
114	788
114.05	788
114.1	788
114.15	787
114.2	787
114.25	787
114.3	786
114.35	786
114.4	786
114.45	786
114.5	785
114.55	785
114.6	785
114.65	784
114.7	784
114.75	784
114.8	783
114.85	783
114.9	783
114.95	782
115	782
115.05	782
115.1	782
115.15	781
115.2	781
115.25	781
115.3	780
115.35	780
115.4	780
115.45	779
115.5	779
115.55	779
115.6	779
115.65	778
115.7	778
115.75	778
115.8	777
115.85	777
115.9	777
115.95	776
116	776
116.05	776
116.1	775
116.15	775
116.2	775
116.25	775
116.3	774
116.35	774
116.4	774
116.45	773
116.5	773
116.55	773
116.6	772
116.65	772
116.7	772
116.75	771
116.8	771
116.85	771
116.9	771
116.95	770
117	770
117.05	770
117.1	769
117.15	769
117.2	769
117.25	768
117.3	768
117.35	768
117.4	767
117.45	767
117.5	767
117.55	767
117.6	766
117.65	766
117.7	766
117.75	765
117.8	765
117.85	765
117.9	764
117.95	764
118	764
118.05	763
118.1	763
118.15	763
118.2	763
118.25	762
118.3	762
118.35	762
118.4	761
118.45	761
118.5	761
118.55	760
118.6	760
118.65	760
118.7	759
118.75	759
118.8	759
118.85	758
118.9	758
118.95	758
119	758
119.05	757
119.1	757
119.15	757
119.2	756
119.25	756
119.3	756
119.35	755
119.4	755
119.45	755
119.5	754
119.55	754
119.6	754
119.65	753
119.7	753
119.75	753
119.8	752
119.85	752
119.9	752
119.95	752
120	751
120.05	751
120.1	751
120.15	750
120.2	750
120.25	750
120.3	749
120.35	749
120.4	749
120.45	748
120.5	748
120.55	748
120.6	747
120.65	747
120.7	747
120.75	746
120.8	746
120.85	746
120.9	746
120.95	745
121	745
121.05	745
121.1	744
121.15	744
121.2	744
121.25	743
121.3	743
121.35	743
121.4	742
121.45	742
121.5	742
121.55	741
121.6	741
121.65	741
121.7	740
121.75	740
121.8	740
121.85	739
121.9	739
121.95	739
122	738
122.05	738
122.1	738
122.15	738
122.2	737
122.25	737
122.3	737
122.35	736
122.4	736
122.45	736
122.5	735
122.55	735
122.6	735
122.65	734
122.7	734
122.75	734
122.8	733
122.85	733
122.9	733
122.95	732
123	732
123.05	732
123.1	731
123.15	731
123.2	731
123.25	730
123.3	730
123.35	730
123.4	729
123.45	729
123.5	729
123.55	728
123.6	728
123.65	728
123.7	727
123.75	727
123.8	727
123.85	726
123.9	726
123.95	726
124	726
124.05	725
124.1	725
124.15	725
124.2	724
124.25	724
124.3	724
124.35	723
124.4	723
124.45	723
124.5	722
124.55	722
124.6	722
124.65	721
124.7	721
124.75	721
124.8	720
124.85	720
124.9	720
124.95	719
125	719
125.05	719
125.1	718
125.15	718
125.2	718
125.25	717
125.3	717
125.35	717
125.4	716
125.45	716
125.5	716
125.55	715
125.6	715
125.65	715
125.7	714
125.75	714
125.8	714
125.85	713
125.9	713
125.95	713
126	712
126.05	712
126.1	712
126.15	711
126.2	711
126.25	711
126.3	710
126.35	710
126.4	710
126.45	709
126.5	709
126.55	709
126.6	708
126.65	708
126.7	708
126.75	707
126.8	707
126.85	707
126.9	706
126.95	706
127	706
127.05	705
127.1	705
127.15	705
127.2	704
127.25	704
127.3	704
127.35	703
127.4	703
127.45	703
127.5	702
127.55	702
127.6	702
127.65	701
127.7	701
127.75	701
127.8	700
127.85	700
127.9	700
127.95	699
128	699
128.05	699
128.1	698
128.15	698
128.2	697
128.25	697
128.3	697
128.35	696
128.4	696
128.45	696
128.5	695
128.55	695
128.6	695
128.65	694
128.7	694
128.75	694
128.8	693
128.85	693
128.9	693
128.95	692
129	692
129.05	692
129.1	691
129.15	691
129.2	691
129.25	690
129.3	690
129.35	690
129.4	689
129.45	689
129.5	689
129.55	688
129.6	688
129.65	688
129.7	687
129.75	687
129.8	687
129.85	686
129.9	686
129.95	685
130	685
130.05	685
130.1	684
130.15	684
130.2	684
130.25	683
130.3	683
130.35	683
130.4	682
130.45	682
130.5	682
130.55	681
130.6	681
130.65	681
130.7	680
130.75	680
130.8	680
130.85	679
130.9	679
130.95	679
131	678
131.05	678
131.1	677
131.15	677
131.2	677
131.25	676
131.3	676
131.35	676
131.4	675
131.45	675
131.5	675
131.55	674
131.6	674
131.65	674
131.7	673
131.75	673
131.8	673
131.85	672
131.9	672
131.95	671
132	671
132.05	671
132.1	670
132.15	670
132.2	670
132.25	669
132.3	669
132.35	669
132.4	668
132.45	668
132.5	668
132.55	667
132.6	667
132.65	667
132.7	666
132.75	666
132.8	665
132.85	665
132.9	665
132.95	664
133	664
133.05	664
133.1	663
133.15	663
133.2	663
133.25	662
133.3	662
133.35	662
133.4	661
133.45	661
133.5	660
133.55	660
133.6	660
133.65	659
133.7	659
133.75	659
133.8	658
133.85	658
133.9	658
133.95	657
134	657
134.05	656
134.1	656
134.15	656
134.2	655
134.25	655
134.3	655
134.35	654
134.4	654
134.45	654
134.5	653
134.55	653
134.6	652
134.65	652
134.7	652
134.75	651
134.8	651
134.85	651
134.9	650
134.95	650
135	650
135.05	649
135.1	649
135.15	648
135.2	648
135.25	648
135.3	647
135.35	647
135.4	647
135.45	646
135.5	646
135.55	646
135.6	645
135.65	645
135.7	644
135.75	644
135.8	644
135.85	643
135.9	643
135.95	643
136	642
136.05	642
136.1	641
136.15	641
136.2	641
136.25	640
136.3	640
136.35	640
136.4	639
136.45	639
136.5	639
136.55	638
136.6	638
136.65	637
136.7	637
136.75	637
136.8	636
136.85	636
136.9	636
136.95	635
137	635
137.05	634
137.1	634
137.15	634
137.2	633
137.25	633
137.3	633
137.35	632
137.4	632
137.45	631
137.5	631
137.55	631
137.6	630
137.65	630
137.7	630
137.75	629
137.8	629
137.85	628
137.9	628
137.95	628
138	627
138.05	627
138.1	626
138.15	626
138.2	626
138.25	625
138.3	625
138.35	625
138.4	624
138.45	624
138.5	623
138.55	623
138.6	623
138.65	622
138.7	622
138.75	622
138.8	621
138.85	621
138.9	620
138.95	620
139	620
139.05	619
139.1	619
139.15	618
139.2	618
139.25	618
139.3	617
139.35	617
139.4	617
139.45	616
139.5	616
139.55	615
139.6	615
139.65	615
139.7	614
139.75	614
139.8	613
139.85	613
139.9	613
139.95	612
140	612
140.05	612
140.1	611
140.15	611
140.2	610
140.25	610
140.3	610
140.35	609
140.4	609
140.45	608
140.5	608
140.55	608
140.6	607
140.65	607
140.7	606
140.75	606
140.8	606
140.85	605
140.9	605
140.95	605
141	604
141.05	604
141.1	603
141.15	603
141.2	603
141.25	602
141.3	602
141.35	601
141.4	601
141.45	601
141.5	600
141.55	600
141.6	599
141.65	599
141.7	599
141.75	598
141.8	598
141.85	597
141.9	597
141.95	597
142	596
142.05	596
142.1	595
142.15	595
142.2	595
142.25	594
142.3	594
142.35	593
142.4	593
142.45	593
142.5	592
142.55	592
142.6	591
142.65	591
142.7	591
142.75	590
142.8	590
142.85	589
142.9	589
142.95	589
143	588
143.05	588
143.1	587
143.15	587
143.2	587
143.25	586
143.3	586
143.35	585
143.4	585
143.45	585
143.5	584
143.55	584
143.6	583
143.65	583
143.7	583
143.75	582
143.8	582
143.85	581
143.9	581
143.95	580
144	580
144.05	580
144.1	579
144.15	579
144.2	578
144.25	578
144.3	578
144.35	577
144.4	577
144.45	576
144.5	576
144.55	576
144.6	575
144.65	575
144.7	574
144.75	574
144.8	573
144.85	573
144.9	573
144.95	572
145	572
145.05	571
145.1	571
145.15	571
145.2	570
145.25	570
145.3	569
145.35	569
145.4	568
145.45	568
145.5	568
145.55	567
145.6	567
145.65	566
145.7	566
145.75	566
145.8	565
145.85	565
145.9	564
145.95	564
146	563
146.05	563
146.1	563
146.15	562
146.2	562
146.25	561
146.3	561
146.35	560
146.4	560
146.45	560
146.5	559
146.55	559
146.6	558
146.65	558
146.7	558
146.75	557
146.8	557
146.85	556
146.9	556
146.95	555
147	555
147.05	555
147.1	554
147.15	554
147.2	553
147.25	553
147.3	552
147.35	552
147.4	552
147.45	551
147.5	551
147.55	550
147.6	550
147.65	549
147.7	549
147.75	549
147.8	548
147.85	548
147.9	547
147.95	547
148	546
148.05	546
148.1	545
148.15	545
148.2	545
148.25	544
148.3	544
148.35	543
148.4	543
148.45	542
148.5	542
148.55	542
148.6	541
148.65	541
148.7	540
148.75	540
148.8	539
148.85	539
148.9	538
148.95	538
149	538
149.05	537
149.1	537
149.15	536
149.2	536
149.25	535
149.3	535
149.35	534
149.4	534
149.45	534
149.5	533
149.55	533
149.6	532
149.65	532
149.7	531
149.75	531
149.8	530
149.85	530
149.9	530
149.95	529
150	529
150.05	528
150.1	528
150.15	527
150.2	527
150.25	526
150.3	526
150.35	526
150.4	525
150.45	525
150.5	524
150.55	524
150.6	523
150.65	523
150.7	522
150.75	522
150.8	521
150.85	521
150.9	521
150.95	520
151	520
151.05	519
151.1	519
151.15	518
151.2	518
151.25	517
151.3	517
151.35	516
151.4	516
151.45	515
151.5	515
151.55	515
151.6	514
151.65	514
151.7	513
151.75	513
151.8	513
151.85	513
151.9	513
151.95	513
152	513
152.05	513
152.1	513
152.15	513
152.2	513
152.25	513
152.3	513
152.35	513
152.4	513
152.45	513
152.5	513
152.55	513
152.6	513
152.65	513
152.7	513
152.75	513
152.8	513
152.85	513
152.9	513
152.95	513
153	513
153.05	513
153.1	513
153.15	513
153.2	513
153.25	513
153.3	513
153.35	513
153.4	513
153.45	513
153.5	513
153.55	513
153.6	513
153.65	513
153.7	513
153.75	513
153.8	513
153.85	513
153.9	513
153.95	513
154	513
154.05	513
154.1	513
154.15	513
154.2	513
154.25	513
154.3	513
154.35	513
154.4	513
154.45	513
154.5	513
154.55	513
154.6	513
154.65	513
154.7	513
154.75	513
154.8	513
154.85	513
154.9	513
154.95	513
155	513
155.05	513
155.1	513
155.15	513
155.2	513
155.25	513
155.3	513
155.35	513
155.4	513
155.45	513
155.5	513
155.55	513
155.6	513
155.65	513
155.7	513
155.75	513
155.8	513
155.85	513
155.9	513
155.95	513
156	513
156.05	513
156.1	513
156.15	513
156.2	513
156.25	513
156.3	513
156.35	513
156.4	513
156.45	513
156.5	513
156.55	513
156.6	513
156.65	513
156.7	513
156.75	513
156.8	513
156.85	513
156.9	513
156.95	513
157	513
157.05	513
157.1	513
157.15	513
157.2	513
157.25	513
157.3	513
157.35	513
157.4	513
157.45	513
157.5	513
157.55	513
157.6	513
157.65	513
157.7	513
157.75	513
157.8	513
157.85	513
157.9	513
157.95	513
158	513
158.05	513
158.1	513
158.15	513
158.2	513
158.25	513
158.3	513
158.35	513
158.4	513
158.45	513
158.5	513
158.55	513
158.6	513
158.65	513
158.7	513
158.75	513
158.8	513
158.85	513
158.9	513
158.95	513
159	513
159.05	513
159.1	513
159.15	513
159.2	513
159.25	513
159.3	513
159.35	513
159.4	513
159.45	513
159.5	513
159.55	513
159.6	513
159.65	513
159.7	513
159.75	513
159.8	513
159.85	513
159.9	513
159.95	513
160	513
160.05	513
160.1	513
160.15	513
160.2	514
160.25	514
160.3	515
160.35	515
160.4	516
160.45	516
160.5	517
160.55	517
160.6	518
160.65	518
160.7	519
160.75	519
160.8	520
160.85	520
160.9	521
160.95	521
161	522
161.05	522
161.1	523
161.15	523
161.2	524
161.25	524
161.3	525
161.35	525
161.4	526
161.45	526
161.5	527
161.55	527
161.6	528
161.65	528
161.7	529
161.75	529
161.8	530
161.85	530
161.9	531
161.95	531
162	532
162.05	532
162.1	533
162.15	533
162.2	534
162.25	534
162.3	535
162.35	535
162.4	536
162.45	536
162.5	537
162.55	537
162.6	538
162.65	538
162.7	539
162.75	539
162.8	540
162.85	540
162.9	541
162.95	541
163	542
163.05	542
163.1	543
163.15	543
163.2	544
163.25	544
163.3	545
163.35	545
163.4	546
163.45	546
163.5	547
163.55	547
163.6	548
163.65	548
163.7	549
163.75	549
163.8	550
163.85	550
163.9	551
163.95	551
164	552
164.05	552
164.1	553
164.15	553
164.2	554
164.25	554
164.3	555
164.35	555
164.4	556
164.45	556
164.5	557
164.55	557
164.6	558
164.65	558
164.7	559
164.75	559
164.8	560
164.85	560
164.9	561
164.95	561
165	562
165.05	562
165.1	563
165.15	563
165.2	564
165.25	564
165.3	565
165.35	565
165.4	566
165.45	566
165.5	567
165.55	567
165.6	568
165.65	568
165.7	569
165.75	569
165.8	570
165.85	570
165.9	571
165.95	571
166	572
166.05	572
166.1	573
166.15	573
166.2	574
166.25	574
166.3	575
166.35	575
166.4	576
166.45	576
166.5	577
166.55	577
166.6	578
166.65	578
166.7	579
166.75	579
166.8	580
166.85	580
166.9	581
166.95	581
167	582
167.05	582
167.1	583
167.15	583
167.2	584
167.25	584
167.3	585
167.35	585
167.4	586
167.45	586
167.5	587
167.55	587
167.6	588
167.65	588
167.7	589
167.75	589
167.8	590
167.85	590
167.9	591
167.95	591
168	592
168.05	592
168.1	593
168.15	593
168.2	594
168.25	594
168.3	595
168.35	595
168.4	596
168.45	596
168.5	597
168.55	597
168.6	598
168.65	598
168.7	599
168.75	599
168.8	600
168.85	600
168.9	601
168.95	601
169	602
169.05	602
169.1	603
169.15	603
169.2	604
169.25	604
169.3	605
169.35	605
169.4	606
169.45	606
169.5	607
169.55	607
169.6	608
169.65	608
169.7	609
169.75	609
169.8	610
169.85	610
169.9	611
169.95	611
170	612
170.05	612
170.1	613
170.15	613
170.2	614
170.25	614
170.3	615
170.35	615
170.4	616
170.45	616
170.5	617
170.55	617
170.6	618
170.65	618
170.7	619
170.75	619
170.8	620
170.85	620
170.9	621
170.95	621
171	622
171.05	622
171.1	623
171.15	623
171.2	624
171.25	624
171.3	625
171.35	625
171.4	626
171.45	626
171.5	627
171.55	627
171.6	628
171.65	628
171.7	629
171.75	629
171.8	630
171.85	630
171.9	631
171.95	631
172	632
172.05	632
172.1	633
172.15	633
172.2	634
172.25	634
172.3	635
172.35	635
172.4	636
172.45	636
172.5	637
172.55	637
172.6	638
172.65	638
172.7	639
172.75	639
172.8	640
172.85	640
172.9	641
172.95	641
173	642
173.05	642
173.1	643
173.15	643
173.2	644
173.25	644
173.3	645
173.35	645
173.4	646
173.45	646
173.5	647
173.55	647
173.6	648
173.65	648
173.7	649
173.75	649
173.8	650
173.85	650
173.9	651
173.95	651
174	652
174.05	652
174.1	653
174.15	653
174.2	654
174.25	654
174.3	655
174.35	655
174.4	656
174.45	656
174.5	657
174.55	657
174.6	658
174.65	658
174.7	659
174.75	659
174.8	660
174.85	660
174.9	661
174.95	661
175	662
175.05	662
175.1	663
175.15	663
175.2	664
175.25	664
175.3	665
175.35	665
175.4	666
175.45	666
175.5	667
175.55	667
175.6	668
175.65	668
175.7	669
175.75	669
175.8	670
175.85	670
175.9	671
175.95	671
176	672
176.05	672
176.1	673
176.15	673
176.2	674
176.25	674
176.3	675
176.35	675
176.4	676
176.45	676
176.5	677
176.55	677
176.6	678
176.65	678
176.7	679
176.75	679
176.8	680
176.85	680
176.9	681
176.95	681
177	682
177.05	682
177.1	683
177.15	683
177.2	684
177.25	684
177.3	685
177.35	685
177.4	686
177.45	686
177.5	687
177.55	687
177.6	688
177.65	688
177.7	689
177.75	689
177.8	690
177.85	690
177.9	691
177.95	691
178	692
178.05	692
178.1	693
178.15	693
178.2	694
178.25	694
178.3	695
178.35	695
178.4	696
178.45	696
178.5	697
178.55	697
178.6	698
178.65	698
178.7	699
178.75	699
178.8	700
178.85	700
178.9	701
178.95	701
179	702
179.05	702
179.1	703
179.15	703
179.2	704
179.25	704
179.3	705
179.35	705
179.4	706
179.45	706
179.5	707
179.55	707
179.6	708
179.65	708
179.7	709
179.75	709
179.8	710
179.85	710
179.9	711
179.95	711
180	712
180.05	712
180.1	713
180.15	713
180.2	714
180.25	714
180.3	715
180.35	715
180.4	716
180.45	716
180.5	717
180.55	717
180.6	718
180.65	718
180.7	719
180.75	719
180.8	720
180.85	720
180.9	721
180.95	721
181	722
181.05	722
181.1	723
181.15	723
181.2	724
181.25	724
181.3	725
181.35	725
181.4	726
181.45	726
181.5	727
181.55	727
181.6	728
181.65	728
181.7	729
181.75	729
181.8	730
181.85	730
181.9	731
181.95	731
182	732
182.05	732
182.1	733
182.15	733
182.2	734
182.25	734
182.3	735
182.35	735
182.4	736
182.45	736
182.5	737
182.55	737
182.6	738
182.65	738
182.7	739
182.75	739
182.8	740
182.85	740
182.9	741
182.95	741
183	742
183.05	742
183.1	743
183.15	743
183.2	744
183.25	744
183.3	745
183.35	745
183.4	746
183.45	746
183.5	747
183.55	747
183.6	748
183.65	748
183.7	749
183.75	749
183.8	750
183.85	750
183.9	751
183.95	751
184	752
184.05	752
184.1	753
184.15	753
184.2	754
184.25	754
184.3	755
184.35	755
184.4	756
184.45	756
184.5	757
184.55	757
184.6	758
184.65	758
184.7	759
184.75	759
184.8	760
184.85	760
184.9	761
184.95	761
185	762
185.05	762
185.1	763
185.15	763
185.2	764
185.25	764
185.3	765
185.35	765
185.4	766
185.45	766
185.5	767
185.55	767
185.6	768
185.65	768
185.7	769
185.75	769
185.8	770
185.85	770
185.9	771
185.95	771
186	772
186.05	772
186.1	773
186.15	773
186.2	774
186.25	774
186.3	775
186.35	775
186.4	776
186.45	776
186.5	777
186.55	777
186.6	778
186.65	778
186.7	779
186.75	779
186.8	780
186.85	780
186.9	781
186.95	781
187	782
187.05	782
187.1	783
187.15	783
187.2	784
187.25	784
187.3	785
187.35	785
187.4	786
187.45	786
187.5	787
187.55	787
187.6	788
187.65	788
187.7	789
187.75	789
187.8	790
187.85	790
187.9	791
187.95	791
188	792
188.05	792
188.1	793
188.15	793
188.2	794
188.25	794
188.3	795
188.35	795
188.4	796
188.45	796
188.5	797
188.55	797
188.6	798
188.65	798
188.7	799
188.75	799
188.8	800
188.85	800
188.9	801
188.95	801
189	802
189.05	802
189.1	803
189.15	803
189.2	804
189.25	804
189.3	805
189.35	805
189.4	806
189.45	806
189.5	807
189.55	807
189.6	808
189.65	808
189.7	809
189.75	809
189.8	810
189.85	810
189.9	811
189.95	811
190	812
190.05	812
190.1	813
190.15	813
190.2	814
190.25	814
190.3	815
190.35	815
190.4	816
190.45	816
190.5	817
190.55	817
190.6	818
190.65	818
190.7	819
190.75	819
190.8	820
190.85	820
190.9	821
190.95	821
191	822
191.05	822
191.1	823
191.15	823
191.2	824
191.25	824
191.3	825
191.35	825
191.4	826
191.45	826
191.5	827
191.55	827
191.6	828
191.65	828
191.7	829
191.75	829
191.8	830
191.85	830
191.9	831
191.95	831
192	832
192.05	832
192.1	833
192.15	833
192.2	834
192.25	834
192.3	835
192.35	835
192.4	836
192.45	836
192.5	837
192.55	837
192.6	838
192.65	838
192.7	839
192.75	839
192.8	840
192.85	840
192.9	841
192.95	841
193	842
193.05	842
193.1	843
193.15	843
193.2	844
193.25	844
193.3	845
193.35	845
193.4	846
193.45	846
193.5	847
193.55	847
193.6	848
193.65	848
193.7	849
193.75	849
193.8	850
193.85	850
193.9	851
193.95	851
194	852
194.05	852
194.1	853
194.15	853
194.2	854
194.25	854
194.3	855
194.35	855
194.4	856
194.45	856
194.5	857
194.55	857
194.6	858
194.65	858
194.7	859
194.75	859
194.8	860
194.85	860
194.9	861
194.95	861
195	862
195.05	862
195.1	863
195.15	863
195.2	864
195.25	864
195.3	865
195.35	865
195.4	866
195.45	866
195.5	867
195.55	867
195.6	868
195.65	868
195.7	869
195.75	869
195.8	870
195.85	870
195.9	871
195.95	871
196	872
196.05	872
196.1	873
196.15	873
196.2	874
196.25	874
196.3	875
196.35	875
196.4	876
196.45	876
196.5	877
196.55	877
196.6	878
196.65	878
196.7	879
196.75	879
196.8	880
196.85	880
196.9	881
196.95	881
197	882
197.05	882
197.1	883
197.15	883
197.2	884
197.25	884
197.3	885
197.35	885
197.4	886
197.45	886
197.5	887
197.55	887
197.6	888
197.65	888
197.7	889
197.75	889
197.8	890
197.85	890
197.9	891
197.95	891
198	892
198.05	892
198.1	893
198.15	893
198.2	894
198.25	894
198.3	895
198.35	895
198.4	896
198.45	896
198.5	897
198.55	897
198.6	898
198.65	898
198.7	899
198.75	899
198.8	900
198.85	900
198.9	901
198.95	901
199	902
199.05	902
199.1	903
199.15	903
199.2	904
199.25	904
199.3	905
199.35	905
199.4	906
199.45	906
199.5	907
199.55	907
199.6	908
199.65	908
199.7	909
199.75	909
199.8	910
199.85	910
199.9	911
199.95	911
200	912
200.05	912
200.1	913
200.15	913
200.2	914
200.25	914
200.3	915
200.35	915
200.4	916
200.45	916
200.5	917
200.55	917
200.6	918
200.65	918
200.7	919
200.75	919
200.8	920
200.85	920
200.9	921
200.95	921
201	922
201.05	922
201.1	923
201.15	923
201.2	924
201.25	924
201.3	925
201.35	925
201.4	926
201.45	926
201.5	927
201.55	927
201.6	928
201.65	928
201.7	929
201.75	929
201.8	930
201.85	930
201.9	931
201.95	931
202	932
202.05	932
202.1	933
202.15	933
202.2	934
202.25	934
202.3	935
202.35	935
202.4	936
202.45	936
202.5	937
202.55	937
202.6	938
202.65	938
202.7	939
202.75	939
202.8	940
202.85	940
202.9	941
202.95	941
203	942
203.05	942
203.1	943
203.15	943
203.2	944
203.25	944
203.3	945
203.35	945
203.4	946
203.45	946
203.5	947
203.55	947
203.6	948
203.65	948
203.7	949
203.75	949
203.8	950
203.85	950
203.9	951
203.95	951
204	952
204.05	952
204.1	953
204.15	953
204.2	954
204.25	954
204.3	955
204.35	955
204.4	956
204.45	956
204.5	957
204.55	957
204.6	958
204.65	958
204.7	959
204.75	959
204.8	960
204.85	960
204.9	961
204.95	961
205	962
205.05	962
205.1	963
205.15	963
205.2	964
205.25	964
205.3	965
205.35	965
205.4	966
205.45	966
205.5	967
205.55	967
205.6	968
205.65	968
205.7	969
205.75	969
205.8	970
205.85	970
205.9	970
205.95	970
206	970
206.05	970
206.1	970
206.15	970
206.2	970
206.25	970
206.3	970
206.35	970
206.4	970
206.45	970
206.5	970
206.55	970
206.6	970
206.65	970
206.7	970
206.75	970
206.8	970
206.85	970
206.9	970
206.95	970
207	970
207.05	970
207.1	970
207.15	970
207.2	970
207.25	970
207.3	970
207.35	970
207.4	970
207.45	970
207.5	970
207.55	970
207.6	970
207.65	970
207.7	970
207.75	970
207.8	970
207.85	970
207.9	970
207.95	970
208	970
208.05	970
208.1	970
208.15	970
208.2	970
208.25	970
208.3	970
208.35	970
208.4	970
208.45	970
208.5	970
208.55	970
208.6	970
208.65	970
208.7	970
208.75	970
208.8	970
208.85	970
208.9	970
208.95	970
209	970
209.05	970
209.1	970
209.15	970
209.2	970
209.25	970
209.3	970
209.35	970
209.4	970
209.45	970
209.5	970
209.55	970
209.6	970
209.65	970
209.7	970
209.75	970
209.8	970
209.85	970
209.9	970
209.95	970
210	970
210.05	970
210.1	970
210.15	970
210.2	970
210.25	970
210.3	970
210.35	970
210.4	970
210.45	970
210.5	970
210.55	970
210.6	970
210.65	970
210.7	970
210.75	970
210.8	970
210.85	970
210.9	970
210.95	970
211	970
211.05	970
211.1	970
211.15	970
211.2	970
211.25	970
211.3	970
211.35	970
211.4	970
211.45	970
211.5	970
211.55	970
211.6	970
211.65	970
211.7	970
211.75	970
211.8	970
211.85	970
211.9	970
211.95	970
212	970
212.05	970
212.1	970
212.15	970
212.2	970
212.25	970
212.3	970
212.35	970
212.4	970
212.45	970
212.5	970
212.55	970
212.6	970
212.65	970
212.7	970
212.75	970
212.8	970
212.85	970
212.9	970
212.95	970
213	970
213.05	970
213.1	970
213.15	970
213.2	970
213.25	970
213.3	970
213.35	970
213.4	970
213.45	970
213.5	970
213.55	970
213.6	970
213.65	970
213.7	970
213.75	970
213.8	970
213.85	970
213.9	970
213.95	970
214	970
214.05	970
214.1	970
214.15	970
214.2	970
214.25	970
214.3	970
214.35	970
214.4	970
214.45	970
214.5	970
214.55	970
214.6	970
214.65	970
214.7	970
214.75	970
214.8	970
214.85	970
214.9	970
214.95	970
215	970
215.05	970
215.1	970
215.15	970
215.2	970
215.25	970
215.3	970
215.35	970
215.4	970
215.45	970
215.5	970
215.55	970
215.6	970
215.65	970
215.7	970
215.75	970
215.8	970
215.85	970
215.9	970
215.95	970
216	970
216.05	970
216.1	970
216.15	970
216.2	970
216.25	970
216.3	970
216.35	970
216.4	970
216.45	970
216.5	970
216.55	970
216.6	970
216.65	970
216.7	970
216.75	970
216.8	970
216.85	970
216.9	970
216.95	970
217	970
217.05	970
217.1	970
217.15	970
217.2	970
217.25	970
217.3	970
217.35	970
217.4	970
217.45	970
217.5	970
217.55	970
217.6	970
217.65	970
217.7	970
217.75	970
217.8	970
217.85	970
217.9	970
217.95	970
218	970
218.05	970
218.1	970
218.15	970
218.2	970
218.25	970
218.3	970
218.35	970
218.4	970
218.45	970
218.5	970
218.55	970
218.6	970
218.65	970
218.7	970
218.75	970
218.8	970
218.85	970
218.9	970
218.95	970
219	970
219.05	970
219.1	970
219.15	970
219.2	970
219.25	970
219.3	970
219.35	970
219.4	970
219.45	970
219.5	970
219.55	970
219.6	970
219.65	970
219.7	970
219.75	970
219.8	970
219.85	970
219.9	970
219.95	970
220	970
220.05	970
220.1	970
220.15	970
220.2	970
220.25	970
220.3	970
220.35	970
220.4	970
220.45	970
220.5	970
220.55	970
220.6	970
220.65	970
220.7	970
220.75	970
220.8	970
220.85	970
220.9	970
220.95	970
221	970
221.05	970
221.1	970
221.15	970
221.2	970
221.25	970
221.3	970
221.35	970
221.4	970
221.45	970
221.5	970
221.55	970
221.6	970
221.65	970
221.7	970
221.75	970
221.8	970
221.85	970
221.9	970
221.95	970
222	970
222.05	970
222.1	970
222.15	970
222.2	970
222.25	970
222.3	970
222.35	970
222.4	970
222.45	970
222.5	970
222.55	970
222.6	970
222.65	970
222.7	970
222.75	970
222.8	970
222.85	970
222.9	970
222.95	970
223	970
223.05	970
223.1	970
223.15	970
223.2	970
223.25	970
223.3	970
223.35	970
223.4	970
223.45	970
223.5	970
223.55	970
223.6	970
223.65	970
223.7	970
223.75	970
223.8	970
223.85	970
223.9	970
223.95	970
224	970
224.05	970
224.1	970
224.15	970
224.2	970
224.25	970
224.3	970
224.35	970
224.4	970
224.45	970
224.5	970
224.55	970
224.6	970
224.65	970
224.7	970
224.75	970
224.8	970
224.85	970
224.9	970
224.95	970
225	970
225.05	970
225.1	970
225.15	970
225.2	970
225.25	970
225.3	970
225.35	970
225.4	970
225.45	970
225.5	970
225.55	970
225.6	970
225.65	970
225.7	970
225.75	970
225.8	970
225.85	970
225.9	970
225.95	970
226	970
226.05	970
226.1	970
226.15	970
226.2	970
226.25	970
226.3	970
226.35	970
226.4	970
226.45	970
226.5	970
226.55	970
226.6	970
226.65	970
226.7	970
226.75	970
226.8	970
226.85	970
226.9	970
226.95	970
227	970
227.05	970
227.1	970
227.15	970
227.2	970
227.25	970
227.3	970
227.35	970
227.4	970
227.45	970
227.5	970
227.55	970
227.6	970
227.65	970
227.7	970
227.75	970
227.8	970
227.85	970
227.9	970
227.95	970
228	970
228.05	970
228.1	970
228.15	970
228.2	970
228.25	970
228.3	970
228.35	970
228.4	970
228.45	970
228.5	970
228.55	970
228.6	970
228.65	970
228.7	970
228.75	970
228.8	970
228.85	970
228.9	970
228.95	970
229	970
229.05	970
229.1	970
229.15	970
229.2	970
229.25	970
229.3	970
229.35	970
229.4	970
229.45	970
229.5	970
229.55	970
229.6	970
229.65	970
229.7	970
229.75	970
229.8	970
229.85	970
229.9	970
229.95	970
230	970
230.05	970
230.1	970
230.15	970
230.2	970
230.25	970
230.3	970
230.35	970
230.4	970
230.45	970
230.5	970
230.55	970
230.6	970
230.65	970
230.7	970
230.75	970
230.8	970
230.85	970
230.9	970
230.95	970
231	970
231.05	970
231.1	970
231.15	970
231.2	970
231.25	970
231.3	970
231.35	970
231.4	970
231.45	970
231.5	970
231.55	970
231.6	970
231.65	970
231.7	970
231.75	970
231.8	970
231.85	970
231.9	970
231.95	970
232	970
232.05	970
232.1	970
232.15	970
232.2	970
232.25	970
232.3	970
232.35	970
232.4	970
232.45	970
232.5	970
232.55	970
232.6	970
232.65	970
232.7	970
232.75	970
232.8	970
232.85	970
232.9	970
232.95	970
233	970
233.05	970
233.1	970
233.15	970
233.2	970
233.25	970
233.3	970
233.35	970
233.4	970
233.45	970
233.5	970
233.55	970
233.6	970
233.65	970
233.7	970
233.75	970
233.8	970
233.85	970
233.9	970
233.95	970
234	970
234.05	970
234.1	970
234.15	970
234.2	970
234.25	970
234.3	970
234.35	970
234.4	970
234.45	970
234.5	970
234.55	970
234.6	970
234.65	970
234.7	970
234.75	970
234.8	970
234.85	970
234.9	970
234.95	970
235	970
235.05	970
235.1	970
235.15	970
235.2	970
235.25	970
235.3	970
235.35	970
235.4	970
235.45	970
235.5	970
235.55	970
235.6	970
235.65	970
235.7	970
235.75	970
235.8	970
235.85	970
235.9	970
235.95	970
236	970
236.05	970
236.1	970
236.15	970
236.2	970
236.25	970
236.3	970
236.35	970
236.4	970
236.45	970
236.5	970
236.55	970
236.6	970
236.65	970
236.7	970
236.75	970
236.8	970
236.85	970
236.9	970
236.95	970
237	970
237.05	970
237.1	970
237.15	970
237.2	970
237.25	970
237.3	970
237.35	970
237.4	970
237.45	970
237.5	970
237.55	970
237.6	970
237.65	970
237.7	970
237.75	970
237.8	970
237.85	970
237.9	970
237.95	970
238	970
238.05	970
238.1	970
238.15	970
238.2	970
238.25	970
238.3	970
238.35	970
238.4	970
238.45	970
238.5	970
238.55	970
238.6	970
238.65	970
238.7	970
238.75	970
238.8	970
238.85	970
238.9	970
238.95	970
239	970
239.05	970
239.1	970
239.15	970
239.2	970
239.25	970
239.3	970
239.35	970
239.4	970
239.45	970
239.5	970
239.55	970
239.6	970
239.65	970
239.7	970
239.75	970
239.8	970
239.85	970
239.9	970
239.95	970
