# Time(s)	CWND(packets)
0.05	0
0.1	0
0.15	10
0.2	10
0.25	15
0.3	15
0.35	22
0.4	22
0.45	33
0.5	33
0.55	49
0.6	49
0.65	73
0.7	73
0.75	109
0.8	109
0.85	163
0.9	163
0.95	244
1	244
1.05	335
1.1	335
1.15	335
1.2	336
1.25	336
1.3	337
1.35	337
1.4	338
1.45	338
1.5	339
1.55	339
1.6	340
1.65	340
1.7	341
1.75	341
1.8	342
1.85	342
1.9	343
1.95	343
2	344
2.05	344
2.1	345
2.15	345
2.2	346
2.25	346
2.3	347
2.35	347
2.4	348
2.45	348
2.5	349
2.55	349
2.6	350
2.65	350
2.7	351
2.75	351
2.8	352
2.85	352
2.9	353
2.95	353
3	354
3.05	354
3.1	355
3.15	355
3.2	356
3.25	356
3.3	357
3.35	357
3.4	358
3.45	358
3.5	359
3.55	359
3.6	360
3.65	360
3.7	361
3.75	361
3.8	362
3.85	362
3.9	363
3.95	363
4	364
4.05	364
4.1	365
4.15	365
4.2	366
4.25	366
4.3	367
4.35	367
4.4	368
4.45	368
4.5	369
4.55	369
4.6	370
4.65	370
4.7	371
4.75	371
4.8	372
4.85	372
4.9	373
4.95	373
5	374
5.05	374
5.1	375
5.15	375
5.2	376
5.25	376
5.3	377
5.35	377
5.4	378
5.45	378
5.5	379
5.55	379
5.6	380
5.65	380
5.7	381
5.75	381
5.8	382
5.85	382
5.9	383
5.95	383
6	384
6.05	384
6.1	385
6.15	385
6.2	386
6.25	386
6.3	387
6.35	387
6.4	388
6.45	388
6.5	389
6.55	389
6.6	390
6.65	390
6.7	391
6.75	391
6.8	392
6.85	392
6.9	393
6.95	393
7	394
7.05	394
7.1	395
7.15	395
7.2	396
7.25	396
7.3	397
7.35	397
7.4	398
7.45	398
7.5	399
7.55	399
7.6	400
7.65	400
7.7	401
7.75	401
7.8	402
7.85	402
7.9	403
7.95	403
8	404
8.05	404
8.1	405
8.15	405
8.2	406
8.25	406
8.3	407
8.35	407
8.4	408
8.45	408
8.5	409
8.55	409
8.6	410
8.65	410
8.7	411
8.75	411
8.8	412
8.85	412
8.9	413
8.95	413
9	414
9.05	414
9.1	415
9.15	415
9.2	416
9.25	416
9.3	417
9.35	417
9.4	418
9.45	418
9.5	419
9.55	419
9.6	420
9.65	420
9.7	421
9.75	421
9.8	422
9.85	422
9.9	423
9.95	423
10	424
10.05	424
10.1	425
10.15	425
10.2	426
10.25	426
10.3	427
10.35	427
10.4	428
10.45	428
10.5	429
10.55	429
10.6	430
10.65	430
10.7	431
10.75	431
10.8	432
10.85	432
10.9	433
10.95	433
11	434
11.05	434
11.1	435
11.15	435
11.2	436
11.25	436
11.3	437
11.35	437
11.4	438
11.45	438
11.5	439
11.55	439
11.6	440
11.65	440
11.7	441
11.75	441
11.8	442
11.85	442
11.9	443
11.95	443
12	444
12.05	444
12.1	445
12.15	445
12.2	446
12.25	446
12.3	447
12.35	447
12.4	448
12.45	448
12.5	449
12.55	449
12.6	450
12.65	450
12.7	451
12.75	451
12.8	452
12.85	452
12.9	453
12.95	453
13	454
13.05	454
13.1	455
13.15	455
13.2	456
13.25	456
13.3	457
13.35	457
13.4	458
13.45	458
13.5	459
13.55	459
13.6	460
13.65	460
13.7	461
13.75	461
13.8	462
13.85	462
13.9	463
13.95	463
14	464
14.05	464
14.1	465
14.15	465
14.2	466
14.25	466
14.3	467
14.35	467
14.4	468
14.45	468
14.5	469
14.55	469
14.6	470
14.65	470
14.7	471
14.75	471
14.8	472
14.85	472
14.9	473
14.95	473
15	474
15.05	474
15.1	475
15.15	475
15.2	476
15.25	476
15.3	477
15.35	477
15.4	478
15.45	478
15.5	479
15.55	479
15.6	480
15.65	480
15.7	481
15.75	481
15.8	482
15.85	482
15.9	483
15.95	483
16	484
16.05	484
16.1	485
16.15	485
16.2	486
16.25	486
16.3	487
16.35	487
16.4	488
16.45	488
16.5	488
16.55	489
16.6	489
16.65	490
16.7	490
16.75	491
16.8	491
16.85	492
16.9	492
16.95	493
17	493
17.05	494
17.1	494
17.15	495
17.2	495
17.25	495
17.3	495
17.35	495
17.4	495
17.45	495
17.5	495
17.55	495
17.6	495
17.65	495
17.7	495
17.75	495
17.8	495
17.85	495
17.9	495
17.95	495
18	495
18.05	495
18.1	495
18.15	495
18.2	495
18.25	495
18.3	495
18.35	495
18.4	495
18.45	495
18.5	495
18.55	495
18.6	495
18.65	495
18.7	495
18.75	495
18.8	495
18.85	495
18.9	495
18.95	495
19	495
19.05	495
19.1	495
19.15	495
19.2	495
19.25	495
19.3	495
19.35	495
19.4	495
19.45	495
19.5	495
19.55	495
19.6	495
19.65	495
19.7	495
19.75	495
19.8	495
19.85	495
19.9	495
19.95	495
20	495
20.05	495
20.1	495
20.15	495
20.2	495
20.25	495
20.3	495
20.35	495
20.4	495
20.45	495
20.5	495
20.55	495
20.6	495
20.65	495
20.7	495
20.75	495
20.8	495
20.85	495
20.9	495
20.95	495
21	495
21.05	495
21.1	495
21.15	495
21.2	495
21.25	495
21.3	495
21.35	495
21.4	495
21.45	495
21.5	495
21.55	495
21.6	495
21.65	495
21.7	495
21.75	495
21.8	495
21.85	495
21.9	495
21.95	495
22	495
22.05	495
22.1	495
22.15	495
22.2	495
22.25	495
22.3	495
22.35	495
22.4	495
22.45	495
22.5	495
22.55	495
22.6	495
22.65	495
22.7	495
22.75	495
22.8	495
22.85	495
22.9	495
22.95	495
23	495
23.05	495
23.1	495
23.15	495
23.2	495
23.25	495
23.3	495
23.35	495
23.4	495
23.45	495
23.5	495
23.55	495
23.6	495
23.65	495
23.7	495
23.75	495
23.8	495
23.85	495
23.9	495
23.95	495
24	495
24.05	495
24.1	495
24.15	495
24.2	495
24.25	495
24.3	495
24.35	495
24.4	495
24.45	495
24.5	495
24.55	495
24.6	495
24.65	495
24.7	495
24.75	495
24.8	495
24.85	495
24.9	495
24.95	495
25	495
25.05	495
25.1	495
25.15	495
25.2	495
25.25	495
25.3	495
25.35	495
25.4	495
25.45	495
25.5	495
25.55	495
25.6	495
25.65	495
25.7	495
25.75	495
25.8	495
25.85	495
25.9	495
25.95	495
26	495
26.05	495
26.1	495
26.15	495
26.2	495
26.25	495
26.3	495
26.35	495
26.4	495
26.45	495
26.5	495
26.55	495
26.6	495
26.65	495
26.7	495
26.75	495
26.8	495
26.85	495
26.9	495
26.95	495
27	495
27.05	495
27.1	495
27.15	495
27.2	495
27.25	495
27.3	495
27.35	495
27.4	495
27.45	495
27.5	495
27.55	495
27.6	495
27.65	495
27.7	495
27.75	495
27.8	495
27.85	495
27.9	495
27.95	495
28	495
28.05	495
28.1	495
28.15	495
28.2	495
28.25	495
28.3	495
28.35	495
28.4	495
28.45	495
28.5	495
28.55	495
28.6	495
28.65	495
28.7	495
28.75	495
28.8	495
28.85	495
28.9	495
28.95	495
29	495
29.05	495
29.1	495
29.15	495
29.2	495
29.25	495
29.3	495
29.35	495
29.4	495
29.45	495
29.5	495
29.55	495
29.6	495
29.65	495
29.7	495
29.75	495
29.8	495
29.85	495
29.9	495
29.95	495
30	495
30.05	495
30.1	495
30.15	495
30.2	495
30.25	495
30.3	495
30.35	495
30.4	495
30.45	495
30.5	495
30.55	495
30.6	495
30.65	495
30.7	495
30.75	495
30.8	495
30.85	495
30.9	495
30.95	495
31	495
31.05	495
31.1	495
31.15	495
31.2	495
31.25	495
31.3	495
31.35	495
31.4	495
31.45	495
31.5	495
31.55	495
31.6	495
31.65	495
31.7	495
31.75	495
31.8	495
31.85	495
31.9	495
31.95	495
32	495
32.05	495
32.1	495
32.15	495
32.2	495
32.25	495
32.3	495
32.35	495
32.4	495
32.45	495
32.5	495
32.55	495
32.6	495
32.65	495
32.7	495
32.75	495
32.8	495
32.85	495
32.9	495
32.95	495
33	495
33.05	495
33.1	495
33.15	495
33.2	495
33.25	495
33.3	495
33.35	495
33.4	495
33.45	495
33.5	495
33.55	495
33.6	495
33.65	495
33.7	495
33.75	495
33.8	495
33.85	495
33.9	495
33.95	495
34	495
34.05	495
34.1	495
34.15	495
34.2	495
34.25	495
34.3	495
34.35	495
34.4	495
34.45	495
34.5	495
34.55	495
34.6	495
34.65	495
34.7	495
34.75	495
34.8	495
34.85	495
34.9	495
34.95	495
35	495
35.05	495
35.1	495
35.15	495
35.2	495
35.25	495
35.3	495
35.35	495
35.4	495
35.45	495
35.5	495
35.55	495
35.6	495
35.65	495
35.7	495
35.75	495
35.8	495
35.85	495
35.9	495
35.95	495
36	495
36.05	495
36.1	495
36.15	495
36.2	495
36.25	495
36.3	495
36.35	495
36.4	495
36.45	495
36.5	495
36.55	495
36.6	495
36.65	495
36.7	495
36.75	495
36.8	495
36.85	495
36.9	495
36.95	495
37	495
37.05	495
37.1	495
37.15	495
37.2	495
37.25	495
37.3	495
37.35	495
37.4	495
37.45	495
37.5	495
37.55	495
37.6	495
37.65	495
37.7	495
37.75	495
37.8	495
37.85	495
37.9	495
37.95	495
38	495
38.05	495
38.1	495
38.15	495
38.2	495
38.25	495
38.3	495
38.35	495
38.4	495
38.45	495
38.5	495
38.55	495
38.6	495
38.65	495
38.7	495
38.75	495
38.8	495
38.85	495
38.9	495
38.95	495
39	495
39.05	495
39.1	495
39.15	495
39.2	495
39.25	495
39.3	495
39.35	495
39.4	495
39.45	495
39.5	495
39.55	495
39.6	495
39.65	495
39.7	495
39.75	495
39.8	495
39.85	495
39.9	495
39.95	495
40	495
40.05	495
40.1	495
40.15	495
40.2	495
40.25	495
40.3	495
40.35	495
40.4	495
40.45	495
40.5	495
40.55	495
40.6	495
40.65	495
40.7	495
40.75	495
40.8	495
40.85	495
40.9	495
40.95	495
41	495
41.05	495
41.1	495
41.15	495
41.2	495
41.25	495
41.3	495
41.35	495
41.4	495
41.45	495
41.5	495
41.55	495
41.6	495
41.65	495
41.7	495
41.75	495
41.8	495
41.85	495
41.9	495
41.95	495
42	495
42.05	495
42.1	495
42.15	495
42.2	495
42.25	495
42.3	495
42.35	495
42.4	495
42.45	495
42.5	495
42.55	495
42.6	495
42.65	495
42.7	495
42.75	495
42.8	495
42.85	495
42.9	495
42.95	495
43	495
43.05	495
43.1	495
43.15	495
43.2	495
43.25	495
43.3	495
43.35	495
43.4	495
43.45	495
43.5	495
43.55	495
43.6	495
43.65	495
43.7	495
43.75	495
43.8	495
43.85	495
43.9	495
43.95	495
44	495
44.05	495
44.1	495
44.15	495
44.2	495
44.25	495
44.3	495
44.35	495
44.4	495
44.45	495
44.5	495
44.55	495
44.6	495
44.65	495
44.7	495
44.75	495
44.8	495
44.85	495
44.9	495
44.95	495
45	495
45.05	495
45.1	495
45.15	495
45.2	495
45.25	495
45.3	495
45.35	495
45.4	495
45.45	495
45.5	495
45.55	495
45.6	495
45.65	495
45.7	495
45.75	495
45.8	495
45.85	495
45.9	495
45.95	495
46	495
46.05	495
46.1	495
46.15	495
46.2	495
46.25	495
46.3	495
46.35	495
46.4	495
46.45	495
46.5	495
46.55	495
46.6	495
46.65	495
46.7	495
46.75	495
46.8	495
46.85	495
46.9	495
46.95	495
47	495
47.05	495
47.1	495
47.15	495
47.2	495
47.25	495
47.3	495
47.35	495
47.4	495
47.45	495
47.5	495
47.55	495
47.6	495
47.65	495
47.7	495
47.75	495
47.8	495
47.85	495
47.9	495
47.95	495
48	495
48.05	495
48.1	495
48.15	495
48.2	495
48.25	495
48.3	495
48.35	495
48.4	495
48.45	495
48.5	495
48.55	495
48.6	495
48.65	495
48.7	495
48.75	495
48.8	495
48.85	495
48.9	495
48.95	495
49	495
49.05	495
49.1	495
49.15	495
49.2	495
49.25	495
49.3	495
49.35	495
49.4	495
49.45	495
49.5	495
49.55	495
49.6	495
49.65	495
49.7	495
49.75	495
49.8	495
49.85	495
49.9	495
49.95	495
50	495
50.05	495
50.1	495
50.15	495
50.2	495
50.25	495
50.3	495
50.35	495
50.4	495
50.45	495
50.5	495
50.55	495
50.6	495
50.65	495
50.7	495
50.75	495
50.8	495
50.85	495
50.9	495
50.95	495
51	495
51.05	495
51.1	495
51.15	495
51.2	495
51.25	495
51.3	495
51.35	495
51.4	495
51.45	495
51.5	495
51.55	495
51.6	495
51.65	495
51.7	495
51.75	495
51.8	495
51.85	495
51.9	495
51.95	495
52	495
52.05	495
52.1	495
52.15	495
52.2	495
52.25	495
52.3	495
52.35	495
52.4	495
52.45	495
52.5	495
52.55	495
52.6	495
52.65	495
52.7	495
52.75	495
52.8	495
52.85	495
52.9	495
52.95	495
53	495
53.05	495
53.1	495
53.15	495
53.2	495
53.25	495
53.3	495
53.35	495
53.4	495
53.45	495
53.5	495
53.55	495
53.6	495
53.65	495
53.7	495
53.75	495
53.8	495
53.85	495
53.9	495
53.95	495
54	495
54.05	495
54.1	495
54.15	495
54.2	495
54.25	495
54.3	495
54.35	495
54.4	495
54.45	495
54.5	495
54.55	495
54.6	495
54.65	495
54.7	495
54.75	495
54.8	495
54.85	495
54.9	495
54.95	495
55	495
55.05	495
55.1	495
55.15	495
55.2	495
55.25	495
55.3	495
55.35	495
55.4	495
55.45	495
55.5	495
55.55	495
55.6	495
55.65	495
55.7	495
55.75	495
55.8	495
55.85	495
55.9	495
55.95	495
56	495
56.05	495
56.1	495
56.15	495
56.2	495
56.25	495
56.3	495
56.35	495
56.4	495
56.45	495
56.5	495
56.55	495
56.6	495
56.65	495
56.7	495
56.75	495
56.8	495
56.85	495
56.9	495
56.95	495
57	495
57.05	495
57.1	495
57.15	495
57.2	495
57.25	495
57.3	495
57.35	495
57.4	495
57.45	495
57.5	495
57.55	495
57.6	495
57.65	495
57.7	495
57.75	495
57.8	495
57.85	495
57.9	495
57.95	495
58	495
58.05	495
58.1	495
58.15	495
58.2	495
58.25	495
58.3	495
58.35	495
58.4	495
58.45	495
58.5	495
58.55	495
58.6	495
58.65	495
58.7	495
58.75	495
58.8	495
58.85	495
58.9	495
58.95	495
59	495
59.05	495
59.1	495
59.15	495
59.2	495
59.25	495
59.3	495
59.35	495
59.4	495
59.45	495
59.5	495
59.55	495
59.6	495
59.65	495
59.7	495
59.75	495
59.8	495
59.85	495
59.9	495
59.95	495
60	495
60.05	495
60.1	495
60.15	495
60.2	495
60.25	495
60.3	495
60.35	495
60.4	495
60.45	495
60.5	495
60.55	495
60.6	495
60.65	495
60.7	495
60.75	495
60.8	495
60.85	495
60.9	495
60.95	495
61	495
61.05	495
61.1	495
61.15	495
61.2	495
61.25	495
61.3	495
61.35	495
61.4	495
61.45	495
61.5	495
61.55	495
61.6	495
61.65	495
61.7	495
61.75	495
61.8	495
61.85	495
61.9	495
61.95	495
62	495
62.05	495
62.1	495
62.15	495
62.2	495
62.25	495
62.3	495
62.35	495
62.4	495
62.45	495
62.5	495
62.55	495
62.6	495
62.65	495
62.7	495
62.75	495
62.8	495
62.85	495
62.9	495
62.95	495
63	495
63.05	495
63.1	495
63.15	495
63.2	495
63.25	495
63.3	495
63.35	495
63.4	495
63.45	495
63.5	495
63.55	495
63.6	495
63.65	495
63.7	495
63.75	495
63.8	495
63.85	495
63.9	495
63.95	495
64	495
64.05	495
64.1	495
64.15	495
64.2	495
64.25	495
64.3	495
64.35	495
64.4	495
64.45	495
64.5	495
64.55	495
64.6	495
64.65	495
64.7	495
64.75	495
64.8	495
64.85	495
64.9	495
64.95	495
65	495
65.05	495
65.1	495
65.15	495
65.2	495
65.25	495
65.3	495
65.35	495
65.4	495
65.45	495
65.5	495
65.55	495
65.6	495
65.65	495
65.7	495
65.75	495
65.8	495
65.85	495
65.9	495
65.95	495
66	495
66.05	495
66.1	495
66.15	495
66.2	495
66.25	495
66.3	495
66.35	495
66.4	495
66.45	495
66.5	495
66.55	495
66.6	495
66.65	495
66.7	495
66.75	495
66.8	495
66.85	495
66.9	495
66.95	495
67	495
67.05	495
67.1	495
67.15	495
67.2	495
67.25	495
67.3	495
67.35	495
67.4	495
67.45	495
67.5	495
67.55	495
67.6	495
67.65	495
67.7	495
67.75	495
67.8	495
67.85	495
67.9	495
67.95	495
68	495
68.05	495
68.1	495
68.15	495
68.2	495
68.25	495
68.3	495
68.35	495
68.4	495
68.45	495
68.5	495
68.55	495
68.6	495
68.65	495
68.7	495
68.75	495
68.8	495
68.85	495
68.9	495
68.95	495
69	495
69.05	495
69.1	495
69.15	495
69.2	495
69.25	495
69.3	495
69.35	495
69.4	495
69.45	495
69.5	495
69.55	495
69.6	495
69.65	495
69.7	495
69.75	495
69.8	495
69.85	495
69.9	495
69.95	495
70	495
70.05	495
70.1	495
70.15	495
70.2	495
70.25	495
70.3	495
70.35	495
70.4	495
70.45	495
70.5	495
70.55	495
70.6	495
70.65	495
70.7	495
70.75	495
70.8	495
70.85	495
70.9	495
70.95	495
71	495
71.05	495
71.1	495
71.15	495
71.2	495
71.25	495
71.3	495
71.35	495
71.4	495
71.45	495
71.5	495
71.55	495
71.6	495
71.65	495
71.7	495
71.75	495
71.8	495
71.85	495
71.9	495
71.95	495
72	495
72.05	495
72.1	495
72.15	495
72.2	495
72.25	495
72.3	495
72.35	495
72.4	495
72.45	495
72.5	495
72.55	495
72.6	495
72.65	495
72.7	495
72.75	495
72.8	495
72.85	495
72.9	495
72.95	495
73	495
73.05	495
73.1	495
73.15	495
73.2	495
73.25	495
73.3	495
73.35	495
73.4	495
73.45	495
73.5	495
73.55	495
73.6	495
73.65	495
73.7	495
73.75	495
73.8	495
73.85	495
73.9	495
73.95	495
74	495
74.05	495
74.1	495
74.15	495
74.2	495
74.25	495
74.3	495
74.35	495
74.4	495
74.45	495
74.5	495
74.55	495
74.6	495
74.65	495
74.7	495
74.75	495
74.8	495
74.85	495
74.9	495
74.95	495
75	495
75.05	495
75.1	495
75.15	495
75.2	495
75.25	495
75.3	495
75.35	495
75.4	495
75.45	495
75.5	495
75.55	495
75.6	495
75.65	495
75.7	495
75.75	495
75.8	495
75.85	495
75.9	495
75.95	495
76	495
76.05	495
76.1	495
76.15	495
76.2	495
76.25	495
76.3	495
76.35	495
76.4	495
76.45	495
76.5	495
76.55	495
76.6	495
76.65	495
76.7	495
76.75	495
76.8	495
76.85	495
76.9	495
76.95	495
77	495
77.05	495
77.1	495
77.15	495
77.2	495
77.25	495
77.3	495
77.35	495
77.4	495
77.45	495
77.5	495
77.55	495
77.6	495
77.65	495
77.7	495
77.75	495
77.8	495
77.85	495
77.9	495
77.95	495
78	495
78.05	495
78.1	495
78.15	495
78.2	495
78.25	495
78.3	495
78.35	495
78.4	495
78.45	495
78.5	495
78.55	495
78.6	495
78.65	495
78.7	495
78.75	495
78.8	495
78.85	495
78.9	495
78.95	495
79	495
79.05	495
79.1	495
79.15	495
79.2	495
79.25	495
79.3	495
79.35	495
79.4	495
79.45	495
79.5	495
79.55	495
79.6	495
79.65	495
79.7	495
79.75	495
79.8	495
79.85	495
79.9	495
79.95	495
80	495
80.05	495
80.1	495
80.15	495
80.2	495
80.25	495
80.3	495
80.35	495
80.4	494
80.45	494
80.5	494
80.55	494
80.6	493
80.65	493
80.7	493
80.75	493
80.8	492
80.85	492
80.9	492
80.95	492
81	491
81.05	491
81.1	491
81.15	491
81.2	490
81.25	490
81.3	490
81.35	490
81.4	489
81.45	489
81.5	489
81.55	489
81.6	488
81.65	488
81.7	488
81.75	488
81.8	487
81.85	487
81.9	487
81.95	487
82	487
82.05	486
82.1	486
82.15	486
82.2	486
82.25	485
82.3	485
82.35	485
82.4	485
82.45	484
82.5	484
82.55	484
82.6	484
82.65	483
82.7	483
82.75	483
82.8	483
82.85	482
82.9	482
82.95	482
83	482
83.05	481
83.1	481
83.15	481
83.2	481
83.25	480
83.3	480
83.35	480
83.4	480
83.45	479
83.5	479
83.55	479
83.6	479
83.65	478
83.7	478
83.75	478
83.8	478
83.85	477
83.9	477
83.95	477
84	477
84.05	476
84.1	476
84.15	476
84.2	476
84.25	475
84.3	475
84.35	475
84.4	475
84.45	474
84.5	474
84.55	474
84.6	474
84.65	473
84.7	473
84.75	473
84.8	473
84.85	472
84.9	472
84.95	472
85	472
85.05	471
85.1	471
85.15	471
85.2	471
85.25	470
85.3	470
85.35	470
85.4	470
85.45	469
85.5	469
85.55	469
85.6	469
85.65	468
85.7	468
85.75	468
85.8	468
85.85	467
85.9	467
85.95	467
86	467
86.05	466
86.1	466
86.15	466
86.2	466
86.25	465
86.3	465
86.35	465
86.4	465
86.45	464
86.5	464
86.55	464
86.6	464
86.65	463
86.7	463
86.75	463
86.8	462
86.85	462
86.9	462
86.95	462
87	461
87.05	461
87.1	461
87.15	461
87.2	460
87.25	460
87.3	460
87.35	460
87.4	459
87.45	459
87.5	459
87.55	459
87.6	458
87.65	458
87.7	458
87.75	458
87.8	457
87.85	457
87.9	457
87.95	457
88	456
88.05	456
88.1	456
88.15	456
88.2	455
88.25	455
88.3	455
88.35	454
88.4	454
88.45	454
88.5	454
88.55	453
88.6	453
88.65	453
88.7	453
88.75	452
88.8	452
88.85	452
88.9	452
88.95	451
89	451
89.05	451
89.1	451
89.15	450
89.2	450
89.25	450
89.3	449
89.35	449
89.4	449
89.45	449
89.5	448
89.55	448
89.6	448
89.65	448
89.7	447
89.75	447
89.8	447
89.85	447
89.9	446
89.95	446
90	446
90.05	446
90.1	445
90.15	445
90.2	445
90.25	444
90.3	444
90.35	444
90.4	444
90.45	443
90.5	443
90.55	443
90.6	443
90.65	442
90.7	442
90.75	442
90.8	441
90.85	441
90.9	441
90.95	441
91	440
91.05	440
91.1	440
91.15	440
91.2	439
91.25	439
91.3	439
91.35	439
91.4	438
91.45	438
91.5	438
91.55	437
91.6	437
91.65	437
91.7	437
91.75	436
91.8	436
91.85	436
91.9	436
91.95	435
92	435
92.05	435
92.1	434
92.15	434
92.2	434
92.25	434
92.3	433
92.35	433
92.4	433
92.45	433
92.5	432
92.55	432
92.6	432
92.65	431
92.7	431
92.75	431
92.8	431
92.85	430
92.9	430
92.95	430
93	429
93.05	429
93.1	429
93.15	429
93.2	428
93.25	428
93.3	428
93.35	428
93.4	427
93.45	427
93.5	427
93.55	426
93.6	426
93.65	426
93.7	426
93.75	425
93.8	425
93.85	425
93.9	424
93.95	424
94	424
94.05	424
94.1	423
94.15	423
94.2	423
94.25	423
94.3	422
94.35	422
94.4	422
94.45	421
94.5	421
94.55	421
94.6	421
94.65	420
94.7	420
94.75	420
94.8	419
94.85	419
94.9	419
94.95	419
95	418
95.05	418
95.1	418
95.15	417
95.2	417
95.25	417
95.3	417
95.35	416
95.4	416
95.45	416
95.5	415
95.55	415
95.6	415
95.65	415
95.7	414
95.75	414
95.8	414
95.85	413
95.9	413
95.95	413
96	413
96.05	412
96.1	412
96.15	412
96.2	411
96.25	411
96.3	411
96.35	411
96.4	410
96.45	410
96.5	410
96.55	409
96.6	409
96.65	409
96.7	409
96.75	408
96.8	408
96.85	408
96.9	407
96.95	407
97	407
97.05	406
97.1	406
97.15	406
97.2	406
97.25	405
97.3	405
97.35	405
97.4	404
97.45	404
97.5	404
97.55	404
97.6	403
97.65	403
97.7	403
97.75	402
97.8	402
97.85	402
97.9	401
97.95	401
98	401
98.05	401
98.1	400
98.15	400
98.2	400
98.25	399
98.3	399
98.35	399
98.4	399
98.45	398
98.5	398
98.55	398
98.6	397
98.65	397
98.7	397
98.75	396
98.8	396
98.85	396
98.9	396
98.95	395
99	395
99.05	395
99.1	394
99.15	394
99.2	394
99.25	393
99.3	393
99.35	393
99.4	393
99.45	392
99.5	392
99.55	392
99.6	391
99.65	391
99.7	391
99.75	390
99.8	390
99.85	390
99.9	389
99.95	389
100	389
100.05	389
100.1	388
100.15	388
100.2	388
100.25	387
100.3	387
100.35	387
100.4	386
100.45	386
100.5	386
100.55	385
100.6	385
100.65	385
100.7	385
100.75	384
100.8	384
100.85	384
100.9	383
100.95	383
101	383
101.05	382
101.1	382
101.15	382
101.2	381
101.25	381
101.3	381
101.35	381
101.4	380
101.45	380
101.5	380
101.55	379
101.6	379
101.65	379
101.7	378
101.75	378
101.8	378
101.85	377
101.9	377
101.95	377
102	376
102.05	376
102.1	376
102.15	376
102.2	375
102.25	375
102.3	375
102.35	374
102.4	374
102.45	374
102.5	373
102.55	373
102.6	373
102.65	372
102.7	372
102.75	372
102.8	371
102.85	371
102.9	371
102.95	370
103	370
103.05	370
103.1	369
103.15	369
103.2	369
103.25	368
103.3	368
103.35	368
103.4	368
103.45	367
103.5	367
103.55	367
103.6	366
103.65	366
103.7	366
103.75	365
103.8	365
103.85	365
103.9	364
103.95	364
104	364
104.05	363
104.1	363
104.15	363
104.2	362
104.25	362
104.3	362
104.35	361
104.4	361
104.45	361
104.5	360
104.55	360
104.6	360
104.65	359
104.7	359
104.75	359
104.8	358
104.85	358
104.9	358
104.95	357
105	357
105.05	357
105.1	356
105.15	356
105.2	356
105.25	355
105.3	355
105.35	355
105.4	354
105.45	354
105.5	354
105.55	353
105.6	353
105.65	353
105.7	352
105.75	352
105.8	352
105.85	351
105.9	351
105.95	351
106	350
106.05	350
106.1	350
106.15	349
106.2	349
106.25	349
106.3	348
106.35	348
106.4	348
106.45	347
106.5	347
106.55	347
106.6	346
106.65	346
106.7	346
106.75	345
106.8	345
106.85	344
106.9	344
106.95	344
107	343
107.05	343
107.1	343
107.15	342
107.2	342
107.25	342
107.3	341
107.35	341
107.4	341
107.45	340
107.5	340
107.55	340
107.6	339
107.65	339
107.7	339
107.75	338
107.8	338
107.85	338
107.9	337
107.95	337
108	336
108.05	336
108.1	336
108.15	335
108.2	335
108.25	335
108.3	334
108.35	334
108.4	334
108.45	333
108.5	333
108.55	333
108.6	332
108.65	332
108.7	331
108.75	331
108.8	331
108.85	330
108.9	330
108.95	330
109	329
109.05	329
109.1	329
109.15	328
109.2	328
109.25	328
109.3	327
109.35	327
109.4	326
109.45	326
109.5	326
109.55	325
109.6	325
109.65	325
109.7	324
109.75	324
109.8	324
109.85	323
109.9	323
109.95	322
110	322
110.05	322
110.1	321
110.15	321
110.2	321
110.25	320
110.3	320
110.35	319
110.4	319
110.45	319
110.5	318
110.55	318
110.6	318
110.65	317
110.7	317
110.75	316
110.8	316
110.85	316
110.9	315
110.95	315
111	315
111.05	314
111.1	314
111.15	313
111.2	313
111.25	313
111.3	312
111.35	312
111.4	312
111.45	311
111.5	311
111.55	310
111.6	310
111.65	310
111.7	309
111.75	309
111.8	308
111.85	308
111.9	308
111.95	307
112	307
112.05	307
112.1	306
112.15	306
112.2	305
112.25	305
112.3	305
112.35	304
112.4	304
112.45	303
112.5	303
112.55	303
112.6	302
112.65	302
112.7	301
112.75	301
112.8	301
112.85	300
112.9	300
112.95	299
113	299
113.05	299
113.1	298
113.15	298
113.2	297
113.25	297
113.3	297
113.35	296
113.4	296
113.45	295
113.5	295
113.55	295
113.6	294
113.65	294
113.7	293
113.75	293
113.8	293
113.85	292
113.9	292
113.95	291
114	291
114.05	291
114.1	290
114.15	290
114.2	289
114.25	289
114.3	289
114.35	288
114.4	288
114.45	287
114.5	287
114.55	287
114.6	286
114.65	286
114.7	285
114.75	285
114.8	284
114.85	284
114.9	284
114.95	283
115	283
115.05	282
115.1	282
115.15	281
115.2	281
115.25	281
115.3	280
115.35	280
115.4	279
115.45	279
115.5	279
115.55	278
115.6	278
115.65	277
115.7	277
115.75	276
115.8	276
115.85	276
115.9	275
115.95	275
116	275
116.05	275
116.1	275
116.15	275
116.2	275
116.25	275
116.3	275
116.35	275
116.4	275
116.45	275
116.5	275
116.55	275
116.6	275
116.65	275
116.7	275
116.75	275
116.8	275
116.85	275
116.9	275
116.95	275
117	275
117.05	275
117.1	275
117.15	275
117.2	275
117.25	275
117.3	275
117.35	275
117.4	275
117.45	275
117.5	275
117.55	275
117.6	275
117.65	275
117.7	275
117.75	275
117.8	275
117.85	275
117.9	275
117.95	275
118	275
118.05	275
118.1	275
118.15	275
118.2	275
118.25	275
118.3	275
118.35	275
118.4	275
118.45	275
118.5	275
118.55	275
118.6	275
118.65	275
118.7	275
118.75	275
118.8	275
118.85	275
118.9	275
118.95	275
119	275
119.05	275
119.1	275
119.15	275
119.2	275
119.25	275
119.3	275
119.35	275
119.4	275
119.45	275
119.5	275
119.55	275
119.6	275
119.65	275
119.7	275
119.75	275
119.8	275
119.85	275
119.9	275
119.95	275
120	275
120.05	275
120.1	275
120.15	275
120.2	275
120.25	275
120.3	275
120.35	275
120.4	275
120.45	275
120.5	275
120.55	275
120.6	275
120.65	275
120.7	275
120.75	275
120.8	275
120.85	275
120.9	275
120.95	275
121	275
121.05	275
121.1	275
121.15	275
121.2	275
121.25	275
121.3	275
121.35	275
121.4	275
121.45	275
121.5	275
121.55	275
121.6	275
121.65	275
121.7	275
121.75	275
121.8	275
121.85	275
121.9	275
121.95	275
122	275
122.05	275
122.1	275
122.15	275
122.2	275
122.25	275
122.3	275
122.35	275
122.4	275
122.45	275
122.5	275
122.55	275
122.6	275
122.65	275
122.7	275
122.75	275
122.8	275
122.85	275
122.9	275
122.95	275
123	275
123.05	275
123.1	275
123.15	275
123.2	275
123.25	275
123.3	275
123.35	275
123.4	275
123.45	275
123.5	275
123.55	275
123.6	275
123.65	275
123.7	275
123.75	275
123.8	275
123.85	275
123.9	275
123.95	275
124	275
124.05	275
124.1	275
124.15	275
124.2	275
124.25	275
124.3	275
124.35	275
124.4	275
124.45	275
124.5	275
124.55	275
124.6	275
124.65	275
124.7	275
124.75	275
124.8	275
124.85	275
124.9	275
124.95	275
125	275
125.05	275
125.1	275
125.15	275
125.2	275
125.25	275
125.3	275
125.35	275
125.4	275
125.45	275
125.5	275
125.55	275
125.6	275
125.65	275
125.7	275
125.75	275
125.8	275
125.85	275
125.9	275
125.95	275
126	275
126.05	275
126.1	275
126.15	275
126.2	275
126.25	275
126.3	275
126.35	275
126.4	275
126.45	275
126.5	275
126.55	275
126.6	275
126.65	275
126.7	275
126.75	275
126.8	275
126.85	275
126.9	275
126.95	275
127	275
127.05	275
127.1	275
127.15	275
127.2	275
127.25	275
127.3	275
127.35	275
127.4	275
127.45	275
127.5	275
127.55	275
127.6	275
127.65	275
127.7	275
127.75	275
127.8	275
127.85	275
127.9	275
127.95	275
128	275
128.05	275
128.1	275
128.15	275
128.2	275
128.25	275
128.3	275
128.35	275
128.4	275
128.45	275
128.5	275
128.55	275
128.6	275
128.65	275
128.7	275
128.75	275
128.8	275
128.85	275
128.9	275
128.95	275
129	275
129.05	275
129.1	275
129.15	275
129.2	275
129.25	275
129.3	275
129.35	275
129.4	275
129.45	275
129.5	275
129.55	275
129.6	275
129.65	275
129.7	275
129.75	275
129.8	275
129.85	275
129.9	275
129.95	275
130	275
130.05	275
130.1	275
130.15	275
130.2	275
130.25	275
130.3	275
130.35	275
130.4	275
130.45	275
130.5	275
130.55	275
130.6	275
130.65	275
130.7	275
130.75	275
130.8	275
130.85	275
130.9	275
130.95	275
131	275
131.05	275
131.1	275
131.15	275
131.2	275
131.25	275
131.3	275
131.35	275
131.4	275
131.45	275
131.5	275
131.55	275
131.6	275
131.65	275
131.7	275
131.75	275
131.8	275
131.85	275
131.9	275
131.95	275
132	275
132.05	275
132.1	275
132.15	275
132.2	275
132.25	275
132.3	275
132.35	275
132.4	275
132.45	275
132.5	275
132.55	275
132.6	275
132.65	275
132.7	275
132.75	275
132.8	275
132.85	275
132.9	275
132.95	275
133	275
133.05	275
133.1	275
133.15	275
133.2	275
133.25	275
133.3	275
133.35	275
133.4	275
133.45	275
133.5	275
133.55	275
133.6	275
133.65	275
133.7	275
133.75	275
133.8	275
133.85	275
133.9	275
133.95	275
134	275
134.05	275
134.1	275
134.15	275
134.2	275
134.25	275
134.3	275
134.35	275
134.4	275
134.45	275
134.5	275
134.55	275
134.6	275
134.65	275
134.7	275
134.75	275
134.8	275
134.85	275
134.9	275
134.95	275
135	275
135.05	275
135.1	275
135.15	275
135.2	275
135.25	275
135.3	275
135.35	275
135.4	275
135.45	275
135.5	275
135.55	275
135.6	275
135.65	275
135.7	275
135.75	275
135.8	275
135.85	275
135.9	275
135.95	275
136	275
136.05	275
136.1	275
136.15	275
136.2	275
136.25	275
136.3	275
136.35	275
136.4	275
136.45	275
136.5	275
136.55	275
136.6	275
136.65	275
136.7	275
136.75	275
136.8	275
136.85	275
136.9	275
136.95	275
137	275
137.05	275
137.1	275
137.15	275
137.2	275
137.25	275
137.3	275
137.35	275
137.4	275
137.45	275
137.5	275
137.55	275
137.6	275
137.65	275
137.7	275
137.75	275
137.8	275
137.85	275
137.9	275
137.95	275
138	275
138.05	275
138.1	275
138.15	275
138.2	275
138.25	275
138.3	275
138.35	275
138.4	275
138.45	275
138.5	275
138.55	275
138.6	275
138.65	275
138.7	275
138.75	275
138.8	275
138.85	275
138.9	275
138.95	275
139	275
139.05	275
139.1	275
139.15	275
139.2	275
139.25	275
139.3	275
139.35	275
139.4	275
139.45	275
139.5	275
139.55	275
139.6	275
139.65	275
139.7	275
139.75	275
139.8	275
139.85	275
139.9	275
139.95	275
140	275
140.05	275
140.1	275
140.15	275
140.2	275
140.25	275
140.3	275
140.35	275
140.4	275
140.45	275
140.5	275
140.55	275
140.6	275
140.65	275
140.7	275
140.75	275
140.8	275
140.85	275
140.9	275
140.95	275
141	275
141.05	275
141.1	275
141.15	275
141.2	275
141.25	275
141.3	275
141.35	275
141.4	275
141.45	275
141.5	275
141.55	275
141.6	275
141.65	275
141.7	275
141.75	275
141.8	275
141.85	275
141.9	275
141.95	275
142	275
142.05	275
142.1	275
142.15	275
142.2	275
142.25	275
142.3	275
142.35	275
142.4	275
142.45	275
142.5	275
142.55	275
142.6	275
142.65	275
142.7	275
142.75	275
142.8	275
142.85	275
142.9	275
142.95	275
143	275
143.05	275
143.1	275
143.15	275
143.2	275
143.25	275
143.3	275
143.35	275
143.4	275
143.45	275
143.5	275
143.55	275
143.6	275
143.65	275
143.7	275
143.75	275
143.8	275
143.85	275
143.9	275
143.95	275
144	275
144.05	275
144.1	275
144.15	275
144.2	275
144.25	275
144.3	275
144.35	275
144.4	275
144.45	275
144.5	275
144.55	275
144.6	275
144.65	275
144.7	275
144.75	275
144.8	275
144.85	275
144.9	275
144.95	275
145	275
145.05	275
145.1	275
145.15	275
145.2	275
145.25	275
145.3	275
145.35	275
145.4	275
145.45	275
145.5	275
145.55	275
145.6	275
145.65	275
145.7	275
145.75	275
145.8	275
145.85	275
145.9	275
145.95	275
146	275
146.05	275
146.1	275
146.15	275
146.2	275
146.25	275
146.3	275
146.35	275
146.4	275
146.45	275
146.5	275
146.55	275
146.6	275
146.65	275
146.7	275
146.75	275
146.8	275
146.85	275
146.9	275
146.95	275
147	275
147.05	275
147.1	275
147.15	275
147.2	275
147.25	275
147.3	275
147.35	275
147.4	275
147.45	275
147.5	275
147.55	275
147.6	275
147.65	275
147.7	275
147.75	275
147.8	275
147.85	275
147.9	275
147.95	275
148	275
148.05	275
148.1	275
148.15	275
148.2	275
148.25	275
148.3	275
148.35	275
148.4	275
148.45	275
148.5	275
148.55	275
148.6	275
148.65	275
148.7	275
148.75	275
148.8	275
148.85	275
148.9	275
148.95	275
149	275
149.05	275
149.1	275
149.15	275
149.2	275
149.25	275
149.3	275
149.35	275
149.4	275
149.45	275
149.5	275
149.55	275
149.6	275
149.65	275
149.7	275
149.75	275
149.8	275
149.85	275
149.9	275
149.95	275
150	275
150.05	275
150.1	275
150.15	275
150.2	275
150.25	275
150.3	275
150.35	275
150.4	275
150.45	275
150.5	275
150.55	275
150.6	275
150.65	275
150.7	275
150.75	275
150.8	275
150.85	275
150.9	275
150.95	275
151	275
151.05	275
151.1	275
151.15	275
151.2	275
151.25	275
151.3	275
151.35	275
151.4	275
151.45	275
151.5	275
151.55	275
151.6	275
151.65	275
151.7	275
151.75	275
151.8	275
151.85	275
151.9	275
151.95	275
152	275
152.05	275
152.1	275
152.15	275
152.2	275
152.25	275
152.3	275
152.35	275
152.4	275
152.45	275
152.5	275
152.55	275
152.6	275
152.65	275
152.7	275
152.75	275
152.8	275
152.85	275
152.9	275
152.95	275
153	275
153.05	275
153.1	275
153.15	275
153.2	275
153.25	275
153.3	275
153.35	275
153.4	275
153.45	275
153.5	275
153.55	275
153.6	275
153.65	275
153.7	275
153.75	275
153.8	275
153.85	275
153.9	275
153.95	275
154	275
154.05	275
154.1	275
154.15	275
154.2	275
154.25	275
154.3	275
154.35	275
154.4	275
154.45	275
154.5	275
154.55	275
154.6	275
154.65	275
154.7	275
154.75	275
154.8	275
154.85	275
154.9	275
154.95	275
155	275
155.05	275
155.1	275
155.15	275
155.2	275
155.25	275
155.3	275
155.35	275
155.4	275
155.45	275
155.5	275
155.55	275
155.6	275
155.65	275
155.7	275
155.75	275
155.8	275
155.85	275
155.9	275
155.95	275
156	275
156.05	275
156.1	275
156.15	275
156.2	275
156.25	275
156.3	275
156.35	275
156.4	275
156.45	275
156.5	275
156.55	275
156.6	275
156.65	275
156.7	275
156.75	275
156.8	275
156.85	275
156.9	275
156.95	275
157	275
157.05	275
157.1	275
157.15	275
157.2	275
157.25	275
157.3	275
157.35	275
157.4	275
157.45	275
157.5	275
157.55	275
157.6	275
157.65	275
157.7	275
157.75	275
157.8	275
157.85	275
157.9	275
157.95	275
158	275
158.05	275
158.1	275
158.15	275
158.2	275
158.25	275
158.3	275
158.35	275
158.4	275
158.45	275
158.5	275
158.55	275
158.6	275
158.65	275
158.7	275
158.75	275
158.8	275
158.85	275
158.9	275
158.95	275
159	275
159.05	275
159.1	275
159.15	275
159.2	275
159.25	275
159.3	275
159.35	275
159.4	275
159.45	275
159.5	275
159.55	275
159.6	275
159.65	275
159.7	275
159.75	275
159.8	275
159.85	275
159.9	275
159.95	275
160	275
160.05	275
160.1	275
160.15	275
160.2	276
160.25	276
160.3	277
160.35	277
160.4	278
160.45	278
160.5	279
160.55	279
160.6	280
160.65	280
160.7	281
160.75	281
160.8	282
160.85	282
160.9	283
160.95	283
161	284
161.05	284
161.1	285
161.15	285
161.2	286
161.25	286
161.3	287
161.35	287
161.4	288
161.45	288
161.5	289
161.55	289
161.6	290
161.65	290
161.7	291
161.75	291
161.8	292
161.85	292
161.9	293
161.95	293
162	294
162.05	294
162.1	295
162.15	295
162.2	296
162.25	296
162.3	297
162.35	297
162.4	298
162.45	298
162.5	299
162.55	299
162.6	300
162.65	300
162.7	301
162.75	301
162.8	302
162.85	302
162.9	303
162.95	303
163	304
163.05	304
163.1	305
163.15	305
163.2	306
163.25	306
163.3	307
163.35	307
163.4	308
163.45	308
163.5	309
163.55	309
163.6	310
163.65	310
163.7	311
163.75	311
163.8	312
163.85	312
163.9	313
163.95	313
164	314
164.05	314
164.1	315
164.15	315
164.2	316
164.25	316
164.3	317
164.35	317
164.4	318
164.45	318
164.5	319
164.55	319
164.6	320
164.65	320
164.7	321
164.75	321
164.8	322
164.85	322
164.9	323
164.95	323
165	324
165.05	324
165.1	325
165.15	325
165.2	326
165.25	326
165.3	327
165.35	327
165.4	328
165.45	328
165.5	329
165.55	329
165.6	330
165.65	330
165.7	331
165.75	331
165.8	332
165.85	332
165.9	333
165.95	333
166	334
166.05	334
166.1	335
166.15	335
166.2	336
166.25	336
166.3	337
166.35	337
166.4	338
166.45	338
166.5	339
166.55	339
166.6	340
166.65	340
166.7	341
166.75	341
166.8	342
166.85	342
166.9	343
166.95	343
167	344
167.05	344
167.1	345
167.15	345
167.2	346
167.25	346
167.3	347
167.35	347
167.4	348
167.45	348
167.5	349
167.55	349
167.6	350
167.65	350
167.7	351
167.75	351
167.8	352
167.85	352
167.9	353
167.95	353
168	354
168.05	354
168.1	355
168.15	355
168.2	356
168.25	356
168.3	357
168.35	357
168.4	358
168.45	358
168.5	359
168.55	359
168.6	360
168.65	360
168.7	361
168.75	361
168.8	362
168.85	362
168.9	363
168.95	363
169	364
169.05	364
169.1	365
169.15	365
169.2	366
169.25	366
169.3	367
169.35	367
169.4	368
169.45	368
169.5	369
169.55	369
169.6	370
169.65	370
169.7	371
169.75	371
169.8	372
169.85	372
169.9	373
169.95	373
170	374
170.05	374
170.1	375
170.15	375
170.2	376
170.25	376
170.3	377
170.35	377
170.4	378
170.45	378
170.5	379
170.55	379
170.6	380
170.65	380
170.7	381
170.75	381
170.8	382
170.85	382
170.9	383
170.95	383
171	384
171.05	384
171.1	385
171.15	385
171.2	386
171.25	386
171.3	387
171.35	387
171.4	388
171.45	388
171.5	389
171.55	389
171.6	390
171.65	390
171.7	391
171.75	391
171.8	392
171.85	392
171.9	393
171.95	393
172	394
172.05	394
172.1	395
172.15	395
172.2	396
172.25	396
172.3	397
172.35	397
172.4	398
172.45	398
172.5	399
172.55	399
172.6	400
172.65	400
172.7	401
172.75	401
172.8	402
172.85	402
172.9	403
172.95	403
173	404
173.05	404
173.1	405
173.15	405
173.2	406
173.25	406
173.3	407
173.35	407
173.4	408
173.45	408
173.5	409
173.55	409
173.6	410
173.65	410
173.7	411
173.75	411
173.8	412
173.85	412
173.9	413
173.95	413
174	414
174.05	414
174.1	415
174.15	415
174.2	416
174.25	416
174.3	417
174.35	417
174.4	418
174.45	418
174.5	419
174.55	419
174.6	420
174.65	420
174.7	421
174.75	421
174.8	422
174.85	422
174.9	423
174.95	423
175	424
175.05	424
175.1	425
175.15	425
175.2	426
175.25	426
175.3	427
175.35	427
175.4	428
175.45	428
175.5	429
175.55	429
175.6	430
175.65	430
175.7	431
175.75	431
175.8	432
175.85	432
175.9	433
175.95	433
176	434
176.05	434
176.1	435
176.15	435
176.2	436
176.25	436
176.3	437
176.35	437
176.4	438
176.45	438
176.5	439
176.55	439
176.6	440
176.65	440
176.7	441
176.75	441
176.8	442
176.85	442
176.9	443
176.95	443
177	444
177.05	444
177.1	445
177.15	445
177.2	446
177.25	446
177.3	447
177.35	447
177.4	448
177.45	448
177.5	449
177.55	449
177.6	450
177.65	450
177.7	451
177.75	451
177.8	452
177.85	452
177.9	453
177.95	453
178	454
178.05	454
178.1	455
178.15	455
178.2	456
178.25	456
178.3	457
178.35	457
178.4	458
178.45	458
178.5	459
178.55	459
178.6	460
178.65	460
178.7	461
178.75	461
178.8	462
178.85	462
178.9	463
178.95	463
179	464
179.05	464
179.1	465
179.15	465
179.2	466
179.25	466
179.3	467
179.35	467
179.4	468
179.45	468
179.5	469
179.55	469
179.6	470
179.65	470
179.7	471
179.75	471
179.8	472
179.85	472
179.9	473
179.95	473
180	474
180.05	474
180.1	475
180.15	475
180.2	476
180.25	476
180.3	477
180.35	477
180.4	478
180.45	478
180.5	479
180.55	479
180.6	480
180.65	480
180.7	481
180.75	481
180.8	482
180.85	482
180.9	483
180.95	483
181	484
181.05	484
181.1	485
181.15	485
181.2	486
181.25	486
181.3	487
181.35	487
181.4	488
181.45	488
181.5	489
181.55	489
181.6	490
181.65	490
181.7	490
181.75	491
181.8	491
181.85	492
181.9	492
181.95	493
182	493
182.05	494
182.1	494
182.15	495
182.2	495
182.25	495
182.3	495
182.35	495
182.4	495
182.45	495
182.5	495
182.55	495
182.6	495
182.65	495
182.7	495
182.75	495
182.8	495
182.85	495
182.9	495
182.95	495
183	495
183.05	495
183.1	495
183.15	495
183.2	495
183.25	495
183.3	495
183.35	495
183.4	495
183.45	495
183.5	495
183.55	495
183.6	495
183.65	495
183.7	495
183.75	495
183.8	495
183.85	495
183.9	495
183.95	495
184	495
184.05	495
184.1	495
184.15	495
184.2	495
184.25	495
184.3	495
184.35	495
184.4	495
184.45	495
184.5	495
184.55	495
184.6	495
184.65	495
184.7	495
184.75	495
184.8	495
184.85	495
184.9	495
184.95	495
185	495
185.05	495
185.1	495
185.15	495
185.2	495
185.25	495
185.3	495
185.35	495
185.4	495
185.45	495
185.5	495
185.55	495
185.6	495
185.65	495
185.7	495
185.75	495
185.8	495
185.85	495
185.9	495
185.95	495
186	495
186.05	495
186.1	495
186.15	495
186.2	495
186.25	495
186.3	495
186.35	495
186.4	495
186.45	495
186.5	495
186.55	495
186.6	495
186.65	495
186.7	495
186.75	495
186.8	495
186.85	495
186.9	495
186.95	495
187	495
187.05	495
187.1	495
187.15	495
187.2	495
187.25	495
187.3	495
187.35	495
187.4	495
187.45	495
187.5	495
187.55	495
187.6	495
187.65	495
187.7	495
187.75	495
187.8	495
187.85	495
187.9	495
187.95	495
188	495
188.05	495
188.1	495
188.15	495
188.2	495
188.25	495
188.3	495
188.35	495
188.4	495
188.45	495
188.5	495
188.55	495
188.6	495
188.65	495
188.7	495
188.75	495
188.8	495
188.85	495
188.9	495
188.95	495
189	495
189.05	495
189.1	495
189.15	495
189.2	495
189.25	495
189.3	495
189.35	495
189.4	495
189.45	495
189.5	495
189.55	495
189.6	495
189.65	495
189.7	495
189.75	495
189.8	495
189.85	495
189.9	495
189.95	495
190	495
190.05	495
190.1	495
190.15	495
190.2	495
190.25	495
190.3	495
190.35	495
190.4	495
190.45	495
190.5	495
190.55	495
190.6	495
190.65	495
190.7	495
190.75	495
190.8	495
190.85	495
190.9	495
190.95	495
191	495
191.05	495
191.1	495
191.15	495
191.2	495
191.25	495
191.3	495
191.35	495
191.4	495
191.45	495
191.5	495
191.55	495
191.6	495
191.65	495
191.7	495
191.75	495
191.8	495
191.85	495
191.9	495
191.95	495
192	495
192.05	495
192.1	495
192.15	495
192.2	495
192.25	495
192.3	495
192.35	495
192.4	495
192.45	495
192.5	495
192.55	495
192.6	495
192.65	495
192.7	495
192.75	495
192.8	495
192.85	495
192.9	495
192.95	495
193	495
193.05	495
193.1	495
193.15	495
193.2	495
193.25	495
193.3	495
193.35	495
193.4	495
193.45	495
193.5	495
193.55	495
193.6	495
193.65	495
193.7	495
193.75	495
193.8	495
193.85	495
193.9	495
193.95	495
194	495
194.05	495
194.1	495
194.15	495
194.2	495
194.25	495
194.3	495
194.35	495
194.4	495
194.45	495
194.5	495
194.55	495
194.6	495
194.65	495
194.7	495
194.75	495
194.8	495
194.85	495
194.9	495
194.95	495
195	495
195.05	495
195.1	495
195.15	495
195.2	495
195.25	495
195.3	495
195.35	495
195.4	495
195.45	495
195.5	495
195.55	495
195.6	495
195.65	495
195.7	495
195.75	495
195.8	495
195.85	495
195.9	495
195.95	495
196	495
196.05	495
196.1	495
196.15	495
196.2	495
196.25	495
196.3	495
196.35	495
196.4	495
196.45	495
196.5	495
196.55	495
196.6	495
196.65	495
196.7	495
196.75	495
196.8	495
196.85	495
196.9	495
196.95	495
197	495
197.05	495
197.1	495
197.15	495
197.2	495
197.25	495
197.3	495
197.35	495
197.4	495
197.45	495
197.5	495
197.55	495
197.6	495
197.65	495
197.7	495
197.75	495
197.8	495
197.85	495
197.9	495
197.95	495
198	495
198.05	495
198.1	495
198.15	495
198.2	495
198.25	495
198.3	495
198.35	495
198.4	495
198.45	495
198.5	495
198.55	495
198.6	495
198.65	495
198.7	495
198.75	495
198.8	495
198.85	495
198.9	495
198.95	495
199	495
199.05	495
199.1	495
199.15	495
199.2	495
199.25	495
199.3	495
199.35	495
199.4	495
199.45	495
199.5	495
199.55	495
199.6	495
199.65	495
199.7	495
199.75	495
199.8	495
199.85	495
199.9	495
199.95	495
200	495
200.05	495
200.1	495
200.15	495
200.2	495
200.25	495
200.3	495
200.35	495
200.4	495
200.45	495
200.5	495
200.55	495
200.6	495
200.65	495
200.7	495
200.75	495
200.8	495
200.85	495
200.9	495
200.95	495
201	495
201.05	495
201.1	495
201.15	495
201.2	495
201.25	495
201.3	495
201.35	495
201.4	495
201.45	495
201.5	495
201.55	495
201.6	495
201.65	495
201.7	495
201.75	495
201.8	495
201.85	495
201.9	495
201.95	495
202	495
202.05	495
202.1	495
202.15	495
202.2	495
202.25	495
202.3	495
202.35	495
202.4	495
202.45	495
202.5	495
202.55	495
202.6	495
202.65	495
202.7	495
202.75	495
202.8	495
202.85	495
202.9	495
202.95	495
203	495
203.05	495
203.1	495
203.15	495
203.2	495
203.25	495
203.3	495
203.35	495
203.4	495
203.45	495
203.5	495
203.55	495
203.6	495
203.65	495
203.7	495
203.75	495
203.8	495
203.85	495
203.9	495
203.95	495
204	495
204.05	495
204.1	495
204.15	495
204.2	495
204.25	495
204.3	495
204.35	495
204.4	495
204.45	495
204.5	495
204.55	495
204.6	495
204.65	495
204.7	495
204.75	495
204.8	495
204.85	495
204.9	495
204.95	495
205	495
205.05	495
205.1	495
205.15	495
205.2	495
205.25	495
205.3	495
205.35	495
205.4	495
205.45	495
205.5	495
205.55	495
205.6	495
205.65	495
205.7	495
205.75	495
205.8	495
205.85	495
205.9	495
205.95	495
206	495
206.05	495
206.1	495
206.15	495
206.2	495
206.25	495
206.3	495
206.35	495
206.4	495
206.45	495
206.5	495
206.55	495
206.6	495
206.65	495
206.7	495
206.75	495
206.8	495
206.85	495
206.9	495
206.95	495
207	495
207.05	495
207.1	495
207.15	495
207.2	495
207.25	495
207.3	495
207.35	495
207.4	495
207.45	495
207.5	495
207.55	495
207.6	495
207.65	495
207.7	495
207.75	495
207.8	495
207.85	495
207.9	495
207.95	495
208	495
208.05	495
208.1	495
208.15	495
208.2	495
208.25	495
208.3	495
208.35	495
208.4	495
208.45	495
208.5	495
208.55	495
208.6	495
208.65	495
208.7	495
208.75	495
208.8	495
208.85	495
208.9	495
208.95	495
209	495
209.05	495
209.1	495
209.15	495
209.2	495
209.25	495
209.3	495
209.35	495
209.4	495
209.45	495
209.5	495
209.55	495
209.6	495
209.65	495
209.7	495
209.75	495
209.8	495
209.85	495
209.9	495
209.95	495
210	495
210.05	495
210.1	495
210.15	495
210.2	495
210.25	495
210.3	495
210.35	495
210.4	495
210.45	495
210.5	495
210.55	495
210.6	495
210.65	495
210.7	495
210.75	495
210.8	495
210.85	495
210.9	495
210.95	495
211	495
211.05	495
211.1	495
211.15	495
211.2	495
211.25	495
211.3	495
211.35	495
211.4	495
211.45	495
211.5	495
211.55	495
211.6	495
211.65	495
211.7	495
211.75	495
211.8	495
211.85	495
211.9	495
211.95	495
212	495
212.05	495
212.1	495
212.15	495
212.2	495
212.25	495
212.3	495
212.35	495
212.4	495
212.45	495
212.5	495
212.55	495
212.6	495
212.65	495
212.7	495
212.75	495
212.8	495
212.85	495
212.9	495
212.95	495
213	495
213.05	495
213.1	495
213.15	495
213.2	495
213.25	495
213.3	495
213.35	495
213.4	495
213.45	495
213.5	495
213.55	495
213.6	495
213.65	495
213.7	495
213.75	495
213.8	495
213.85	495
213.9	495
213.95	495
214	495
214.05	495
214.1	495
214.15	495
214.2	495
214.25	495
214.3	495
214.35	495
214.4	495
214.45	495
214.5	495
214.55	495
214.6	495
214.65	495
214.7	495
214.75	495
214.8	495
214.85	495
214.9	495
214.95	495
215	495
215.05	495
215.1	495
215.15	495
215.2	495
215.25	495
215.3	495
215.35	495
215.4	495
215.45	495
215.5	495
215.55	495
215.6	495
215.65	495
215.7	495
215.75	495
215.8	495
215.85	495
215.9	495
215.95	495
216	495
216.05	495
216.1	495
216.15	495
216.2	495
216.25	495
216.3	495
216.35	495
216.4	495
216.45	495
216.5	495
216.55	495
216.6	495
216.65	495
216.7	495
216.75	495
216.8	495
216.85	495
216.9	495
216.95	495
217	495
217.05	495
217.1	495
217.15	495
217.2	495
217.25	495
217.3	495
217.35	495
217.4	495
217.45	495
217.5	495
217.55	495
217.6	495
217.65	495
217.7	495
217.75	495
217.8	495
217.85	495
217.9	495
217.95	495
218	495
218.05	495
218.1	495
218.15	495
218.2	495
218.25	495
218.3	495
218.35	495
218.4	495
218.45	495
218.5	495
218.55	495
218.6	495
218.65	495
218.7	495
218.75	495
218.8	495
218.85	495
218.9	495
218.95	495
219	495
219.05	495
219.1	495
219.15	495
219.2	495
219.25	495
219.3	495
219.35	495
219.4	495
219.45	495
219.5	495
219.55	495
219.6	495
219.65	495
219.7	495
219.75	495
219.8	495
219.85	495
219.9	495
219.95	495
220	495
220.05	495
220.1	495
220.15	495
220.2	495
220.25	495
220.3	495
220.35	495
220.4	495
220.45	495
220.5	495
220.55	495
220.6	495
220.65	495
220.7	495
220.75	495
220.8	495
220.85	495
220.9	495
220.95	495
221	495
221.05	495
221.1	495
221.15	495
221.2	495
221.25	495
221.3	495
221.35	495
221.4	495
221.45	495
221.5	495
221.55	495
221.6	495
221.65	495
221.7	495
221.75	495
221.8	495
221.85	495
221.9	495
221.95	495
222	495
222.05	495
222.1	495
222.15	495
222.2	495
222.25	495
222.3	495
222.35	495
222.4	495
222.45	495
222.5	495
222.55	495
222.6	495
222.65	495
222.7	495
222.75	495
222.8	495
222.85	495
222.9	495
222.95	495
223	495
223.05	495
223.1	495
223.15	495
223.2	495
223.25	495
223.3	495
223.35	495
223.4	495
223.45	495
223.5	495
223.55	495
223.6	495
223.65	495
223.7	495
223.75	495
223.8	495
223.85	495
223.9	495
223.95	495
224	495
224.05	495
224.1	495
224.15	495
224.2	495
224.25	495
224.3	495
224.35	495
224.4	495
224.45	495
224.5	495
224.55	495
224.6	495
224.65	495
224.7	495
224.75	495
224.8	495
224.85	495
224.9	495
224.95	495
225	495
225.05	495
225.1	495
225.15	495
225.2	495
225.25	495
225.3	495
225.35	495
225.4	495
225.45	495
225.5	495
225.55	495
225.6	495
225.65	495
225.7	495
225.75	495
225.8	495
225.85	495
225.9	495
225.95	495
226	495
226.05	495
226.1	495
226.15	495
226.2	495
226.25	495
226.3	495
226.35	495
226.4	495
226.45	495
226.5	495
226.55	495
226.6	495
226.65	495
226.7	495
226.75	495
226.8	495
226.85	495
226.9	495
226.95	495
227	495
227.05	495
227.1	495
227.15	495
227.2	495
227.25	495
227.3	495
227.35	495
227.4	495
227.45	495
227.5	495
227.55	495
227.6	495
227.65	495
227.7	495
227.75	495
227.8	495
227.85	495
227.9	495
227.95	495
228	495
228.05	495
228.1	495
228.15	495
228.2	495
228.25	495
228.3	495
228.35	495
228.4	495
228.45	495
228.5	495
228.55	495
228.6	495
228.65	495
228.7	495
228.75	495
228.8	495
228.85	495
228.9	495
228.95	495
229	495
229.05	495
229.1	495
229.15	495
229.2	495
229.25	495
229.3	495
229.35	495
229.4	495
229.45	495
229.5	495
229.55	495
229.6	495
229.65	495
229.7	495
229.75	495
229.8	495
229.85	495
229.9	495
229.95	495
230	495
230.05	495
230.1	495
230.15	495
230.2	495
230.25	495
230.3	495
230.35	495
230.4	495
230.45	495
230.5	495
230.55	495
230.6	495
230.65	495
230.7	495
230.75	495
230.8	495
230.85	495
230.9	495
230.95	495
231	495
231.05	495
231.1	495
231.15	495
231.2	495
231.25	495
231.3	495
231.35	495
231.4	495
231.45	495
231.5	495
231.55	495
231.6	495
231.65	495
231.7	495
231.75	495
231.8	495
231.85	495
231.9	495
231.95	495
232	495
232.05	495
232.1	495
232.15	495
232.2	495
232.25	495
232.3	495
232.35	495
232.4	495
232.45	495
232.5	495
232.55	495
232.6	495
232.65	495
232.7	495
232.75	495
232.8	495
232.85	495
232.9	495
232.95	495
233	495
233.05	495
233.1	495
233.15	495
233.2	495
233.25	495
233.3	495
233.35	495
233.4	495
233.45	495
233.5	495
233.55	495
233.6	495
233.65	495
233.7	495
233.75	495
233.8	495
233.85	495
233.9	495
233.95	495
234	495
234.05	495
234.1	495
234.15	495
234.2	495
234.25	495
234.3	495
234.35	495
234.4	495
234.45	495
234.5	495
234.55	495
234.6	495
234.65	495
234.7	495
234.75	495
234.8	495
234.85	495
234.9	495
234.95	495
235	495
235.05	495
235.1	495
235.15	495
235.2	495
235.25	495
235.3	495
235.35	495
235.4	495
235.45	495
235.5	495
235.55	495
235.6	495
235.65	495
235.7	495
235.75	495
235.8	495
235.85	495
235.9	495
235.95	495
236	495
236.05	495
236.1	495
236.15	495
236.2	495
236.25	495
236.3	495
236.35	495
236.4	495
236.45	495
236.5	495
236.55	495
236.6	495
236.65	495
236.7	495
236.75	495
236.8	495
236.85	495
236.9	495
236.95	495
237	495
237.05	495
237.1	495
237.15	495
237.2	495
237.25	495
237.3	495
237.35	495
237.4	495
237.45	495
237.5	495
237.55	495
237.6	495
237.65	495
237.7	495
237.75	495
237.8	495
237.85	495
237.9	495
237.95	495
238	495
238.05	495
238.1	495
238.15	495
238.2	495
238.25	495
238.3	495
238.35	495
238.4	495
238.45	495
238.5	495
238.55	495
238.6	495
238.65	495
238.7	495
238.75	495
238.8	495
238.85	495
238.9	495
238.95	495
239	495
239.05	495
239.1	495
239.15	495
239.2	495
239.25	495
239.3	495
239.35	495
239.4	495
239.45	495
239.5	495
239.55	495
239.6	495
239.65	495
239.7	495
239.75	495
239.8	495
239.85	495
239.9	495
239.95	495
