# Time(s)	CWND(packets)
0.05	0
0.1	0
0.15	10
0.2	10
0.25	15
0.3	15
0.35	22
0.4	22
0.45	33
0.5	33
0.55	49
0.6	49
0.65	73
0.7	73
0.75	109
0.8	109
0.85	163
0.9	163
0.95	244
1	244
1.05	337
1.1	337
1.15	337
1.2	338
1.25	338
1.3	339
1.35	339
1.4	340
1.45	340
1.5	341
1.55	341
1.6	342
1.65	342
1.7	343
1.75	343
1.8	344
1.85	344
1.9	345
1.95	345
2	346
2.05	346
2.1	347
2.15	347
2.2	348
2.25	348
2.3	349
2.35	349
2.4	350
2.45	350
2.5	351
2.55	351
2.6	352
2.65	352
2.7	353
2.75	353
2.8	354
2.85	354
2.9	355
2.95	355
3	356
3.05	356
3.1	357
3.15	357
3.2	358
3.25	358
3.3	359
3.35	359
3.4	360
3.45	360
3.5	361
3.55	361
3.6	362
3.65	362
3.7	363
3.75	363
3.8	364
3.85	364
3.9	365
3.95	365
4	366
4.05	366
4.1	367
4.15	367
4.2	368
4.25	368
4.3	369
4.35	369
4.4	370
4.45	370
4.5	371
4.55	371
4.6	372
4.65	372
4.7	373
4.75	373
4.8	374
4.85	374
4.9	375
4.95	375
5	376
5.05	376
5.1	377
5.15	377
5.2	378
5.25	378
5.3	379
5.35	379
5.4	380
5.45	380
5.5	381
5.55	381
5.6	382
5.65	382
5.7	383
5.75	383
5.8	384
5.85	384
5.9	385
5.95	385
6	386
6.05	386
6.1	387
6.15	387
6.2	388
6.25	388
6.3	389
6.35	389
6.4	390
6.45	390
6.5	391
6.55	391
6.6	392
6.65	392
6.7	393
6.75	393
6.8	394
6.85	394
6.9	395
6.95	395
7	396
7.05	396
7.1	397
7.15	397
7.2	398
7.25	398
7.3	399
7.35	399
7.4	400
7.45	400
7.5	401
7.55	401
7.6	402
7.65	402
7.7	403
7.75	403
7.8	404
7.85	404
7.9	405
7.95	405
8	406
8.05	406
8.1	407
8.15	407
8.2	408
8.25	408
8.3	409
8.35	409
8.4	410
8.45	410
8.5	411
8.55	411
8.6	412
8.65	412
8.7	413
8.75	413
8.8	414
8.85	414
8.9	415
8.95	415
9	416
9.05	416
9.1	417
9.15	417
9.2	418
9.25	418
9.3	419
9.35	419
9.4	420
9.45	420
9.5	421
9.55	421
9.6	422
9.65	422
9.7	423
9.75	423
9.8	424
9.85	424
9.9	425
9.95	425
10	426
10.05	426
10.1	427
10.15	427
10.2	428
10.25	428
10.3	429
10.35	429
10.4	430
10.45	430
10.5	431
10.55	431
10.6	432
10.65	432
10.7	433
10.75	433
10.8	434
10.85	434
10.9	435
10.95	435
11	436
11.05	436
11.1	437
11.15	437
11.2	438
11.25	438
11.3	439
11.35	439
11.4	440
11.45	440
11.5	441
11.55	441
11.6	442
11.65	442
11.7	443
11.75	443
11.8	444
11.85	444
11.9	445
11.95	445
12	446
12.05	446
12.1	447
12.15	447
12.2	448
12.25	448
12.3	449
12.35	449
12.4	450
12.45	450
12.5	451
12.55	451
12.6	452
12.65	452
12.7	453
12.75	453
12.8	454
12.85	454
12.9	455
12.95	455
13	456
13.05	456
13.1	457
13.15	457
13.2	458
13.25	458
13.3	459
13.35	459
13.4	460
13.45	460
13.5	461
13.55	461
13.6	462
13.65	462
13.7	463
13.75	463
13.8	464
13.85	464
13.9	465
13.95	465
14	466
14.05	466
14.1	467
14.15	467
14.2	468
14.25	468
14.3	469
14.35	469
14.4	470
14.45	470
14.5	471
14.55	471
14.6	472
14.65	472
14.7	473
14.75	473
14.8	474
14.85	474
14.9	475
14.95	475
15	476
15.05	476
15.1	477
15.15	477
15.2	478
15.25	478
15.3	479
15.35	479
15.4	480
15.45	480
15.5	481
15.55	481
15.6	482
15.65	482
15.7	483
15.75	483
15.8	484
15.85	484
15.9	485
15.95	485
16	486
16.05	486
16.1	487
16.15	487
16.2	488
16.25	488
16.3	489
16.35	489
16.4	490
16.45	490
16.5	491
16.55	491
16.6	492
16.65	492
16.7	493
16.75	493
16.8	494
16.85	494
16.9	495
16.95	495
17	496
17.05	496
17.1	497
17.15	497
17.2	498
17.25	498
17.3	499
17.35	499
17.4	500
17.45	500
17.5	501
17.55	501
17.6	502
17.65	502
17.7	503
17.75	503
17.8	504
17.85	504
17.9	505
17.95	505
18	506
18.05	506
18.1	507
18.15	507
18.2	508
18.25	508
18.3	509
18.35	509
18.4	510
18.45	510
18.5	511
18.55	511
18.6	512
18.65	512
18.7	513
18.75	513
18.8	514
18.85	514
18.9	515
18.95	515
19	516
19.05	516
19.1	517
19.15	517
19.2	518
19.25	518
19.3	519
19.35	519
19.4	520
19.45	520
19.5	521
19.55	521
19.6	522
19.65	522
19.7	523
19.75	523
19.8	524
19.85	524
19.9	525
19.95	525
20	526
20.05	526
20.1	527
20.15	527
20.2	528
20.25	528
20.3	529
20.35	529
20.4	530
20.45	530
20.5	531
20.55	531
20.6	532
20.65	532
20.7	533
20.75	533
20.8	534
20.85	534
20.9	535
20.95	535
21	536
21.05	536
21.1	537
21.15	537
21.2	538
21.25	538
21.3	539
21.35	539
21.4	540
21.45	540
21.5	541
21.55	541
21.6	542
21.65	542
21.7	543
21.75	543
21.8	544
21.85	544
21.9	545
21.95	545
22	546
22.05	546
22.1	547
22.15	547
22.2	548
22.25	548
22.3	549
22.35	549
22.4	550
22.45	550
22.5	551
22.55	551
22.6	552
22.65	552
22.7	553
22.75	553
22.8	554
22.85	554
22.9	555
22.95	555
23	556
23.05	556
23.1	557
23.15	557
23.2	558
23.25	558
23.3	559
23.35	559
23.4	560
23.45	560
23.5	561
23.55	561
23.6	562
23.65	562
23.7	563
23.75	563
23.8	564
23.85	564
23.9	565
23.95	565
24	566
24.05	566
24.1	567
24.15	567
24.2	568
24.25	568
24.3	569
24.35	569
24.4	570
24.45	570
24.5	571
24.55	571
24.6	572
24.65	572
24.7	573
24.75	573
24.8	574
24.85	574
24.9	575
24.95	575
25	576
25.05	576
25.1	577
25.15	577
25.2	578
25.25	578
25.3	579
25.35	579
25.4	580
25.45	580
25.5	581
25.55	581
25.6	582
25.65	582
25.7	583
25.75	583
25.8	584
25.85	584
25.9	585
25.95	585
26	586
26.05	586
26.1	587
26.15	587
26.2	588
26.25	588
26.3	589
26.35	589
26.4	590
26.45	590
26.5	591
26.55	591
26.6	592
26.65	592
26.7	593
26.75	593
26.8	594
26.85	594
26.9	595
26.95	595
27	596
27.05	596
27.1	597
27.15	597
27.2	598
27.25	598
27.3	599
27.35	599
27.4	600
27.45	600
27.5	601
27.55	601
27.6	602
27.65	602
27.7	603
27.75	603
27.8	604
27.85	604
27.9	605
27.95	605
28	606
28.05	606
28.1	607
28.15	607
28.2	608
28.25	608
28.3	609
28.35	609
28.4	610
28.45	610
28.5	610
28.55	611
28.6	611
28.65	612
28.7	612
28.75	613
28.8	613
28.85	614
28.9	614
28.95	614
29	614
29.05	614
29.1	614
29.15	614
29.2	614
29.25	614
29.3	614
29.35	614
29.4	614
29.45	614
29.5	614
29.55	614
29.6	614
29.65	614
29.7	614
29.75	614
29.8	614
29.85	614
29.9	614
29.95	614
30	614
30.05	614
30.1	614
30.15	614
30.2	614
30.25	614
30.3	614
30.35	614
30.4	614
30.45	614
30.5	614
30.55	614
30.6	614
30.65	614
30.7	614
30.75	614
30.8	614
30.85	614
30.9	614
30.95	614
31	614
31.05	614
31.1	614
31.15	614
31.2	614
31.25	614
31.3	614
31.35	614
31.4	614
31.45	614
31.5	614
31.55	614
31.6	614
31.65	614
31.7	614
31.75	614
31.8	614
31.85	614
31.9	614
31.95	614
32	614
32.05	614
32.1	614
32.15	614
32.2	614
32.25	614
32.3	614
32.35	614
32.4	614
32.45	614
32.5	614
32.55	614
32.6	614
32.65	614
32.7	614
32.75	614
32.8	614
32.85	614
32.9	614
32.95	614
33	614
33.05	614
33.1	614
33.15	614
33.2	614
33.25	614
33.3	614
33.35	614
33.4	614
33.45	614
33.5	614
33.55	614
33.6	614
33.65	614
33.7	614
33.75	614
33.8	614
33.85	614
33.9	614
33.95	614
34	614
34.05	614
34.1	614
34.15	614
34.2	614
34.25	614
34.3	614
34.35	614
34.4	614
34.45	614
34.5	614
34.55	614
34.6	614
34.65	614
34.7	614
34.75	614
34.8	614
34.85	614
34.9	614
34.95	614
35	614
35.05	614
35.1	614
35.15	614
35.2	614
35.25	614
35.3	614
35.35	614
35.4	614
35.45	614
35.5	614
35.55	614
35.6	614
35.65	614
35.7	614
35.75	614
35.8	614
35.85	614
35.9	614
35.95	614
36	614
36.05	614
36.1	614
36.15	614
36.2	614
36.25	614
36.3	614
36.35	614
36.4	614
36.45	614
36.5	614
36.55	614
36.6	614
36.65	614
36.7	614
36.75	614
36.8	614
36.85	614
36.9	614
36.95	614
37	614
37.05	614
37.1	614
37.15	614
37.2	614
37.25	614
37.3	614
37.35	614
37.4	614
37.45	614
37.5	614
37.55	614
37.6	614
37.65	614
37.7	614
37.75	614
37.8	614
37.85	614
37.9	614
37.95	614
38	614
38.05	614
38.1	614
38.15	614
38.2	614
38.25	614
38.3	614
38.35	614
38.4	614
38.45	614
38.5	614
38.55	614
38.6	614
38.65	614
38.7	614
38.75	614
38.8	614
38.85	614
38.9	614
38.95	614
39	614
39.05	614
39.1	614
39.15	614
39.2	614
39.25	614
39.3	614
39.35	614
39.4	614
39.45	614
39.5	614
39.55	614
39.6	614
39.65	614
39.7	614
39.75	614
39.8	614
39.85	614
39.9	614
39.95	614
40	614
40.05	614
40.1	614
40.15	614
40.2	614
40.25	614
40.3	614
40.35	614
40.4	614
40.45	614
40.5	614
40.55	614
40.6	614
40.65	614
40.7	614
40.75	614
40.8	614
40.85	614
40.9	614
40.95	614
41	614
41.05	614
41.1	614
41.15	614
41.2	614
41.25	614
41.3	614
41.35	614
41.4	614
41.45	614
41.5	614
41.55	614
41.6	614
41.65	614
41.7	614
41.75	614
41.8	614
41.85	614
41.9	614
41.95	614
42	614
42.05	614
42.1	614
42.15	614
42.2	614
42.25	614
42.3	614
42.35	614
42.4	614
42.45	614
42.5	614
42.55	614
42.6	614
42.65	614
42.7	614
42.75	614
42.8	614
42.85	614
42.9	614
42.95	614
43	614
43.05	614
43.1	614
43.15	614
43.2	614
43.25	614
43.3	614
43.35	614
43.4	614
43.45	614
43.5	614
43.55	614
43.6	614
43.65	614
43.7	614
43.75	614
43.8	614
43.85	614
43.9	614
43.95	614
44	614
44.05	614
44.1	614
44.15	614
44.2	614
44.25	614
44.3	614
44.35	614
44.4	614
44.45	614
44.5	614
44.55	614
44.6	614
44.65	614
44.7	614
44.75	614
44.8	614
44.85	614
44.9	614
44.95	614
45	614
45.05	614
45.1	614
45.15	614
45.2	614
45.25	614
45.3	614
45.35	614
45.4	614
45.45	614
45.5	614
45.55	614
45.6	614
45.65	614
45.7	614
45.75	614
45.8	614
45.85	614
45.9	614
45.95	614
46	614
46.05	614
46.1	614
46.15	614
46.2	614
46.25	614
46.3	614
46.35	614
46.4	614
46.45	614
46.5	614
46.55	614
46.6	614
46.65	614
46.7	614
46.75	614
46.8	614
46.85	614
46.9	614
46.95	614
47	614
47.05	614
47.1	614
47.15	614
47.2	614
47.25	614
47.3	614
47.35	614
47.4	614
47.45	614
47.5	614
47.55	614
47.6	614
47.65	614
47.7	614
47.75	614
47.8	614
47.85	614
47.9	614
47.95	614
48	614
48.05	614
48.1	614
48.15	614
48.2	614
48.25	614
48.3	614
48.35	614
48.4	614
48.45	614
48.5	614
48.55	614
48.6	614
48.65	614
48.7	614
48.75	614
48.8	614
48.85	614
48.9	614
48.95	614
49	614
49.05	614
49.1	614
49.15	614
49.2	614
49.25	614
49.3	614
49.35	614
49.4	614
49.45	614
49.5	614
49.55	614
49.6	614
49.65	614
49.7	614
49.75	614
49.8	614
49.85	614
49.9	614
49.95	614
50	614
50.05	614
50.1	614
50.15	614
50.2	614
50.25	614
50.3	614
50.35	614
50.4	614
50.45	614
50.5	614
50.55	614
50.6	614
50.65	614
50.7	614
50.75	614
50.8	614
50.85	614
50.9	614
50.95	614
51	614
51.05	614
51.1	614
51.15	614
51.2	614
51.25	614
51.3	614
51.35	614
51.4	614
51.45	614
51.5	614
51.55	614
51.6	614
51.65	614
51.7	614
51.75	614
51.8	614
51.85	614
51.9	614
51.95	614
52	614
52.05	614
52.1	614
52.15	614
52.2	614
52.25	614
52.3	614
52.35	614
52.4	614
52.45	614
52.5	614
52.55	614
52.6	614
52.65	614
52.7	614
52.75	614
52.8	614
52.85	614
52.9	614
52.95	614
53	614
53.05	614
53.1	614
53.15	614
53.2	614
53.25	614
53.3	614
53.35	614
53.4	614
53.45	614
53.5	614
53.55	614
53.6	614
53.65	614
53.7	614
53.75	614
53.8	614
53.85	614
53.9	614
53.95	614
54	614
54.05	614
54.1	614
54.15	614
54.2	614
54.25	614
54.3	614
54.35	614
54.4	614
54.45	614
54.5	614
54.55	614
54.6	614
54.65	614
54.7	614
54.75	614
54.8	614
54.85	614
54.9	614
54.95	614
55	614
55.05	614
55.1	614
55.15	614
55.2	614
55.25	614
55.3	614
55.35	614
55.4	614
55.45	614
55.5	614
55.55	614
55.6	614
55.65	614
55.7	614
55.75	614
55.8	614
55.85	614
55.9	614
55.95	614
56	614
56.05	614
56.1	614
56.15	614
56.2	614
56.25	614
56.3	614
56.35	614
56.4	614
56.45	614
56.5	614
56.55	614
56.6	614
56.65	614
56.7	614
56.75	614
56.8	614
56.85	614
56.9	614
56.95	614
57	614
57.05	614
57.1	614
57.15	614
57.2	614
57.25	614
57.3	614
57.35	614
57.4	614
57.45	614
57.5	614
57.55	614
57.6	614
57.65	614
57.7	614
57.75	614
57.8	614
57.85	614
57.9	614
57.95	614
58	614
58.05	614
58.1	614
58.15	614
58.2	614
58.25	614
58.3	614
58.35	614
58.4	614
58.45	614
58.5	614
58.55	614
58.6	614
58.65	614
58.7	614
58.75	614
58.8	614
58.85	614
58.9	614
58.95	614
59	614
59.05	614
59.1	614
59.15	614
59.2	614
59.25	614
59.3	614
59.35	614
59.4	614
59.45	614
59.5	614
59.55	614
59.6	614
59.65	614
59.7	614
59.75	614
59.8	614
59.85	614
59.9	614
59.95	614
60	614
60.05	614
60.1	614
60.15	614
60.2	614
60.25	614
60.3	614
60.35	614
60.4	614
60.45	614
60.5	614
60.55	614
60.6	614
60.65	614
60.7	614
60.75	614
60.8	614
60.85	614
60.9	614
60.95	614
61	614
61.05	614
61.1	614
61.15	614
61.2	614
61.25	614
61.3	614
61.35	614
61.4	614
61.45	614
61.5	614
61.55	614
61.6	614
61.65	614
61.7	614
61.75	614
61.8	614
61.85	614
61.9	614
61.95	614
62	614
62.05	614
62.1	614
62.15	614
62.2	614
62.25	614
62.3	614
62.35	614
62.4	614
62.45	614
62.5	614
62.55	614
62.6	614
62.65	614
62.7	614
62.75	614
62.8	614
62.85	614
62.9	614
62.95	614
63	614
63.05	614
63.1	614
63.15	614
63.2	614
63.25	614
63.3	614
63.35	614
63.4	614
63.45	614
63.5	614
63.55	614
63.6	614
63.65	614
63.7	614
63.75	614
63.8	614
63.85	614
63.9	614
63.95	614
64	614
64.05	614
64.1	614
64.15	614
64.2	614
64.25	614
64.3	614
64.35	614
64.4	614
64.45	614
64.5	614
64.55	614
64.6	614
64.65	614
64.7	614
64.75	614
64.8	614
64.85	614
64.9	614
64.95	614
65	614
65.05	614
65.1	614
65.15	614
65.2	614
65.25	614
65.3	614
65.35	614
65.4	614
65.45	614
65.5	614
65.55	614
65.6	614
65.65	614
65.7	614
65.75	614
65.8	614
65.85	614
65.9	614
65.95	614
66	614
66.05	614
66.1	614
66.15	614
66.2	614
66.25	614
66.3	614
66.35	614
66.4	614
66.45	614
66.5	614
66.55	614
66.6	614
66.65	614
66.7	614
66.75	614
66.8	614
66.85	614
66.9	614
66.95	614
67	614
67.05	614
67.1	614
67.15	614
67.2	614
67.25	614
67.3	614
67.35	614
67.4	614
67.45	614
67.5	614
67.55	614
67.6	614
67.65	614
67.7	614
67.75	614
67.8	614
67.85	614
67.9	614
67.95	614
68	614
68.05	614
68.1	614
68.15	614
68.2	614
68.25	614
68.3	614
68.35	614
68.4	614
68.45	614
68.5	614
68.55	614
68.6	614
68.65	614
68.7	614
68.75	614
68.8	614
68.85	614
68.9	614
68.95	614
69	614
69.05	614
69.1	614
69.15	614
69.2	614
69.25	614
69.3	614
69.35	614
69.4	614
69.45	614
69.5	614
69.55	614
69.6	614
69.65	614
69.7	614
69.75	614
69.8	614
69.85	614
69.9	614
69.95	614
70	614
70.05	614
70.1	614
70.15	614
70.2	614
70.25	614
70.3	614
70.35	614
70.4	614
70.45	614
70.5	614
70.55	614
70.6	614
70.65	614
70.7	614
70.75	614
70.8	614
70.85	614
70.9	614
70.95	614
71	614
71.05	614
71.1	614
71.15	614
71.2	614
71.25	614
71.3	614
71.35	614
71.4	614
71.45	614
71.5	614
71.55	614
71.6	614
71.65	614
71.7	614
71.75	614
71.8	614
71.85	614
71.9	614
71.95	614
72	614
72.05	614
72.1	614
72.15	614
72.2	614
72.25	614
72.3	614
72.35	614
72.4	614
72.45	614
72.5	614
72.55	614
72.6	614
72.65	614
72.7	614
72.75	614
72.8	614
72.85	614
72.9	614
72.95	614
73	614
73.05	614
73.1	614
73.15	614
73.2	614
73.25	614
73.3	614
73.35	614
73.4	614
73.45	614
73.5	614
73.55	614
73.6	614
73.65	614
73.7	614
73.75	614
73.8	614
73.85	614
73.9	614
73.95	614
74	614
74.05	614
74.1	614
74.15	614
74.2	614
74.25	614
74.3	614
74.35	614
74.4	614
74.45	614
74.5	614
74.55	614
74.6	614
74.65	614
74.7	614
74.75	614
74.8	614
74.85	614
74.9	614
74.95	614
75	614
75.05	614
75.1	614
75.15	614
75.2	614
75.25	614
75.3	614
75.35	614
75.4	614
75.45	614
75.5	614
75.55	614
75.6	614
75.65	614
75.7	614
75.75	614
75.8	614
75.85	614
75.9	614
75.95	614
76	614
76.05	614
76.1	614
76.15	614
76.2	614
76.25	614
76.3	614
76.35	614
76.4	614
76.45	614
76.5	614
76.55	614
76.6	614
76.65	614
76.7	614
76.75	614
76.8	614
76.85	614
76.9	614
76.95	614
77	614
77.05	614
77.1	614
77.15	614
77.2	614
77.25	614
77.3	614
77.35	614
77.4	614
77.45	614
77.5	614
77.55	614
77.6	614
77.65	614
77.7	614
77.75	614
77.8	614
77.85	614
77.9	614
77.95	614
78	614
78.05	614
78.1	614
78.15	614
78.2	614
78.25	614
78.3	614
78.35	614
78.4	614
78.45	614
78.5	614
78.55	614
78.6	614
78.65	614
78.7	614
78.75	614
78.8	614
78.85	614
78.9	614
78.95	614
79	614
79.05	614
79.1	614
79.15	614
79.2	614
79.25	614
79.3	614
79.35	614
79.4	614
79.45	614
79.5	614
79.55	614
79.6	614
79.65	614
79.7	614
79.75	614
79.8	614
79.85	614
79.9	614
79.95	614
80	614
80.05	614
80.1	614
80.15	614
80.2	614
80.25	614
80.3	614
80.35	613
80.4	613
80.45	613
80.5	613
80.55	612
80.6	612
80.65	612
80.7	612
80.75	611
80.8	611
80.85	611
80.9	611
80.95	610
81	610
81.05	610
81.1	610
81.15	609
81.2	609
81.25	609
81.3	609
81.35	608
81.4	608
81.45	608
81.5	608
81.55	608
81.6	607
81.65	607
81.7	607
81.75	607
81.8	606
81.85	606
81.9	606
81.95	606
82	605
82.05	605
82.1	605
82.15	605
82.2	604
82.25	604
82.3	604
82.35	604
82.4	603
82.45	603
82.5	603
82.55	603
82.6	602
82.65	602
82.7	602
82.75	602
82.8	601
82.85	601
82.9	601
82.95	601
83	600
83.05	600
83.1	600
83.15	600
83.2	599
83.25	599
83.3	599
83.35	599
83.4	598
83.45	598
83.5	598
83.55	598
83.6	597
83.65	597
83.7	597
83.75	597
83.8	596
83.85	596
83.9	596
83.95	596
84	595
84.05	595
84.1	595
84.15	595
84.2	594
84.25	594
84.3	594
84.35	594
84.4	593
84.45	593
84.5	593
84.55	593
84.6	592
84.65	592
84.7	592
84.75	592
84.8	591
84.85	591
84.9	591
84.95	591
85	590
85.05	590
85.1	590
85.15	590
85.2	589
85.25	589
85.3	589
85.35	589
85.4	588
85.45	588
85.5	588
85.55	588
85.6	587
85.65	587
85.7	587
85.75	587
85.8	586
85.85	586
85.9	586
85.95	586
86	585
86.05	585
86.1	585
86.15	585
86.2	584
86.25	584
86.3	584
86.35	584
86.4	583
86.45	583
86.5	583
86.55	583
86.6	582
86.65	582
86.7	582
86.75	582
86.8	581
86.85	581
86.9	581
86.95	581
87	580
87.05	580
87.1	580
87.15	580
87.2	579
87.25	579
87.3	579
87.35	578
87.4	578
87.45	578
87.5	578
87.55	577
87.6	577
87.65	577
87.7	577
87.75	576
87.8	576
87.85	576
87.9	576
87.95	575
88	575
88.05	575
88.1	575
88.15	574
88.2	574
88.25	574
88.3	574
88.35	573
88.4	573
88.45	573
88.5	573
88.55	572
88.6	572
88.65	572
88.7	572
88.75	571
88.8	571
88.85	571
88.9	570
88.95	570
89	570
89.05	570
89.1	569
89.15	569
89.2	569
89.25	569
89.3	568
89.35	568
89.4	568
89.45	568
89.5	567
89.55	567
89.6	567
89.65	567
89.7	566
89.75	566
89.8	566
89.85	566
89.9	565
89.95	565
90	565
90.05	564
90.1	564
90.15	564
90.2	564
90.25	563
90.3	563
90.35	563
90.4	563
90.45	562
90.5	562
90.55	562
90.6	562
90.65	561
90.7	561
90.75	561
90.8	561
90.85	560
90.9	560
90.95	560
91	559
91.05	559
91.1	559
91.15	559
91.2	558
91.25	558
91.3	558
91.35	558
91.4	557
91.45	557
91.5	557
91.55	557
91.6	556
91.65	556
91.7	556
91.75	555
91.8	555
91.85	555
91.9	555
91.95	554
92	554
92.05	554
92.1	554
92.15	553
92.2	553
92.25	553
92.3	553
92.35	552
92.4	552
92.45	552
92.5	551
92.55	551
92.6	551
92.65	551
92.7	550
92.75	550
92.8	550
92.85	550
92.9	549
92.95	549
93	549
93.05	548
93.1	548
93.15	548
93.2	548
93.25	547
93.3	547
93.35	547
93.4	547
93.45	546
93.5	546
93.55	546
93.6	545
93.65	545
93.7	545
93.75	545
93.8	544
93.85	544
93.9	544
93.95	544
94	543
94.05	543
94.1	543
94.15	542
94.2	542
94.25	542
94.3	542
94.35	541
94.4	541
94.45	541
94.5	541
94.55	540
94.6	540
94.65	540
94.7	539
94.75	539
94.8	539
94.85	539
94.9	538
94.95	538
95	538
95.05	538
95.1	537
95.15	537
95.2	537
95.25	536
95.3	536
95.35	536
95.4	536
95.45	535
95.5	535
95.55	535
95.6	534
95.65	534
95.7	534
95.75	534
95.8	533
95.85	533
95.9	533
95.95	533
96	532
96.05	532
96.1	532
96.15	531
96.2	531
96.25	531
96.3	531
96.35	530
96.4	530
96.45	530
96.5	529
96.55	529
96.6	529
96.65	529
96.7	528
96.75	528
96.8	528
96.85	527
96.9	527
96.95	527
97	527
97.05	526
97.1	526
97.15	526
97.2	526
97.25	525
97.3	525
97.35	525
97.4	524
97.45	524
97.5	524
97.55	524
97.6	523
97.65	523
97.7	523
97.75	522
97.8	522
97.85	522
97.9	522
97.95	521
98	521
98.05	521
98.1	520
98.15	520
98.2	520
98.25	520
98.3	519
98.35	519
98.4	519
98.45	518
98.5	518
98.55	518
98.6	518
98.65	517
98.7	517
98.75	517
98.8	516
98.85	516
98.9	516
98.95	516
99	515
99.05	515
99.1	515
99.15	514
99.2	514
99.25	514
99.3	514
99.35	513
99.4	513
99.45	513
99.5	512
99.55	512
99.6	512
99.65	512
99.7	511
99.75	511
99.8	511
99.85	510
99.9	510
99.95	510
100	509
100.05	509
100.1	509
100.15	509
100.2	508
100.25	508
100.3	508
100.35	507
100.4	507
100.45	507
100.5	507
100.55	506
100.6	506
100.65	506
100.7	505
100.75	505
100.8	505
100.85	504
100.9	504
100.95	504
101	504
101.05	503
101.1	503
101.15	503
101.2	502
101.25	502
101.3	502
101.35	502
101.4	501
101.45	501
101.5	501
101.55	500
101.6	500
101.65	500
101.7	499
101.75	499
101.8	499
101.85	499
101.9	498
101.95	498
102	498
102.05	497
102.1	497
102.15	497
102.2	496
102.25	496
102.3	496
102.35	496
102.4	495
102.45	495
102.5	495
102.55	494
102.6	494
102.65	494
102.7	493
102.75	493
102.8	493
102.85	493
102.9	492
102.95	492
103	492
103.05	491
103.1	491
103.15	491
103.2	490
103.25	490
103.3	490
103.35	490
103.4	489
103.45	489
103.5	489
103.55	488
103.6	488
103.65	488
103.7	487
103.75	487
103.8	487
103.85	487
103.9	486
103.95	486
104	486
104.05	485
104.1	485
104.15	485
104.2	484
104.25	484
104.3	484
104.35	483
104.4	483
104.45	483
104.5	483
104.55	482
104.6	482
104.65	482
104.7	481
104.75	481
104.8	481
104.85	480
104.9	480
104.95	480
105	479
105.05	479
105.1	479
105.15	479
105.2	478
105.25	478
105.3	478
105.35	477
105.4	477
105.45	477
105.5	476
105.55	476
105.6	476
105.65	475
105.7	475
105.75	475
105.8	474
105.85	474
105.9	474
105.95	474
106	473
106.05	473
106.1	473
106.15	472
106.2	472
106.25	472
106.3	471
106.35	471
106.4	471
106.45	470
106.5	470
106.55	470
106.6	469
106.65	469
106.7	469
106.75	468
106.8	468
106.85	468
106.9	468
106.95	467
107	467
107.05	467
107.1	466
107.15	466
107.2	466
107.25	465
107.3	465
107.35	465
107.4	464
107.45	464
107.5	464
107.55	463
107.6	463
107.65	463
107.7	462
107.75	462
107.8	462
107.85	461
107.9	461
107.95	461
108	461
108.05	460
108.1	460
108.15	460
108.2	459
108.25	459
108.3	459
108.35	458
108.4	458
108.45	458
108.5	457
108.55	457
108.6	457
108.65	456
108.7	456
108.75	456
108.8	455
108.85	455
108.9	455
108.95	454
109	454
109.05	454
109.1	453
109.15	453
109.2	453
109.25	452
109.3	452
109.35	452
109.4	451
109.45	451
109.5	451
109.55	450
109.6	450
109.65	450
109.7	449
109.75	449
109.8	449
109.85	448
109.9	448
109.95	448
110	447
110.05	447
110.1	447
110.15	446
110.2	446
110.25	446
110.3	445
110.35	445
110.4	445
110.45	444
110.5	444
110.55	444
110.6	443
110.65	443
110.7	443
110.75	442
110.8	442
110.85	442
110.9	441
110.95	441
111	441
111.05	440
111.1	440
111.15	440
111.2	439
111.25	439
111.3	439
111.35	438
111.4	438
111.45	438
111.5	437
111.55	437
111.6	437
111.65	436
111.7	436
111.75	436
111.8	435
111.85	435
111.9	435
111.95	434
112	434
112.05	434
112.1	433
112.15	433
112.2	433
112.25	432
112.3	432
112.35	432
112.4	431
112.45	431
112.5	431
112.55	430
112.6	430
112.65	429
112.7	429
112.75	429
112.8	428
112.85	428
112.9	428
112.95	427
113	427
113.05	427
113.1	426
113.15	426
113.2	426
113.25	425
113.3	425
113.35	425
113.4	424
113.45	424
113.5	424
113.55	423
113.6	423
113.65	423
113.7	422
113.75	422
113.8	421
113.85	421
113.9	421
113.95	420
114	420
114.05	420
114.1	419
114.15	419
114.2	419
114.25	418
114.3	418
114.35	418
114.4	417
114.45	417
114.5	417
114.55	416
114.6	416
114.65	415
114.7	415
114.75	415
114.8	414
114.85	414
114.9	414
114.95	413
115	413
115.05	413
115.1	412
115.15	412
115.2	411
115.25	411
115.3	411
115.35	410
115.4	410
115.45	410
115.5	409
115.55	409
115.6	409
115.65	408
115.7	408
115.75	408
115.8	407
115.85	407
115.9	406
115.95	406
116	406
116.05	405
116.1	405
116.15	405
116.2	404
116.25	404
116.3	403
116.35	403
116.4	403
116.45	402
116.5	402
116.55	402
116.6	401
116.65	401
116.7	401
116.75	400
116.8	400
116.85	399
116.9	399
116.95	399
117	398
117.05	398
117.1	398
117.15	397
117.2	397
117.25	396
117.3	396
117.35	396
117.4	395
117.45	395
117.5	395
117.55	394
117.6	394
117.65	393
117.7	393
117.75	393
117.8	392
117.85	392
117.9	392
117.95	391
118	391
118.05	390
118.1	390
118.15	390
118.2	389
118.25	389
118.3	388
118.35	388
118.4	388
118.45	387
118.5	387
118.55	387
118.6	386
118.65	386
118.7	385
118.75	385
118.8	385
118.85	384
118.9	384
118.95	383
119	383
119.05	383
119.1	382
119.15	382
119.2	382
119.25	381
119.3	381
119.35	380
119.4	380
119.45	380
119.5	379
119.55	379
119.6	378
119.65	378
119.7	378
119.75	377
119.8	377
119.85	376
119.9	376
119.95	376
120	375
120.05	375
120.1	374
120.15	374
120.2	374
120.25	373
120.3	373
120.35	372
120.4	372
120.45	372
120.5	371
120.55	371
120.6	370
120.65	370
120.7	370
120.75	369
120.8	369
120.85	368
120.9	368
120.95	368
121	367
121.05	367
121.1	366
121.15	366
121.2	366
121.25	365
121.3	365
121.35	364
121.4	364
121.45	364
121.5	363
121.55	363
121.6	362
121.65	362
121.7	362
121.75	361
121.8	361
121.85	360
121.9	360
121.95	360
122	359
122.05	359
122.1	358
122.15	358
122.2	357
122.25	357
122.3	357
122.35	356
122.4	356
122.45	355
122.5	355
122.55	355
122.6	354
122.65	354
122.7	353
122.75	353
122.8	352
122.85	352
122.9	352
122.95	351
123	351
123.05	350
123.1	350
123.15	349
123.2	349
123.25	349
123.3	348
123.35	348
123.4	347
123.45	347
123.5	346
123.55	346
123.6	346
123.65	345
123.7	345
123.75	344
123.8	344
123.85	343
123.9	343
123.95	343
124	342
124.05	342
124.1	341
124.15	341
124.2	340
124.25	340
124.3	340
124.35	339
124.4	339
124.45	338
124.5	338
124.55	337
124.6	337
124.65	336
124.7	336
124.75	336
124.8	335
124.85	335
124.9	335
124.95	335
125	335
125.05	335
125.1	335
125.15	335
125.2	335
125.25	335
125.3	335
125.35	335
125.4	335
125.45	335
125.5	335
125.55	335
125.6	335
125.65	335
125.7	335
125.75	335
125.8	335
125.85	335
125.9	335
125.95	335
126	335
126.05	335
126.1	335
126.15	335
126.2	335
126.25	335
126.3	335
126.35	335
126.4	335
126.45	335
126.5	335
126.55	335
126.6	335
126.65	335
126.7	335
126.75	335
126.8	335
126.85	335
126.9	335
126.95	335
127	335
127.05	335
127.1	335
127.15	335
127.2	335
127.25	335
127.3	335
127.35	335
127.4	335
127.45	335
127.5	335
127.55	335
127.6	335
127.65	335
127.7	335
127.75	335
127.8	335
127.85	335
127.9	335
127.95	335
128	335
128.05	335
128.1	335
128.15	335
128.2	335
128.25	335
128.3	335
128.35	335
128.4	335
128.45	335
128.5	335
128.55	335
128.6	335
128.65	335
128.7	335
128.75	335
128.8	335
128.85	335
128.9	335
128.95	335
129	335
129.05	335
129.1	335
129.15	335
129.2	335
129.25	335
129.3	335
129.35	335
129.4	335
129.45	335
129.5	335
129.55	335
129.6	335
129.65	335
129.7	335
129.75	335
129.8	335
129.85	335
129.9	335
129.95	335
130	335
130.05	335
130.1	335
130.15	335
130.2	335
130.25	335
130.3	335
130.35	335
130.4	335
130.45	335
130.5	335
130.55	335
130.6	335
130.65	335
130.7	335
130.75	335
130.8	335
130.85	335
130.9	335
130.95	335
131	335
131.05	335
131.1	335
131.15	335
131.2	335
131.25	335
131.3	335
131.35	335
131.4	335
131.45	335
131.5	335
131.55	335
131.6	335
131.65	335
131.7	335
131.75	335
131.8	335
131.85	335
131.9	335
131.95	335
132	335
132.05	335
132.1	335
132.15	335
132.2	335
132.25	335
132.3	335
132.35	335
132.4	335
132.45	335
132.5	335
132.55	335
132.6	335
132.65	335
132.7	335
132.75	335
132.8	335
132.85	335
132.9	335
132.95	335
133	335
133.05	335
133.1	335
133.15	335
133.2	335
133.25	335
133.3	335
133.35	335
133.4	335
133.45	335
133.5	335
133.55	335
133.6	335
133.65	335
133.7	335
133.75	335
133.8	335
133.85	335
133.9	335
133.95	335
134	335
134.05	335
134.1	335
134.15	335
134.2	335
134.25	335
134.3	335
134.35	335
134.4	335
134.45	335
134.5	335
134.55	335
134.6	335
134.65	335
134.7	335
134.75	335
134.8	335
134.85	335
134.9	335
134.95	335
135	335
135.05	335
135.1	335
135.15	335
135.2	335
135.25	335
135.3	335
135.35	335
135.4	335
135.45	335
135.5	335
135.55	335
135.6	335
135.65	335
135.7	335
135.75	335
135.8	335
135.85	335
135.9	335
135.95	335
136	335
136.05	335
136.1	335
136.15	335
136.2	335
136.25	335
136.3	335
136.35	335
136.4	335
136.45	335
136.5	335
136.55	335
136.6	335
136.65	335
136.7	335
136.75	335
136.8	335
136.85	335
136.9	335
136.95	335
137	335
137.05	335
137.1	335
137.15	335
137.2	335
137.25	335
137.3	335
137.35	335
137.4	335
137.45	335
137.5	335
137.55	335
137.6	335
137.65	335
137.7	335
137.75	335
137.8	335
137.85	335
137.9	335
137.95	335
138	335
138.05	335
138.1	335
138.15	335
138.2	335
138.25	335
138.3	335
138.35	335
138.4	335
138.45	335
138.5	335
138.55	335
138.6	335
138.65	335
138.7	335
138.75	335
138.8	335
138.85	335
138.9	335
138.95	335
139	335
139.05	335
139.1	335
139.15	335
139.2	335
139.25	335
139.3	335
139.35	335
139.4	335
139.45	335
139.5	335
139.55	335
139.6	335
139.65	335
139.7	335
139.75	335
139.8	335
139.85	335
139.9	335
139.95	335
140	335
140.05	335
140.1	335
140.15	335
140.2	335
140.25	335
140.3	335
140.35	335
140.4	335
140.45	335
140.5	335
140.55	335
140.6	335
140.65	335
140.7	335
140.75	335
140.8	335
140.85	335
140.9	335
140.95	335
141	335
141.05	335
141.1	335
141.15	335
141.2	335
141.25	335
141.3	335
141.35	335
141.4	335
141.45	335
141.5	335
141.55	335
141.6	335
141.65	335
141.7	335
141.75	335
141.8	335
141.85	335
141.9	335
141.95	335
142	335
142.05	335
142.1	335
142.15	335
142.2	335
142.25	335
142.3	335
142.35	335
142.4	335
142.45	335
142.5	335
142.55	335
142.6	335
142.65	335
142.7	335
142.75	335
142.8	335
142.85	335
142.9	335
142.95	335
143	335
143.05	335
143.1	335
143.15	335
143.2	335
143.25	335
143.3	335
143.35	335
143.4	335
143.45	335
143.5	335
143.55	335
143.6	335
143.65	335
143.7	335
143.75	335
143.8	335
143.85	335
143.9	335
143.95	335
144	335
144.05	335
144.1	335
144.15	335
144.2	335
144.25	335
144.3	335
144.35	335
144.4	335
144.45	335
144.5	335
144.55	335
144.6	335
144.65	335
144.7	335
144.75	335
144.8	335
144.85	335
144.9	335
144.95	335
145	335
145.05	335
145.1	335
145.15	335
145.2	335
145.25	335
145.3	335
145.35	335
145.4	335
145.45	335
145.5	335
145.55	335
145.6	335
145.65	335
145.7	335
145.75	335
145.8	335
145.85	335
145.9	335
145.95	335
146	335
146.05	335
146.1	335
146.15	335
146.2	335
146.25	335
146.3	335
146.35	335
146.4	335
146.45	335
146.5	335
146.55	335
146.6	335
146.65	335
146.7	335
146.75	335
146.8	335
146.85	335
146.9	335
146.95	335
147	335
147.05	335
147.1	335
147.15	335
147.2	335
147.25	335
147.3	335
147.35	335
147.4	335
147.45	335
147.5	335
147.55	335
147.6	335
147.65	335
147.7	335
147.75	335
147.8	335
147.85	335
147.9	335
147.95	335
148	335
148.05	335
148.1	335
148.15	335
148.2	335
148.25	335
148.3	335
148.35	335
148.4	335
148.45	335
148.5	335
148.55	335
148.6	335
148.65	335
148.7	335
148.75	335
148.8	335
148.85	335
148.9	335
148.95	335
149	335
149.05	335
149.1	335
149.15	335
149.2	335
149.25	335
149.3	335
149.35	335
149.4	335
149.45	335
149.5	335
149.55	335
149.6	335
149.65	335
149.7	335
149.75	335
149.8	335
149.85	335
149.9	335
149.95	335
150	335
150.05	335
150.1	335
150.15	335
150.2	335
150.25	335
150.3	335
150.35	335
150.4	335
150.45	335
150.5	335
150.55	335
150.6	335
150.65	335
150.7	335
150.75	335
150.8	335
150.85	335
150.9	335
150.95	335
151	335
151.05	335
151.1	335
151.15	335
151.2	335
151.25	335
151.3	335
151.35	335
151.4	335
151.45	335
151.5	335
151.55	335
151.6	335
151.65	335
151.7	335
151.75	335
151.8	335
151.85	335
151.9	335
151.95	335
152	335
152.05	335
152.1	335
152.15	335
152.2	335
152.25	335
152.3	335
152.35	335
152.4	335
152.45	335
152.5	335
152.55	335
152.6	335
152.65	335
152.7	335
152.75	335
152.8	335
152.85	335
152.9	335
152.95	335
153	335
153.05	335
153.1	335
153.15	335
153.2	335
153.25	335
153.3	335
153.35	335
153.4	335
153.45	335
153.5	335
153.55	335
153.6	335
153.65	335
153.7	335
153.75	335
153.8	335
153.85	335
153.9	335
153.95	335
154	335
154.05	335
154.1	335
154.15	335
154.2	335
154.25	335
154.3	335
154.35	335
154.4	335
154.45	335
154.5	335
154.55	335
154.6	335
154.65	335
154.7	335
154.75	335
154.8	335
154.85	335
154.9	335
154.95	335
155	335
155.05	335
155.1	335
155.15	335
155.2	335
155.25	335
155.3	335
155.35	335
155.4	335
155.45	335
155.5	335
155.55	335
155.6	335
155.65	335
155.7	335
155.75	335
155.8	335
155.85	335
155.9	335
155.95	335
156	335
156.05	335
156.1	335
156.15	335
156.2	335
156.25	335
156.3	335
156.35	335
156.4	335
156.45	335
156.5	335
156.55	335
156.6	335
156.65	335
156.7	335
156.75	335
156.8	335
156.85	335
156.9	335
156.95	335
157	335
157.05	335
157.1	335
157.15	335
157.2	335
157.25	335
157.3	335
157.35	335
157.4	335
157.45	335
157.5	335
157.55	335
157.6	335
157.65	335
157.7	335
157.75	335
157.8	335
157.85	335
157.9	335
157.95	335
158	335
158.05	335
158.1	335
158.15	335
158.2	335
158.25	335
158.3	335
158.35	335
158.4	335
158.45	335
158.5	335
158.55	335
158.6	335
158.65	335
158.7	335
158.75	335
158.8	335
158.85	335
158.9	335
158.95	335
159	335
159.05	335
159.1	335
159.15	335
159.2	335
159.25	335
159.3	335
159.35	335
159.4	335
159.45	335
159.5	335
159.55	335
159.6	335
159.65	335
159.7	335
159.75	335
159.8	335
159.85	335
159.9	335
159.95	335
160	335
160.05	335
160.1	335
160.15	336
160.2	336
160.25	337
160.3	337
160.35	338
160.4	338
160.45	339
160.5	339
160.55	340
160.6	340
160.65	341
160.7	341
160.75	342
160.8	342
160.85	343
160.9	343
160.95	344
161	344
161.05	345
161.1	345
161.15	346
161.2	346
161.25	347
161.3	347
161.35	348
161.4	348
161.45	349
161.5	349
161.55	350
161.6	350
161.65	351
161.7	351
161.75	352
161.8	352
161.85	353
161.9	353
161.95	354
162	354
162.05	355
162.1	355
162.15	356
162.2	356
162.25	357
162.3	357
162.35	358
162.4	358
162.45	359
162.5	359
162.55	360
162.6	360
162.65	361
162.7	361
162.75	362
162.8	362
162.85	363
162.9	363
162.95	364
163	364
163.05	365
163.1	365
163.15	366
163.2	366
163.25	367
163.3	367
163.35	368
163.4	368
163.45	369
163.5	369
163.55	370
163.6	370
163.65	371
163.7	371
163.75	372
163.8	372
163.85	373
163.9	373
163.95	374
164	374
164.05	375
164.1	375
164.15	376
164.2	376
164.25	377
164.3	377
164.35	378
164.4	378
164.45	379
164.5	379
164.55	380
164.6	380
164.65	381
164.7	381
164.75	382
164.8	382
164.85	383
164.9	383
164.95	384
165	384
165.05	385
165.1	385
165.15	386
165.2	386
165.25	387
165.3	387
165.35	388
165.4	388
165.45	389
165.5	389
165.55	390
165.6	390
165.65	391
165.7	391
165.75	392
165.8	392
165.85	393
165.9	393
165.95	394
166	394
166.05	395
166.1	395
166.15	396
166.2	396
166.25	397
166.3	397
166.35	398
166.4	398
166.45	399
166.5	399
166.55	400
166.6	400
166.65	401
166.7	401
166.75	402
166.8	402
166.85	403
166.9	403
166.95	404
167	404
167.05	405
167.1	405
167.15	406
167.2	406
167.25	407
167.3	407
167.35	408
167.4	408
167.45	409
167.5	409
167.55	410
167.6	410
167.65	411
167.7	411
167.75	412
167.8	412
167.85	413
167.9	413
167.95	414
168	414
168.05	415
168.1	415
168.15	416
168.2	416
168.25	417
168.3	417
168.35	418
168.4	418
168.45	419
168.5	419
168.55	420
168.6	420
168.65	421
168.7	421
168.75	422
168.8	422
168.85	423
168.9	423
168.95	424
169	424
169.05	425
169.1	425
169.15	426
169.2	426
169.25	427
169.3	427
169.35	428
169.4	428
169.45	429
169.5	429
169.55	430
169.6	430
169.65	431
169.7	431
169.75	432
169.8	432
169.85	433
169.9	433
169.95	434
170	434
170.05	435
170.1	435
170.15	436
170.2	436
170.25	437
170.3	437
170.35	438
170.4	438
170.45	439
170.5	439
170.55	440
170.6	440
170.65	441
170.7	441
170.75	442
170.8	442
170.85	443
170.9	443
170.95	444
171	444
171.05	445
171.1	445
171.15	446
171.2	446
171.25	447
171.3	447
171.35	448
171.4	448
171.45	449
171.5	449
171.55	450
171.6	450
171.65	451
171.7	451
171.75	452
171.8	452
171.85	453
171.9	453
171.95	454
172	454
172.05	455
172.1	455
172.15	456
172.2	456
172.25	457
172.3	457
172.35	458
172.4	458
172.45	459
172.5	459
172.55	460
172.6	460
172.65	461
172.7	461
172.75	462
172.8	462
172.85	463
172.9	463
172.95	464
173	464
173.05	465
173.1	465
173.15	466
173.2	466
173.25	467
173.3	467
173.35	468
173.4	468
173.45	469
173.5	469
173.55	470
173.6	470
173.65	471
173.7	471
173.75	472
173.8	472
173.85	473
173.9	473
173.95	474
174	474
174.05	475
174.1	475
174.15	476
174.2	476
174.25	477
174.3	477
174.35	478
174.4	478
174.45	479
174.5	479
174.55	480
174.6	480
174.65	481
174.7	481
174.75	482
174.8	482
174.85	483
174.9	483
174.95	484
175	484
175.05	485
175.1	485
175.15	486
175.2	486
175.25	487
175.3	487
175.35	488
175.4	488
175.45	489
175.5	489
175.55	490
175.6	490
175.65	491
175.7	491
175.75	492
175.8	492
175.85	493
175.9	493
175.95	494
176	494
176.05	495
176.1	495
176.15	496
176.2	496
176.25	497
176.3	497
176.35	498
176.4	498
176.45	499
176.5	499
176.55	500
176.6	500
176.65	501
176.7	501
176.75	502
176.8	502
176.85	503
176.9	503
176.95	504
177	504
177.05	505
177.1	505
177.15	506
177.2	506
177.25	507
177.3	507
177.35	508
177.4	508
177.45	509
177.5	509
177.55	510
177.6	510
177.65	511
177.7	511
177.75	512
177.8	512
177.85	513
177.9	513
177.95	514
178	514
178.05	515
178.1	515
178.15	516
178.2	516
178.25	517
178.3	517
178.35	518
178.4	518
178.45	519
178.5	519
178.55	520
178.6	520
178.65	521
178.7	521
178.75	522
178.8	522
178.85	523
178.9	523
178.95	524
179	524
179.05	525
179.1	525
179.15	526
179.2	526
179.25	527
179.3	527
179.35	528
179.4	528
179.45	529
179.5	529
179.55	530
179.6	530
179.65	531
179.7	531
179.75	532
179.8	532
179.85	533
179.9	533
179.95	534
180	534
180.05	535
180.1	535
180.15	536
180.2	536
180.25	537
180.3	537
180.35	538
180.4	538
180.45	539
180.5	539
180.55	540
180.6	540
180.65	541
180.7	541
180.75	542
180.8	542
180.85	543
180.9	543
180.95	544
181	544
181.05	545
181.1	545
181.15	546
181.2	546
181.25	547
181.3	547
181.35	548
181.4	548
181.45	549
181.5	549
181.55	550
181.6	550
181.65	551
181.7	551
181.75	552
181.8	552
181.85	553
181.9	553
181.95	554
182	554
182.05	555
182.1	555
182.15	556
182.2	556
182.25	557
182.3	557
182.35	558
182.4	558
182.45	559
182.5	559
182.55	560
182.6	560
182.65	561
182.7	561
182.75	562
182.8	562
182.85	563
182.9	563
182.95	564
183	564
183.05	565
183.1	565
183.15	566
183.2	566
183.25	567
183.3	567
183.35	568
183.4	568
183.45	569
183.5	569
183.55	570
183.6	570
183.65	571
183.7	571
183.75	572
183.8	572
183.85	573
183.9	573
183.95	574
184	574
184.05	575
184.1	575
184.15	576
184.2	576
184.25	577
184.3	577
184.35	578
184.4	578
184.45	579
184.5	579
184.55	580
184.6	580
184.65	581
184.7	581
184.75	582
184.8	582
184.85	583
184.9	583
184.95	584
185	584
185.05	585
185.1	585
185.15	586
185.2	586
185.25	587
185.3	587
185.35	588
185.4	588
185.45	589
185.5	589
185.55	590
185.6	590
185.65	591
185.7	591
185.75	592
185.8	592
185.85	593
185.9	593
185.95	594
186	594
186.05	595
186.1	595
186.15	596
186.2	596
186.25	597
186.3	597
186.35	598
186.4	598
186.45	599
186.5	599
186.55	600
186.6	600
186.65	601
186.7	601
186.75	602
186.8	602
186.85	603
186.9	603
186.95	604
187	604
187.05	605
187.1	605
187.15	606
187.2	606
187.25	607
187.3	607
187.35	608
187.4	608
187.45	609
187.5	609
187.55	610
187.6	610
187.65	611
187.7	611
187.75	612
187.8	612
187.85	613
187.9	613
187.95	614
188	614
188.05	614
188.1	614
188.15	614
188.2	614
188.25	614
188.3	614
188.35	614
188.4	614
188.45	614
188.5	614
188.55	614
188.6	614
188.65	614
188.7	614
188.75	614
188.8	614
188.85	614
188.9	614
188.95	614
189	614
189.05	614
189.1	614
189.15	614
189.2	614
189.25	614
189.3	614
189.35	614
189.4	614
189.45	614
189.5	614
189.55	614
189.6	614
189.65	614
189.7	614
189.75	614
189.8	614
189.85	614
189.9	614
189.95	614
190	614
190.05	614
190.1	614
190.15	614
190.2	614
190.25	614
190.3	614
190.35	614
190.4	614
190.45	614
190.5	614
190.55	614
190.6	614
190.65	614
190.7	614
190.75	614
190.8	614
190.85	614
190.9	614
190.95	614
191	614
191.05	614
191.1	614
191.15	614
191.2	614
191.25	614
191.3	614
191.35	614
191.4	614
191.45	614
191.5	614
191.55	614
191.6	614
191.65	614
191.7	614
191.75	614
191.8	614
191.85	614
191.9	614
191.95	614
192	614
192.05	614
192.1	614
192.15	614
192.2	614
192.25	614
192.3	614
192.35	614
192.4	614
192.45	614
192.5	614
192.55	614
192.6	614
192.65	614
192.7	614
192.75	614
192.8	614
192.85	614
192.9	614
192.95	614
193	614
193.05	614
193.1	614
193.15	614
193.2	614
193.25	614
193.3	614
193.35	614
193.4	614
193.45	614
193.5	614
193.55	614
193.6	614
193.65	614
193.7	614
193.75	614
193.8	614
193.85	614
193.9	614
193.95	614
194	614
194.05	614
194.1	614
194.15	614
194.2	614
194.25	614
194.3	614
194.35	614
194.4	614
194.45	614
194.5	614
194.55	614
194.6	614
194.65	614
194.7	614
194.75	614
194.8	614
194.85	614
194.9	614
194.95	614
195	614
195.05	614
195.1	614
195.15	614
195.2	614
195.25	614
195.3	614
195.35	614
195.4	614
195.45	614
195.5	614
195.55	614
195.6	614
195.65	614
195.7	614
195.75	614
195.8	614
195.85	614
195.9	614
195.95	614
196	614
196.05	614
196.1	614
196.15	614
196.2	614
196.25	614
196.3	614
196.35	614
196.4	614
196.45	614
196.5	614
196.55	614
196.6	614
196.65	614
196.7	614
196.75	614
196.8	614
196.85	614
196.9	614
196.95	614
197	614
197.05	614
197.1	614
197.15	614
197.2	614
197.25	614
197.3	614
197.35	614
197.4	614
197.45	614
197.5	614
197.55	614
197.6	614
197.65	614
197.7	614
197.75	614
197.8	614
197.85	614
197.9	614
197.95	614
198	614
198.05	614
198.1	614
198.15	614
198.2	614
198.25	614
198.3	614
198.35	614
198.4	614
198.45	614
198.5	614
198.55	614
198.6	614
198.65	614
198.7	614
198.75	614
198.8	614
198.85	614
198.9	614
198.95	614
199	614
199.05	614
199.1	614
199.15	614
199.2	614
199.25	614
199.3	614
199.35	614
199.4	614
199.45	614
199.5	614
199.55	614
199.6	614
199.65	614
199.7	614
199.75	614
199.8	614
199.85	614
199.9	614
199.95	614
200	614
200.05	614
200.1	614
200.15	614
200.2	614
200.25	614
200.3	614
200.35	614
200.4	614
200.45	614
200.5	614
200.55	614
200.6	614
200.65	614
200.7	614
200.75	614
200.8	614
200.85	614
200.9	614
200.95	614
201	614
201.05	614
201.1	614
201.15	614
201.2	614
201.25	614
201.3	614
201.35	614
201.4	614
201.45	614
201.5	614
201.55	614
201.6	614
201.65	614
201.7	614
201.75	614
201.8	614
201.85	614
201.9	614
201.95	614
202	614
202.05	614
202.1	614
202.15	614
202.2	614
202.25	614
202.3	614
202.35	614
202.4	614
202.45	614
202.5	614
202.55	614
202.6	614
202.65	614
202.7	614
202.75	614
202.8	614
202.85	614
202.9	614
202.95	614
203	614
203.05	614
203.1	614
203.15	614
203.2	614
203.25	614
203.3	614
203.35	614
203.4	614
203.45	614
203.5	614
203.55	614
203.6	614
203.65	614
203.7	614
203.75	614
203.8	614
203.85	614
203.9	614
203.95	614
204	614
204.05	614
204.1	614
204.15	614
204.2	614
204.25	614
204.3	614
204.35	614
204.4	614
204.45	614
204.5	614
204.55	614
204.6	614
204.65	614
204.7	614
204.75	614
204.8	614
204.85	614
204.9	614
204.95	614
205	614
205.05	614
205.1	614
205.15	614
205.2	614
205.25	614
205.3	614
205.35	614
205.4	614
205.45	614
205.5	614
205.55	614
205.6	614
205.65	614
205.7	614
205.75	614
205.8	614
205.85	614
205.9	614
205.95	614
206	614
206.05	614
206.1	614
206.15	614
206.2	614
206.25	614
206.3	614
206.35	614
206.4	614
206.45	614
206.5	614
206.55	614
206.6	614
206.65	614
206.7	614
206.75	614
206.8	614
206.85	614
206.9	614
206.95	614
207	614
207.05	614
207.1	614
207.15	614
207.2	614
207.25	614
207.3	614
207.35	614
207.4	614
207.45	614
207.5	614
207.55	614
207.6	614
207.65	614
207.7	614
207.75	614
207.8	614
207.85	614
207.9	614
207.95	614
208	614
208.05	614
208.1	614
208.15	614
208.2	614
208.25	614
208.3	614
208.35	614
208.4	614
208.45	614
208.5	614
208.55	614
208.6	614
208.65	614
208.7	614
208.75	614
208.8	614
208.85	614
208.9	614
208.95	614
209	614
209.05	614
209.1	614
209.15	614
209.2	614
209.25	614
209.3	614
209.35	614
209.4	614
209.45	614
209.5	614
209.55	614
209.6	614
209.65	614
209.7	614
209.75	614
209.8	614
209.85	614
209.9	614
209.95	614
210	614
210.05	614
210.1	614
210.15	614
210.2	614
210.25	614
210.3	614
210.35	614
210.4	614
210.45	614
210.5	614
210.55	614
210.6	614
210.65	614
210.7	614
210.75	614
210.8	614
210.85	614
210.9	614
210.95	614
211	614
211.05	614
211.1	614
211.15	614
211.2	614
211.25	614
211.3	614
211.35	614
211.4	614
211.45	614
211.5	614
211.55	614
211.6	614
211.65	614
211.7	614
211.75	614
211.8	614
211.85	614
211.9	614
211.95	614
212	614
212.05	614
212.1	614
212.15	614
212.2	614
212.25	614
212.3	614
212.35	614
212.4	614
212.45	614
212.5	614
212.55	614
212.6	614
212.65	614
212.7	614
212.75	614
212.8	614
212.85	614
212.9	614
212.95	614
213	614
213.05	614
213.1	614
213.15	614
213.2	614
213.25	614
213.3	614
213.35	614
213.4	614
213.45	614
213.5	614
213.55	614
213.6	614
213.65	614
213.7	614
213.75	614
213.8	614
213.85	614
213.9	614
213.95	614
214	614
214.05	614
214.1	614
214.15	614
214.2	614
214.25	614
214.3	614
214.35	614
214.4	614
214.45	614
214.5	614
214.55	614
214.6	614
214.65	614
214.7	614
214.75	614
214.8	614
214.85	614
214.9	614
214.95	614
215	614
215.05	614
215.1	614
215.15	614
215.2	614
215.25	614
215.3	614
215.35	614
215.4	614
215.45	614
215.5	614
215.55	614
215.6	614
215.65	614
215.7	614
215.75	614
215.8	614
215.85	614
215.9	614
215.95	614
216	614
216.05	614
216.1	614
216.15	614
216.2	614
216.25	614
216.3	614
216.35	614
216.4	614
216.45	614
216.5	614
216.55	614
216.6	614
216.65	614
216.7	614
216.75	614
216.8	614
216.85	614
216.9	614
216.95	614
217	614
217.05	614
217.1	614
217.15	614
217.2	614
217.25	614
217.3	614
217.35	614
217.4	614
217.45	614
217.5	614
217.55	614
217.6	614
217.65	614
217.7	614
217.75	614
217.8	614
217.85	614
217.9	614
217.95	614
218	614
218.05	614
218.1	614
218.15	614
218.2	614
218.25	614
218.3	614
218.35	614
218.4	614
218.45	614
218.5	614
218.55	614
218.6	614
218.65	614
218.7	614
218.75	614
218.8	614
218.85	614
218.9	614
218.95	614
219	614
219.05	614
219.1	614
219.15	614
219.2	614
219.25	614
219.3	614
219.35	614
219.4	614
219.45	614
219.5	614
219.55	614
219.6	614
219.65	614
219.7	614
219.75	614
219.8	614
219.85	614
219.9	614
219.95	614
220	614
220.05	614
220.1	614
220.15	614
220.2	614
220.25	614
220.3	614
220.35	614
220.4	614
220.45	614
220.5	614
220.55	614
220.6	614
220.65	614
220.7	614
220.75	614
220.8	614
220.85	614
220.9	614
220.95	614
221	614
221.05	614
221.1	614
221.15	614
221.2	614
221.25	614
221.3	614
221.35	614
221.4	614
221.45	614
221.5	614
221.55	614
221.6	614
221.65	614
221.7	614
221.75	614
221.8	614
221.85	614
221.9	614
221.95	614
222	614
222.05	614
222.1	614
222.15	614
222.2	614
222.25	614
222.3	614
222.35	614
222.4	614
222.45	614
222.5	614
222.55	614
222.6	614
222.65	614
222.7	614
222.75	614
222.8	614
222.85	614
222.9	614
222.95	614
223	614
223.05	614
223.1	614
223.15	614
223.2	614
223.25	614
223.3	614
223.35	614
223.4	614
223.45	614
223.5	614
223.55	614
223.6	614
223.65	614
223.7	614
223.75	614
223.8	614
223.85	614
223.9	614
223.95	614
224	614
224.05	614
224.1	614
224.15	614
224.2	614
224.25	614
224.3	614
224.35	614
224.4	614
224.45	614
224.5	614
224.55	614
224.6	614
224.65	614
224.7	614
224.75	614
224.8	614
224.85	614
224.9	614
224.95	614
225	614
225.05	614
225.1	614
225.15	614
225.2	614
225.25	614
225.3	614
225.35	614
225.4	614
225.45	614
225.5	614
225.55	614
225.6	614
225.65	614
225.7	614
225.75	614
225.8	614
225.85	614
225.9	614
225.95	614
226	614
226.05	614
226.1	614
226.15	614
226.2	614
226.25	614
226.3	614
226.35	614
226.4	614
226.45	614
226.5	614
226.55	614
226.6	614
226.65	614
226.7	614
226.75	614
226.8	614
226.85	614
226.9	614
226.95	614
227	614
227.05	614
227.1	614
227.15	614
227.2	614
227.25	614
227.3	614
227.35	614
227.4	614
227.45	614
227.5	614
227.55	614
227.6	614
227.65	614
227.7	614
227.75	614
227.8	614
227.85	614
227.9	614
227.95	614
228	614
228.05	614
228.1	614
228.15	614
228.2	614
228.25	614
228.3	614
228.35	614
228.4	614
228.45	614
228.5	614
228.55	614
228.6	614
228.65	614
228.7	614
228.75	614
228.8	614
228.85	614
228.9	614
228.95	614
229	614
229.05	614
229.1	614
229.15	614
229.2	614
229.25	614
229.3	614
229.35	614
229.4	614
229.45	614
229.5	614
229.55	614
229.6	614
229.65	614
229.7	614
229.75	614
229.8	614
229.85	614
229.9	614
229.95	614
230	614
230.05	614
230.1	614
230.15	614
230.2	614
230.25	614
230.3	614
230.35	614
230.4	614
230.45	614
230.5	614
230.55	614
230.6	614
230.65	614
230.7	614
230.75	614
230.8	614
230.85	614
230.9	614
230.95	614
231	614
231.05	614
231.1	614
231.15	614
231.2	614
231.25	614
231.3	614
231.35	614
231.4	614
231.45	614
231.5	614
231.55	614
231.6	614
231.65	614
231.7	614
231.75	614
231.8	614
231.85	614
231.9	614
231.95	614
232	614
232.05	614
232.1	614
232.15	614
232.2	614
232.25	614
232.3	614
232.35	614
232.4	614
232.45	614
232.5	614
232.55	614
232.6	614
232.65	614
232.7	614
232.75	614
232.8	614
232.85	614
232.9	614
232.95	614
233	614
233.05	614
233.1	614
233.15	614
233.2	614
233.25	614
233.3	614
233.35	614
233.4	614
233.45	614
233.5	614
233.55	614
233.6	614
233.65	614
233.7	614
233.75	614
233.8	614
233.85	614
233.9	614
233.95	614
234	614
234.05	614
234.1	614
234.15	614
234.2	614
234.25	614
234.3	614
234.35	614
234.4	614
234.45	614
234.5	614
234.55	614
234.6	614
234.65	614
234.7	614
234.75	614
234.8	614
234.85	614
234.9	614
234.95	614
235	614
235.05	614
235.1	614
235.15	614
235.2	614
235.25	614
235.3	614
235.35	614
235.4	614
235.45	614
235.5	614
235.55	614
235.6	614
235.65	614
235.7	614
235.75	614
235.8	614
235.85	614
235.9	614
235.95	614
236	614
236.05	614
236.1	614
236.15	614
236.2	614
236.25	614
236.3	614
236.35	614
236.4	614
236.45	614
236.5	614
236.55	614
236.6	614
236.65	614
236.7	614
236.75	614
236.8	614
236.85	614
236.9	614
236.95	614
237	614
237.05	614
237.1	614
237.15	614
237.2	614
237.25	614
237.3	614
237.35	614
237.4	614
237.45	614
237.5	614
237.55	614
237.6	614
237.65	614
237.7	614
237.75	614
237.8	614
237.85	614
237.9	614
237.95	614
238	614
238.05	614
238.1	614
238.15	614
238.2	614
238.25	614
238.3	614
238.35	614
238.4	614
238.45	614
238.5	614
238.55	614
238.6	614
238.65	614
238.7	614
238.75	614
238.8	614
238.85	614
238.9	614
238.95	614
239	614
239.05	614
239.1	614
239.15	614
239.2	614
239.25	614
239.3	614
239.35	614
239.4	614
239.45	614
239.5	614
239.55	614
239.6	614
239.65	614
239.7	614
239.75	614
239.8	614
239.85	614
239.9	614
239.95	614
