# Time(s)	CWND(packets)
0.05	0
0.1	0
0.15	10
0.2	10
0.25	15
0.3	15
0.35	22
0.4	22
0.45	33
0.5	33
0.55	49
0.6	49
0.65	73
0.7	73
0.75	109
0.8	109
0.85	163
0.9	163
0.95	244
1	244
1.05	366
1.1	366
1.15	509
1.2	509
1.25	509
1.3	510
1.35	510
1.4	511
1.45	511
1.5	512
1.55	512
1.6	513
1.65	513
1.7	514
1.75	514
1.8	515
1.85	515
1.9	516
1.95	516
2	517
2.05	517
2.1	518
2.15	518
2.2	519
2.25	519
2.3	520
2.35	520
2.4	521
2.45	521
2.5	522
2.55	522
2.6	523
2.65	523
2.7	524
2.75	524
2.8	525
2.85	525
2.9	526
2.95	526
3	527
3.05	527
3.1	528
3.15	528
3.2	529
3.25	529
3.3	530
3.35	530
3.4	531
3.45	531
3.5	532
3.55	532
3.6	533
3.65	533
3.7	534
3.75	534
3.8	535
3.85	535
3.9	536
3.95	536
4	537
4.05	537
4.1	538
4.15	538
4.2	539
4.25	539
4.3	540
4.35	540
4.4	541
4.45	541
4.5	542
4.55	542
4.6	543
4.65	543
4.7	544
4.75	544
4.8	545
4.85	545
4.9	546
4.95	546
5	547
5.05	547
5.1	548
5.15	548
5.2	549
5.25	549
5.3	550
5.35	550
5.4	551
5.45	551
5.5	552
5.55	552
5.6	553
5.65	553
5.7	554
5.75	554
5.8	555
5.85	555
5.9	556
5.95	556
6	557
6.05	557
6.1	558
6.15	558
6.2	559
6.25	559
6.3	560
6.35	560
6.4	561
6.45	561
6.5	562
6.55	562
6.6	563
6.65	563
6.7	564
6.75	564
6.8	565
6.85	565
6.9	566
6.95	566
7	567
7.05	567
7.1	568
7.15	568
7.2	569
7.25	569
7.3	570
7.35	570
7.4	571
7.45	571
7.5	572
7.55	572
7.6	573
7.65	573
7.7	574
7.75	574
7.8	575
7.85	575
7.9	576
7.95	576
8	577
8.05	577
8.1	578
8.15	578
8.2	579
8.25	579
8.3	580
8.35	580
8.4	581
8.45	581
8.5	582
8.55	582
8.6	583
8.65	583
8.7	584
8.75	584
8.8	585
8.85	585
8.9	586
8.95	586
9	587
9.05	587
9.1	588
9.15	588
9.2	589
9.25	589
9.3	590
9.35	590
9.4	591
9.45	591
9.5	592
9.55	592
9.6	593
9.65	593
9.7	594
9.75	594
9.8	595
9.85	595
9.9	596
9.95	596
10	597
10.05	597
10.1	598
10.15	598
10.2	599
10.25	599
10.3	600
10.35	600
10.4	601
10.45	601
10.5	602
10.55	602
10.6	603
10.65	603
10.7	604
10.75	604
10.8	605
10.85	605
10.9	606
10.95	606
11	607
11.05	607
11.1	608
11.15	608
11.2	609
11.25	609
11.3	610
11.35	610
11.4	611
11.45	611
11.5	612
11.55	612
11.6	613
11.65	613
11.7	614
11.75	614
11.8	615
11.85	615
11.9	616
11.95	616
12	617
12.05	617
12.1	618
12.15	618
12.2	619
12.25	619
12.3	620
12.35	620
12.4	621
12.45	621
12.5	622
12.55	622
12.6	623
12.65	623
12.7	624
12.75	624
12.8	625
12.85	625
12.9	626
12.95	626
13	627
13.05	627
13.1	628
13.15	628
13.2	629
13.25	629
13.3	630
13.35	630
13.4	631
13.45	631
13.5	632
13.55	632
13.6	633
13.65	633
13.7	634
13.75	634
13.8	635
13.85	635
13.9	636
13.95	636
14	637
14.05	637
14.1	638
14.15	638
14.2	639
14.25	639
14.3	640
14.35	640
14.4	641
14.45	641
14.5	642
14.55	642
14.6	643
14.65	643
14.7	644
14.75	644
14.8	645
14.85	645
14.9	646
14.95	646
15	647
15.05	647
15.1	648
15.15	648
15.2	649
15.25	649
15.3	650
15.35	650
15.4	651
15.45	651
15.5	652
15.55	652
15.6	653
15.65	653
15.7	654
15.75	654
15.8	655
15.85	655
15.9	656
15.95	656
16	657
16.05	657
16.1	658
16.15	658
16.2	659
16.25	659
16.3	660
16.35	660
16.4	661
16.45	661
16.5	662
16.55	662
16.6	663
16.65	663
16.7	664
16.75	664
16.8	665
16.85	665
16.9	666
16.95	666
17	667
17.05	667
17.1	668
17.15	668
17.2	669
17.25	669
17.3	670
17.35	670
17.4	671
17.45	671
17.5	672
17.55	672
17.6	673
17.65	673
17.7	674
17.75	674
17.8	675
17.85	675
17.9	676
17.95	676
18	677
18.05	677
18.1	678
18.15	678
18.2	679
18.25	679
18.3	680
18.35	680
18.4	681
18.45	681
18.5	682
18.55	682
18.6	683
18.65	683
18.7	684
18.75	684
18.8	685
18.85	685
18.9	686
18.95	686
19	687
19.05	687
19.1	688
19.15	688
19.2	689
19.25	689
19.3	690
19.35	690
19.4	691
19.45	691
19.5	692
19.55	692
19.6	693
19.65	693
19.7	694
19.75	694
19.8	695
19.85	695
19.9	696
19.95	696
20	697
20.05	697
20.1	698
20.15	698
20.2	699
20.25	699
20.3	700
20.35	700
20.4	701
20.45	701
20.5	702
20.55	702
20.6	703
20.65	703
20.7	704
20.75	704
20.8	705
20.85	705
20.9	706
20.95	706
21	707
21.05	707
21.1	708
21.15	708
21.2	709
21.25	709
21.3	710
21.35	710
21.4	711
21.45	711
21.5	712
21.55	712
21.6	713
21.65	713
21.7	714
21.75	714
21.8	715
21.85	715
21.9	716
21.95	716
22	717
22.05	717
22.1	718
22.15	718
22.2	719
22.25	719
22.3	720
22.35	720
22.4	721
22.45	721
22.5	722
22.55	722
22.6	723
22.65	723
22.7	724
22.75	724
22.8	725
22.85	725
22.9	726
22.95	726
23	727
23.05	727
23.1	728
23.15	728
23.2	728
23.25	729
23.3	729
23.35	730
23.4	730
23.45	731
23.5	731
23.55	732
23.6	732
23.65	733
23.7	733
23.75	733
23.8	733
23.85	733
23.9	733
23.95	733
24	733
24.05	733
24.1	733
24.15	733
24.2	733
24.25	733
24.3	733
24.35	733
24.4	733
24.45	733
24.5	733
24.55	733
24.6	733
24.65	733
24.7	733
24.75	733
24.8	733
24.85	733
24.9	733
24.95	733
25	733
25.05	733
25.1	733
25.15	733
25.2	733
25.25	733
25.3	733
25.35	733
25.4	733
25.45	733
25.5	733
25.55	733
25.6	733
25.65	733
25.7	733
25.75	733
25.8	733
25.85	733
25.9	733
25.95	733
26	733
26.05	733
26.1	733
26.15	733
26.2	733
26.25	733
26.3	733
26.35	733
26.4	733
26.45	733
26.5	733
26.55	733
26.6	733
26.65	733
26.7	733
26.75	733
26.8	733
26.85	733
26.9	733
26.95	733
27	733
27.05	733
27.1	733
27.15	733
27.2	733
27.25	733
27.3	733
27.35	733
27.4	733
27.45	733
27.5	733
27.55	733
27.6	733
27.65	733
27.7	733
27.75	733
27.8	733
27.85	733
27.9	733
27.95	733
28	733
28.05	733
28.1	733
28.15	733
28.2	733
28.25	733
28.3	733
28.35	733
28.4	733
28.45	733
28.5	733
28.55	733
28.6	733
28.65	733
28.7	733
28.75	733
28.8	733
28.85	733
28.9	733
28.95	733
29	733
29.05	733
29.1	733
29.15	733
29.2	733
29.25	733
29.3	733
29.35	733
29.4	733
29.45	733
29.5	733
29.55	733
29.6	733
29.65	733
29.7	733
29.75	733
29.8	733
29.85	733
29.9	733
29.95	733
30	733
30.05	733
30.1	733
30.15	733
30.2	733
30.25	733
30.3	733
30.35	733
30.4	733
30.45	733
30.5	733
30.55	733
30.6	733
30.65	733
30.7	733
30.75	733
30.8	733
30.85	733
30.9	733
30.95	733
31	733
31.05	733
31.1	733
31.15	733
31.2	733
31.25	733
31.3	733
31.35	733
31.4	733
31.45	733
31.5	733
31.55	733
31.6	733
31.65	733
31.7	733
31.75	733
31.8	733
31.85	733
31.9	733
31.95	733
32	733
32.05	733
32.1	733
32.15	733
32.2	733
32.25	733
32.3	733
32.35	733
32.4	733
32.45	733
32.5	733
32.55	733
32.6	733
32.65	733
32.7	733
32.75	733
32.8	733
32.85	733
32.9	733
32.95	733
33	733
33.05	733
33.1	733
33.15	733
33.2	733
33.25	733
33.3	733
33.35	733
33.4	733
33.45	733
33.5	733
33.55	733
33.6	733
33.65	733
33.7	733
33.75	733
33.8	733
33.85	733
33.9	733
33.95	733
34	733
34.05	733
34.1	733
34.15	733
34.2	733
34.25	733
34.3	733
34.35	733
34.4	733
34.45	733
34.5	733
34.55	733
34.6	733
34.65	733
34.7	733
34.75	733
34.8	733
34.85	733
34.9	733
34.95	733
35	733
35.05	733
35.1	733
35.15	733
35.2	733
35.25	733
35.3	733
35.35	733
35.4	733
35.45	733
35.5	733
35.55	733
35.6	733
35.65	733
35.7	733
35.75	733
35.8	733
35.85	733
35.9	733
35.95	733
36	733
36.05	733
36.1	733
36.15	733
36.2	733
36.25	733
36.3	733
36.35	733
36.4	733
36.45	733
36.5	733
36.55	733
36.6	733
36.65	733
36.7	733
36.75	733
36.8	733
36.85	733
36.9	733
36.95	733
37	733
37.05	733
37.1	733
37.15	733
37.2	733
37.25	733
37.3	733
37.35	733
37.4	733
37.45	733
37.5	733
37.55	733
37.6	733
37.65	733
37.7	733
37.75	733
37.8	733
37.85	733
37.9	733
37.95	733
38	733
38.05	733
38.1	733
38.15	733
38.2	733
38.25	733
38.3	733
38.35	733
38.4	733
38.45	733
38.5	733
38.55	733
38.6	733
38.65	733
38.7	733
38.75	733
38.8	733
38.85	733
38.9	733
38.95	733
39	733
39.05	733
39.1	733
39.15	733
39.2	733
39.25	733
39.3	733
39.35	733
39.4	733
39.45	733
39.5	733
39.55	733
39.6	733
39.65	733
39.7	733
39.75	733
39.8	733
39.85	733
39.9	733
39.95	733
40	733
40.05	733
40.1	733
40.15	733
40.2	733
40.25	733
40.3	733
40.35	733
40.4	733
40.45	733
40.5	733
40.55	733
40.6	733
40.65	733
40.7	733
40.75	733
40.8	733
40.85	733
40.9	733
40.95	733
41	733
41.05	733
41.1	733
41.15	733
41.2	733
41.25	733
41.3	733
41.35	733
41.4	733
41.45	733
41.5	733
41.55	733
41.6	733
41.65	733
41.7	733
41.75	733
41.8	733
41.85	733
41.9	733
41.95	733
42	733
42.05	733
42.1	733
42.15	733
42.2	733
42.25	733
42.3	733
42.35	733
42.4	733
42.45	733
42.5	733
42.55	733
42.6	733
42.65	733
42.7	733
42.75	733
42.8	733
42.85	733
42.9	733
42.95	733
43	733
43.05	733
43.1	733
43.15	733
43.2	733
43.25	733
43.3	733
43.35	733
43.4	733
43.45	733
43.5	733
43.55	733
43.6	733
43.65	733
43.7	733
43.75	733
43.8	733
43.85	733
43.9	733
43.95	733
44	733
44.05	733
44.1	733
44.15	733
44.2	733
44.25	733
44.3	733
44.35	733
44.4	733
44.45	733
44.5	733
44.55	733
44.6	733
44.65	733
44.7	733
44.75	733
44.8	733
44.85	733
44.9	733
44.95	733
45	733
45.05	733
45.1	733
45.15	733
45.2	733
45.25	733
45.3	733
45.35	733
45.4	733
45.45	733
45.5	733
45.55	733
45.6	733
45.65	733
45.7	733
45.75	733
45.8	733
45.85	733
45.9	733
45.95	733
46	733
46.05	733
46.1	733
46.15	733
46.2	733
46.25	733
46.3	733
46.35	733
46.4	733
46.45	733
46.5	733
46.55	733
46.6	733
46.65	733
46.7	733
46.75	733
46.8	733
46.85	733
46.9	733
46.95	733
47	733
47.05	733
47.1	733
47.15	733
47.2	733
47.25	733
47.3	733
47.35	733
47.4	733
47.45	733
47.5	733
47.55	733
47.6	733
47.65	733
47.7	733
47.75	733
47.8	733
47.85	733
47.9	733
47.95	733
48	733
48.05	733
48.1	733
48.15	733
48.2	733
48.25	733
48.3	733
48.35	733
48.4	733
48.45	733
48.5	733
48.55	733
48.6	733
48.65	733
48.7	733
48.75	733
48.8	733
48.85	733
48.9	733
48.95	733
49	733
49.05	733
49.1	733
49.15	733
49.2	733
49.25	733
49.3	733
49.35	733
49.4	733
49.45	733
49.5	733
49.55	733
49.6	733
49.65	733
49.7	733
49.75	733
49.8	733
49.85	733
49.9	733
49.95	733
50	733
50.05	733
50.1	733
50.15	733
50.2	733
50.25	733
50.3	733
50.35	733
50.4	733
50.45	733
50.5	733
50.55	733
50.6	733
50.65	733
50.7	733
50.75	733
50.8	733
50.85	733
50.9	733
50.95	733
51	733
51.05	733
51.1	733
51.15	733
51.2	733
51.25	733
51.3	733
51.35	733
51.4	733
51.45	733
51.5	733
51.55	733
51.6	733
51.65	733
51.7	733
51.75	733
51.8	733
51.85	733
51.9	733
51.95	733
52	733
52.05	733
52.1	733
52.15	733
52.2	733
52.25	733
52.3	733
52.35	733
52.4	733
52.45	733
52.5	733
52.55	733
52.6	733
52.65	733
52.7	733
52.75	733
52.8	733
52.85	733
52.9	733
52.95	733
53	733
53.05	733
53.1	733
53.15	733
53.2	733
53.25	733
53.3	733
53.35	733
53.4	733
53.45	733
53.5	733
53.55	733
53.6	733
53.65	733
53.7	733
53.75	733
53.8	733
53.85	733
53.9	733
53.95	733
54	733
54.05	733
54.1	733
54.15	733
54.2	733
54.25	733
54.3	733
54.35	733
54.4	733
54.45	733
54.5	733
54.55	733
54.6	733
54.65	733
54.7	733
54.75	733
54.8	733
54.85	733
54.9	733
54.95	733
55	733
55.05	733
55.1	733
55.15	733
55.2	733
55.25	733
55.3	733
55.35	733
55.4	733
55.45	733
55.5	733
55.55	733
55.6	733
55.65	733
55.7	733
55.75	733
55.8	733
55.85	733
55.9	733
55.95	733
56	733
56.05	733
56.1	733
56.15	733
56.2	733
56.25	733
56.3	733
56.35	733
56.4	733
56.45	733
56.5	733
56.55	733
56.6	733
56.65	733
56.7	733
56.75	733
56.8	733
56.85	733
56.9	733
56.95	733
57	733
57.05	733
57.1	733
57.15	733
57.2	733
57.25	733
57.3	733
57.35	733
57.4	733
57.45	733
57.5	733
57.55	733
57.6	733
57.65	733
57.7	733
57.75	733
57.8	733
57.85	733
57.9	733
57.95	733
58	733
58.05	733
58.1	733
58.15	733
58.2	733
58.25	733
58.3	733
58.35	733
58.4	733
58.45	733
58.5	733
58.55	733
58.6	733
58.65	733
58.7	733
58.75	733
58.8	733
58.85	733
58.9	733
58.95	733
59	733
59.05	733
59.1	733
59.15	733
59.2	733
59.25	733
59.3	733
59.35	733
59.4	733
59.45	733
59.5	733
59.55	733
59.6	733
59.65	733
59.7	733
59.75	733
59.8	733
59.85	733
59.9	733
59.95	733
60	733
60.05	733
60.1	733
60.15	733
60.2	733
60.25	733
60.3	733
60.35	733
60.4	733
60.45	733
60.5	733
60.55	733
60.6	733
60.65	733
60.7	733
60.75	733
60.8	733
60.85	733
60.9	733
60.95	733
61	733
61.05	733
61.1	733
61.15	733
61.2	733
61.25	733
61.3	733
61.35	733
61.4	733
61.45	733
61.5	733
61.55	733
61.6	733
61.65	733
61.7	733
61.75	733
61.8	733
61.85	733
61.9	733
61.95	733
62	733
62.05	733
62.1	733
62.15	733
62.2	733
62.25	733
62.3	733
62.35	733
62.4	733
62.45	733
62.5	733
62.55	733
62.6	733
62.65	733
62.7	733
62.75	733
62.8	733
62.85	733
62.9	733
62.95	733
63	733
63.05	733
63.1	733
63.15	733
63.2	733
63.25	733
63.3	733
63.35	733
63.4	733
63.45	733
63.5	733
63.55	733
63.6	733
63.65	733
63.7	733
63.75	733
63.8	733
63.85	733
63.9	733
63.95	733
64	733
64.05	733
64.1	733
64.15	733
64.2	733
64.25	733
64.3	733
64.35	733
64.4	733
64.45	733
64.5	733
64.55	733
64.6	733
64.65	733
64.7	733
64.75	733
64.8	733
64.85	733
64.9	733
64.95	733
65	733
65.05	733
65.1	733
65.15	733
65.2	733
65.25	733
65.3	733
65.35	733
65.4	733
65.45	733
65.5	733
65.55	733
65.6	733
65.65	733
65.7	733
65.75	733
65.8	733
65.85	733
65.9	733
65.95	733
66	733
66.05	733
66.1	733
66.15	733
66.2	733
66.25	733
66.3	733
66.35	733
66.4	733
66.45	733
66.5	733
66.55	733
66.6	733
66.65	733
66.7	733
66.75	733
66.8	733
66.85	733
66.9	733
66.95	733
67	733
67.05	733
67.1	733
67.15	733
67.2	733
67.25	733
67.3	733
67.35	733
67.4	733
67.45	733
67.5	733
67.55	733
67.6	733
67.65	733
67.7	733
67.75	733
67.8	733
67.85	733
67.9	733
67.95	733
68	733
68.05	733
68.1	733
68.15	733
68.2	733
68.25	733
68.3	733
68.35	733
68.4	733
68.45	733
68.5	733
68.55	733
68.6	733
68.65	733
68.7	733
68.75	733
68.8	733
68.85	733
68.9	733
68.95	733
69	733
69.05	733
69.1	733
69.15	733
69.2	733
69.25	733
69.3	733
69.35	733
69.4	733
69.45	733
69.5	733
69.55	733
69.6	733
69.65	733
69.7	733
69.75	733
69.8	733
69.85	733
69.9	733
69.95	733
70	733
70.05	733
70.1	733
70.15	733
70.2	733
70.25	733
70.3	733
70.35	733
70.4	733
70.45	733
70.5	733
70.55	733
70.6	733
70.65	733
70.7	733
70.75	733
70.8	733
70.85	733
70.9	733
70.95	733
71	733
71.05	733
71.1	733
71.15	733
71.2	733
71.25	733
71.3	733
71.35	733
71.4	733
71.45	733
71.5	733
71.55	733
71.6	733
71.65	733
71.7	733
71.75	733
71.8	733
71.85	733
71.9	733
71.95	733
72	733
72.05	733
72.1	733
72.15	733
72.2	733
72.25	733
72.3	733
72.35	733
72.4	733
72.45	733
72.5	733
72.55	733
72.6	733
72.65	733
72.7	733
72.75	733
72.8	733
72.85	733
72.9	733
72.95	733
73	733
73.05	733
73.1	733
73.15	733
73.2	733
73.25	733
73.3	733
73.35	733
73.4	733
73.45	733
73.5	733
73.55	733
73.6	733
73.65	733
73.7	733
73.75	733
73.8	733
73.85	733
73.9	733
73.95	733
74	733
74.05	733
74.1	733
74.15	733
74.2	733
74.25	733
74.3	733
74.35	733
74.4	733
74.45	733
74.5	733
74.55	733
74.6	733
74.65	733
74.7	733
74.75	733
74.8	733
74.85	733
74.9	733
74.95	733
75	733
75.05	733
75.1	733
75.15	733
75.2	733
75.25	733
75.3	733
75.35	733
75.4	733
75.45	733
75.5	733
75.55	733
75.6	733
75.65	733
75.7	733
75.75	733
75.8	733
75.85	733
75.9	733
75.95	733
76	733
76.05	733
76.1	733
76.15	733
76.2	733
76.25	733
76.3	733
76.35	733
76.4	733
76.45	733
76.5	733
76.55	733
76.6	733
76.65	733
76.7	733
76.75	733
76.8	733
76.85	733
76.9	733
76.95	733
77	733
77.05	733
77.1	733
77.15	733
77.2	733
77.25	733
77.3	733
77.35	733
77.4	733
77.45	733
77.5	733
77.55	733
77.6	733
77.65	733
77.7	733
77.75	733
77.8	733
77.85	733
77.9	733
77.95	733
78	733
78.05	733
78.1	733
78.15	733
78.2	733
78.25	733
78.3	733
78.35	733
78.4	733
78.45	733
78.5	733
78.55	733
78.6	733
78.65	733
78.7	733
78.75	733
78.8	733
78.85	733
78.9	733
78.95	733
79	733
79.05	733
79.1	733
79.15	733
79.2	733
79.25	733
79.3	733
79.35	733
79.4	733
79.45	733
79.5	733
79.55	733
79.6	733
79.65	733
79.7	733
79.75	733
79.8	733
79.85	733
79.9	733
79.95	733
80	733
80.05	733
80.1	733
80.15	733
80.2	733
80.25	733
80.3	733
80.35	733
80.4	733
80.45	733
80.5	732
80.55	732
80.6	732
80.65	732
80.7	731
80.75	731
80.8	731
80.85	731
80.9	730
80.95	730
81	730
81.05	730
81.1	729
81.15	729
81.2	729
81.25	729
81.3	729
81.35	728
81.4	728
81.45	728
81.5	728
81.55	727
81.6	727
81.65	727
81.7	727
81.75	726
81.8	726
81.85	726
81.9	726
81.95	725
82	725
82.05	725
82.1	725
82.15	724
82.2	724
82.25	724
82.3	724
82.35	723
82.4	723
82.45	723
82.5	723
82.55	722
82.6	722
82.65	722
82.7	722
82.75	721
82.8	721
82.85	721
82.9	721
82.95	720
83	720
83.05	720
83.1	720
83.15	719
83.2	719
83.25	719
83.3	719
83.35	718
83.4	718
83.45	718
83.5	718
83.55	717
83.6	717
83.65	717
83.7	717
83.75	716
83.8	716
83.85	716
83.9	716
83.95	715
84	715
84.05	715
84.1	715
84.15	714
84.2	714
84.25	714
84.3	714
84.35	713
84.4	713
84.45	713
84.5	713
84.55	712
84.6	712
84.65	712
84.7	712
84.75	711
84.8	711
84.85	711
84.9	711
84.95	710
85	710
85.05	710
85.1	710
85.15	709
85.2	709
85.25	709
85.3	709
85.35	708
85.4	708
85.45	708
85.5	708
85.55	707
85.6	707
85.65	707
85.7	707
85.75	706
85.8	706
85.85	706
85.9	706
85.95	705
86	705
86.05	705
86.1	705
86.15	704
86.2	704
86.25	704
86.3	704
86.35	703
86.4	703
86.45	703
86.5	703
86.55	702
86.6	702
86.65	702
86.7	702
86.75	701
86.8	701
86.85	701
86.9	701
86.95	700
87	700
87.05	700
87.1	700
87.15	699
87.2	699
87.25	699
87.3	699
87.35	698
87.4	698
87.45	698
87.5	698
87.55	697
87.6	697
87.65	697
87.7	697
87.75	696
87.8	696
87.85	696
87.9	696
87.95	695
88	695
88.05	695
88.1	694
88.15	694
88.2	694
88.25	694
88.3	693
88.35	693
88.4	693
88.45	693
88.5	692
88.55	692
88.6	692
88.65	692
88.7	691
88.75	691
88.8	691
88.85	691
88.9	690
88.95	690
89	690
89.05	690
89.1	689
89.15	689
89.2	689
89.25	689
89.3	688
89.35	688
89.4	688
89.45	688
89.5	687
89.55	687
89.6	687
89.65	687
89.7	686
89.75	686
89.8	686
89.85	685
89.9	685
89.95	685
90	685
90.05	684
90.1	684
90.15	684
90.2	684
90.25	683
90.3	683
90.35	683
90.4	683
90.45	682
90.5	682
90.55	682
90.6	682
90.65	681
90.7	681
90.75	681
90.8	681
90.85	680
90.9	680
90.95	680
91	679
91.05	679
91.1	679
91.15	679
91.2	678
91.25	678
91.3	678
91.35	678
91.4	677
91.45	677
91.5	677
91.55	677
91.6	676
91.65	676
91.7	676
91.75	676
91.8	675
91.85	675
91.9	675
91.95	674
92	674
92.05	674
92.1	674
92.15	673
92.2	673
92.25	673
92.3	673
92.35	672
92.4	672
92.45	672
92.5	672
92.55	671
92.6	671
92.65	671
92.7	670
92.75	670
92.8	670
92.85	670
92.9	669
92.95	669
93	669
93.05	669
93.1	668
93.15	668
93.2	668
93.25	668
93.3	667
93.35	667
93.4	667
93.45	667
93.5	666
93.55	666
93.6	666
93.65	665
93.7	665
93.75	665
93.8	665
93.85	664
93.9	664
93.95	664
94	664
94.05	663
94.1	663
94.15	663
94.2	662
94.25	662
94.3	662
94.35	662
94.4	661
94.45	661
94.5	661
94.55	661
94.6	660
94.65	660
94.7	660
94.75	660
94.8	659
94.85	659
94.9	659
94.95	658
95	658
95.05	658
95.1	658
95.15	657
95.2	657
95.25	657
95.3	657
95.35	656
95.4	656
95.45	656
95.5	655
95.55	655
95.6	655
95.65	655
95.7	654
95.75	654
95.8	654
95.85	654
95.9	653
95.95	653
96	653
96.05	652
96.1	652
96.15	652
96.2	652
96.25	651
96.3	651
96.35	651
96.4	651
96.45	650
96.5	650
96.55	650
96.6	649
96.65	649
96.7	649
96.75	649
96.8	648
96.85	648
96.9	648
96.95	648
97	647
97.05	647
97.1	647
97.15	646
97.2	646
97.25	646
97.3	646
97.35	645
97.4	645
97.45	645
97.5	645
97.55	644
97.6	644
97.65	644
97.7	643
97.75	643
97.8	643
97.85	643
97.9	642
97.95	642
98	642
98.05	641
98.1	641
98.15	641
98.2	641
98.25	640
98.3	640
98.35	640
98.4	640
98.45	639
98.5	639
98.55	639
98.6	638
98.65	638
98.7	638
98.75	638
98.8	637
98.85	637
98.9	637
98.95	636
99	636
99.05	636
99.1	636
99.15	635
99.2	635
99.25	635
99.3	634
99.35	634
99.4	634
99.45	634
99.5	633
99.55	633
99.6	633
99.65	633
99.7	632
99.75	632
99.8	632
99.85	631
99.9	631
99.95	631
100	631
100.05	630
100.1	630
100.15	630
100.2	629
100.25	629
100.3	629
100.35	629
100.4	628
100.45	628
100.5	628
100.55	627
100.6	627
100.65	627
100.7	627
100.75	626
100.8	626
100.85	626
100.9	625
100.95	625
101	625
101.05	625
101.1	624
101.15	624
101.2	624
101.25	623
101.3	623
101.35	623
101.4	623
101.45	622
101.5	622
101.55	622
101.6	621
101.65	621
101.7	621
101.75	621
101.8	620
101.85	620
101.9	620
101.95	619
102	619
102.05	619
102.1	619
102.15	618
102.2	618
102.25	618
102.3	617
102.35	617
102.4	617
102.45	617
102.5	616
102.55	616
102.6	616
102.65	615
102.7	615
102.75	615
102.8	615
102.85	614
102.9	614
102.95	614
103	613
103.05	613
103.1	613
103.15	612
103.2	612
103.25	612
103.3	612
103.35	611
103.4	611
103.45	611
103.5	610
103.55	610
103.6	610
103.65	610
103.7	609
103.75	609
103.8	609
103.85	608
103.9	608
103.95	608
104	608
104.05	607
104.1	607
104.15	607
104.2	606
104.25	606
104.3	606
104.35	605
104.4	605
104.45	605
104.5	605
104.55	604
104.6	604
104.65	604
104.7	603
104.75	603
104.8	603
104.85	603
104.9	602
104.95	602
105	602
105.05	601
105.1	601
105.15	601
105.2	600
105.25	600
105.3	600
105.35	600
105.4	599
105.45	599
105.5	599
105.55	598
105.6	598
105.65	598
105.7	597
105.75	597
105.8	597
105.85	597
105.9	596
105.95	596
106	596
106.05	595
106.1	595
106.15	595
106.2	594
106.25	594
106.3	594
106.35	594
106.4	593
106.45	593
106.5	593
106.55	592
106.6	592
106.65	592
106.7	591
106.75	591
106.8	591
106.85	591
106.9	590
106.95	590
107	590
107.05	589
107.1	589
107.15	589
107.2	588
107.25	588
107.3	588
107.35	588
107.4	587
107.45	587
107.5	587
107.55	586
107.6	586
107.65	586
107.7	585
107.75	585
107.8	585
107.85	585
107.9	584
107.95	584
108	584
108.05	583
108.1	583
108.15	583
108.2	582
108.25	582
108.3	582
108.35	581
108.4	581
108.45	581
108.5	581
108.55	580
108.6	580
108.65	580
108.7	579
108.75	579
108.8	579
108.85	578
108.9	578
108.95	578
109	577
109.05	577
109.1	577
109.15	577
109.2	576
109.25	576
109.3	576
109.35	575
109.4	575
109.45	575
109.5	574
109.55	574
109.6	574
109.65	573
109.7	573
109.75	573
109.8	573
109.85	572
109.9	572
109.95	572
110	571
110.05	571
110.1	571
110.15	570
110.2	570
110.25	570
110.3	569
110.35	569
110.4	569
110.45	568
110.5	568
110.55	568
110.6	568
110.65	567
110.7	567
110.75	567
110.8	566
110.85	566
110.9	566
110.95	565
111	565
111.05	565
111.1	564
111.15	564
111.2	564
111.25	563
111.3	563
111.35	563
111.4	562
111.45	562
111.5	562
111.55	562
111.6	561
111.65	561
111.7	561
111.75	560
111.8	560
111.85	560
111.9	559
111.95	559
112	559
112.05	558
112.1	558
112.15	558
112.2	557
112.25	557
112.3	557
112.35	556
112.4	556
112.45	556
112.5	555
112.55	555
112.6	555
112.65	555
112.7	554
112.75	554
112.8	554
112.85	553
112.9	553
112.95	553
113	552
113.05	552
113.1	552
113.15	551
113.2	551
113.25	551
113.3	550
113.35	550
113.4	550
113.45	549
113.5	549
113.55	549
113.6	548
113.65	548
113.7	548
113.75	547
113.8	547
113.85	547
113.9	546
113.95	546
114	546
114.05	545
114.1	545
114.15	545
114.2	544
114.25	544
114.3	544
114.35	543
114.4	543
114.45	543
114.5	543
114.55	542
114.6	542
114.65	542
114.7	541
114.75	541
114.8	541
114.85	540
114.9	540
114.95	540
115	539
115.05	539
115.1	539
115.15	538
115.2	538
115.25	538
115.3	537
115.35	537
115.4	537
115.45	536
115.5	536
115.55	536
115.6	535
115.65	535
115.7	535
115.75	534
115.8	534
115.85	534
115.9	533
115.95	533
116	533
116.05	532
116.1	532
116.15	532
116.2	531
116.25	531
116.3	531
116.35	530
116.4	530
116.45	530
116.5	529
116.55	529
116.6	529
116.65	528
116.7	528
116.75	528
116.8	527
116.85	527
116.9	527
116.95	526
117	526
117.05	526
117.1	525
117.15	525
117.2	524
117.25	524
117.3	524
117.35	523
117.4	523
117.45	523
117.5	522
117.55	522
117.6	522
117.65	521
117.7	521
117.75	521
117.8	520
117.85	520
117.9	520
117.95	519
118	519
118.05	519
118.1	518
118.15	518
118.2	518
118.25	517
118.3	517
118.35	517
118.4	516
118.45	516
118.5	516
118.55	515
118.6	515
118.65	515
118.7	514
118.75	514
118.8	514
118.85	513
118.9	513
118.95	512
119	512
119.05	512
119.1	511
119.15	511
119.2	511
119.25	510
119.3	510
119.35	510
119.4	509
119.45	509
119.5	509
119.55	508
119.6	508
119.65	508
119.7	507
119.75	507
119.8	507
119.85	506
119.9	506
119.95	505
120	505
120.05	505
120.1	504
120.15	504
120.2	504
120.25	503
120.3	503
120.35	503
120.4	502
120.45	502
120.5	502
120.55	501
120.6	501
120.65	501
120.7	500
120.75	500
120.8	499
120.85	499
120.9	499
120.95	498
121	498
121.05	498
121.1	497
121.15	497
121.2	497
121.25	496
121.3	496
121.35	496
121.4	495
121.45	495
121.5	494
121.55	494
121.6	494
121.65	493
121.7	493
121.75	493
121.8	492
121.85	492
121.9	492
121.95	491
122	491
122.05	490
122.1	490
122.15	490
122.2	489
122.25	489
122.3	489
122.35	488
122.4	488
122.45	488
122.5	487
122.55	487
122.6	486
122.65	486
122.7	486
122.75	485
122.8	485
122.85	485
122.9	484
122.95	484
123	484
123.05	483
123.1	483
123.15	482
123.2	482
123.25	482
123.3	481
123.35	481
123.4	481
123.45	480
123.5	480
123.55	479
123.6	479
123.65	479
123.7	478
123.75	478
123.8	478
123.85	477
123.9	477
123.95	476
124	476
124.05	476
124.1	475
124.15	475
124.2	475
124.25	474
124.3	474
124.35	473
124.4	473
124.45	473
124.5	472
124.55	472
124.6	472
124.65	471
124.7	471
124.75	470
124.8	470
124.85	470
124.9	469
124.95	469
125	469
125.05	468
125.1	468
125.15	467
125.2	467
125.25	467
125.3	466
125.35	466
125.4	465
125.45	465
125.5	465
125.55	464
125.6	464
125.65	464
125.7	463
125.75	463
125.8	462
125.85	462
125.9	462
125.95	461
126	461
126.05	460
126.1	460
126.15	460
126.2	459
126.25	459
126.3	459
126.35	458
126.4	458
126.45	457
126.5	457
126.55	457
126.6	456
126.65	456
126.7	455
126.75	455
126.8	455
126.85	454
126.9	454
126.95	453
127	453
127.05	453
127.1	452
127.15	452
127.2	452
127.25	451
127.3	451
127.35	450
127.4	450
127.45	450
127.5	449
127.55	449
127.6	448
127.65	448
127.7	448
127.75	447
127.8	447
127.85	446
127.9	446
127.95	446
128	445
128.05	445
128.1	444
128.15	444
128.2	444
128.25	443
128.3	443
128.35	442
128.4	442
128.45	442
128.5	441
128.55	441
128.6	440
128.65	440
128.7	440
128.75	439
128.8	439
128.85	438
128.9	438
128.95	437
129	437
129.05	437
129.1	436
129.15	436
129.2	435
129.25	435
129.3	435
129.35	434
129.4	434
129.45	433
129.5	433
129.55	433
129.6	432
129.65	432
129.7	431
129.75	431
129.8	431
129.85	430
129.9	430
129.95	429
130	429
130.05	428
130.1	428
130.15	428
130.2	427
130.25	427
130.3	426
130.35	426
130.4	426
130.45	425
130.5	425
130.55	424
130.6	424
130.65	423
130.7	423
130.75	423
130.8	422
130.85	422
130.9	421
130.95	421
131	420
131.05	420
131.1	420
131.15	419
131.2	419
131.25	418
131.3	418
131.35	417
131.4	417
131.45	417
131.5	416
131.55	416
131.6	415
131.65	415
131.7	414
131.75	414
131.8	414
131.85	413
131.9	413
131.95	412
132	412
132.05	411
132.1	411
132.15	411
132.2	410
132.25	410
132.3	409
132.35	409
132.4	408
132.45	408
132.5	408
132.55	407
132.6	407
132.65	406
132.7	406
132.75	405
132.8	405
132.85	404
132.9	404
132.95	404
133	403
133.05	403
133.1	402
133.15	402
133.2	401
133.25	401
133.3	400
133.35	400
133.4	400
133.45	399
133.5	399
133.55	398
133.6	398
133.65	397
133.7	397
133.75	396
133.8	396
133.85	396
133.9	395
133.95	395
134	395
134.05	395
134.1	395
134.15	395
134.2	395
134.25	395
134.3	395
134.35	395
134.4	395
134.45	395
134.5	395
134.55	395
134.6	395
134.65	395
134.7	395
134.75	395
134.8	395
134.85	395
134.9	395
134.95	395
135	395
135.05	395
135.1	395
135.15	395
135.2	395
135.25	395
135.3	395
135.35	395
135.4	395
135.45	395
135.5	395
135.55	395
135.6	395
135.65	395
135.7	395
135.75	395
135.8	395
135.85	395
135.9	395
135.95	395
136	395
136.05	395
136.1	395
136.15	395
136.2	395
136.25	395
136.3	395
136.35	395
136.4	395
136.45	395
136.5	395
136.55	395
136.6	395
136.65	395
136.7	395
136.75	395
136.8	395
136.85	395
136.9	395
136.95	395
137	395
137.05	395
137.1	395
137.15	395
137.2	395
137.25	395
137.3	395
137.35	395
137.4	395
137.45	395
137.5	395
137.55	395
137.6	395
137.65	395
137.7	395
137.75	395
137.8	395
137.85	395
137.9	395
137.95	395
138	395
138.05	395
138.1	395
138.15	395
138.2	395
138.25	395
138.3	395
138.35	395
138.4	395
138.45	395
138.5	395
138.55	395
138.6	395
138.65	395
138.7	395
138.75	395
138.8	395
138.85	395
138.9	395
138.95	395
139	395
139.05	395
139.1	395
139.15	395
139.2	395
139.25	395
139.3	395
139.35	395
139.4	395
139.45	395
139.5	395
139.55	395
139.6	395
139.65	395
139.7	395
139.75	395
139.8	395
139.85	395
139.9	395
139.95	395
140	395
140.05	395
140.1	395
140.15	395
140.2	395
140.25	395
140.3	395
140.35	395
140.4	395
140.45	395
140.5	395
140.55	395
140.6	395
140.65	395
140.7	395
140.75	395
140.8	395
140.85	395
140.9	395
140.95	395
141	395
141.05	395
141.1	395
141.15	395
141.2	395
141.25	395
141.3	395
141.35	395
141.4	395
141.45	395
141.5	395
141.55	395
141.6	395
141.65	395
141.7	395
141.75	395
141.8	395
141.85	395
141.9	395
141.95	395
142	395
142.05	395
142.1	395
142.15	395
142.2	395
142.25	395
142.3	395
142.35	395
142.4	395
142.45	395
142.5	395
142.55	395
142.6	395
142.65	395
142.7	395
142.75	395
142.8	395
142.85	395
142.9	395
142.95	395
143	395
143.05	395
143.1	395
143.15	395
143.2	395
143.25	395
143.3	395
143.35	395
143.4	395
143.45	395
143.5	395
143.55	395
143.6	395
143.65	395
143.7	395
143.75	395
143.8	395
143.85	395
143.9	395
143.95	395
144	395
144.05	395
144.1	395
144.15	395
144.2	395
144.25	395
144.3	395
144.35	395
144.4	395
144.45	395
144.5	395
144.55	395
144.6	395
144.65	395
144.7	395
144.75	395
144.8	395
144.85	395
144.9	395
144.95	395
145	395
145.05	395
145.1	395
145.15	395
145.2	395
145.25	395
145.3	395
145.35	395
145.4	395
145.45	395
145.5	395
145.55	395
145.6	395
145.65	395
145.7	395
145.75	395
145.8	395
145.85	395
145.9	395
145.95	395
146	395
146.05	395
146.1	395
146.15	395
146.2	395
146.25	395
146.3	395
146.35	395
146.4	395
146.45	395
146.5	395
146.55	395
146.6	395
146.65	395
146.7	395
146.75	395
146.8	395
146.85	395
146.9	395
146.95	395
147	395
147.05	395
147.1	395
147.15	395
147.2	395
147.25	395
147.3	395
147.35	395
147.4	395
147.45	395
147.5	395
147.55	395
147.6	395
147.65	395
147.7	395
147.75	395
147.8	395
147.85	395
147.9	395
147.95	395
148	395
148.05	395
148.1	395
148.15	395
148.2	395
148.25	395
148.3	395
148.35	395
148.4	395
148.45	395
148.5	395
148.55	395
148.6	395
148.65	395
148.7	395
148.75	395
148.8	395
148.85	395
148.9	395
148.95	395
149	395
149.05	395
149.1	395
149.15	395
149.2	395
149.25	395
149.3	395
149.35	395
149.4	395
149.45	395
149.5	395
149.55	395
149.6	395
149.65	395
149.7	395
149.75	395
149.8	395
149.85	395
149.9	395
149.95	395
150	395
150.05	395
150.1	395
150.15	395
150.2	395
150.25	395
150.3	395
150.35	395
150.4	395
150.45	395
150.5	395
150.55	395
150.6	395
150.65	395
150.7	395
150.75	395
150.8	395
150.85	395
150.9	395
150.95	395
151	395
151.05	395
151.1	395
151.15	395
151.2	395
151.25	395
151.3	395
151.35	395
151.4	395
151.45	395
151.5	395
151.55	395
151.6	395
151.65	395
151.7	395
151.75	395
151.8	395
151.85	395
151.9	395
151.95	395
152	395
152.05	395
152.1	395
152.15	395
152.2	395
152.25	395
152.3	395
152.35	395
152.4	395
152.45	395
152.5	395
152.55	395
152.6	395
152.65	395
152.7	395
152.75	395
152.8	395
152.85	395
152.9	395
152.95	395
153	395
153.05	395
153.1	395
153.15	395
153.2	395
153.25	395
153.3	395
153.35	395
153.4	395
153.45	395
153.5	395
153.55	395
153.6	395
153.65	395
153.7	395
153.75	395
153.8	395
153.85	395
153.9	395
153.95	395
154	395
154.05	395
154.1	395
154.15	395
154.2	395
154.25	395
154.3	395
154.35	395
154.4	395
154.45	395
154.5	395
154.55	395
154.6	395
154.65	395
154.7	395
154.75	395
154.8	395
154.85	395
154.9	395
154.95	395
155	395
155.05	395
155.1	395
155.15	395
155.2	395
155.25	395
155.3	395
155.35	395
155.4	395
155.45	395
155.5	395
155.55	395
155.6	395
155.65	395
155.7	395
155.75	395
155.8	395
155.85	395
155.9	395
155.95	395
156	395
156.05	395
156.1	395
156.15	395
156.2	395
156.25	395
156.3	395
156.35	395
156.4	395
156.45	395
156.5	395
156.55	395
156.6	395
156.65	395
156.7	395
156.75	395
156.8	395
156.85	395
156.9	395
156.95	395
157	395
157.05	395
157.1	395
157.15	395
157.2	395
157.25	395
157.3	395
157.35	395
157.4	395
157.45	395
157.5	395
157.55	395
157.6	395
157.65	395
157.7	395
157.75	395
157.8	395
157.85	395
157.9	395
157.95	395
158	395
158.05	395
158.1	395
158.15	395
158.2	395
158.25	395
158.3	395
158.35	395
158.4	395
158.45	395
158.5	395
158.55	395
158.6	395
158.65	395
158.7	395
158.75	395
158.8	395
158.85	395
158.9	395
158.95	395
159	395
159.05	395
159.1	395
159.15	395
159.2	395
159.25	395
159.3	395
159.35	395
159.4	395
159.45	395
159.5	395
159.55	395
159.6	395
159.65	395
159.7	395
159.75	395
159.8	395
159.85	395
159.9	395
159.95	395
160	395
160.05	395
160.1	395
160.15	395
160.2	395
160.25	396
160.3	396
160.35	397
160.4	397
160.45	398
160.5	398
160.55	399
160.6	399
160.65	400
160.7	400
160.75	401
160.8	401
160.85	402
160.9	402
160.95	403
161	403
161.05	404
161.1	404
161.15	405
161.2	405
161.25	406
161.3	406
161.35	407
161.4	407
161.45	408
161.5	408
161.55	409
161.6	409
161.65	410
161.7	410
161.75	411
161.8	411
161.85	412
161.9	412
161.95	413
162	413
162.05	414
162.1	414
162.15	415
162.2	415
162.25	416
162.3	416
162.35	417
162.4	417
162.45	418
162.5	418
162.55	419
162.6	419
162.65	420
162.7	420
162.75	421
162.8	421
162.85	422
162.9	422
162.95	423
163	423
163.05	424
163.1	424
163.15	425
163.2	425
163.25	426
163.3	426
163.35	427
163.4	427
163.45	428
163.5	428
163.55	429
163.6	429
163.65	430
163.7	430
163.75	431
163.8	431
163.85	432
163.9	432
163.95	433
164	433
164.05	434
164.1	434
164.15	435
164.2	435
164.25	436
164.3	436
164.35	437
164.4	437
164.45	438
164.5	438
164.55	439
164.6	439
164.65	440
164.7	440
164.75	441
164.8	441
164.85	442
164.9	442
164.95	443
165	443
165.05	444
165.1	444
165.15	445
165.2	445
165.25	446
165.3	446
165.35	447
165.4	447
165.45	448
165.5	448
165.55	449
165.6	449
165.65	450
165.7	450
165.75	451
165.8	451
165.85	452
165.9	452
165.95	453
166	453
166.05	454
166.1	454
166.15	455
166.2	455
166.25	456
166.3	456
166.35	457
166.4	457
166.45	458
166.5	458
166.55	459
166.6	459
166.65	460
166.7	460
166.75	461
166.8	461
166.85	462
166.9	462
166.95	463
167	463
167.05	464
167.1	464
167.15	465
167.2	465
167.25	466
167.3	466
167.35	467
167.4	467
167.45	468
167.5	468
167.55	469
167.6	469
167.65	470
167.7	470
167.75	471
167.8	471
167.85	472
167.9	472
167.95	473
168	473
168.05	474
168.1	474
168.15	475
168.2	475
168.25	476
168.3	476
168.35	477
168.4	477
168.45	478
168.5	478
168.55	479
168.6	479
168.65	480
168.7	480
168.75	481
168.8	481
168.85	482
168.9	482
168.95	483
169	483
169.05	484
169.1	484
169.15	485
169.2	485
169.25	486
169.3	486
169.35	487
169.4	488
169.45	488
169.5	488
169.55	489
169.6	490
169.65	490
169.7	490
169.75	491
169.8	492
169.85	492
169.9	493
169.95	493
170	494
170.05	494
170.1	495
170.15	495
170.2	496
170.25	496
170.3	497
170.35	497
170.4	498
170.45	498
170.5	499
170.55	499
170.6	500
170.65	500
170.7	501
170.75	501
170.8	502
170.85	502
170.9	503
170.95	503
171	504
171.05	504
171.1	505
171.15	505
171.2	506
171.25	506
171.3	507
171.35	507
171.4	508
171.45	508
171.5	509
171.55	509
171.6	510
171.65	510
171.7	511
171.75	511
171.8	512
171.85	512
171.9	513
171.95	513
172	514
172.05	514
172.1	515
172.15	515
172.2	516
172.25	516
172.3	517
172.35	517
172.4	518
172.45	518
172.5	519
172.55	519
172.6	520
172.65	520
172.7	521
172.75	521
172.8	522
172.85	522
172.9	523
172.95	523
173	524
173.05	524
173.1	525
173.15	525
173.2	526
173.25	526
173.3	527
173.35	527
173.4	528
173.45	528
173.5	529
173.55	529
173.6	530
173.65	530
173.7	531
173.75	531
173.8	532
173.85	532
173.9	533
173.95	533
174	534
174.05	534
174.1	535
174.15	535
174.2	536
174.25	536
174.3	537
174.35	537
174.4	538
174.45	538
174.5	539
174.55	539
174.6	540
174.65	540
174.7	541
174.75	541
174.8	542
174.85	542
174.9	543
174.95	543
175	544
175.05	544
175.1	545
175.15	545
175.2	546
175.25	546
175.3	547
175.35	547
175.4	548
175.45	548
175.5	549
175.55	549
175.6	550
175.65	550
175.7	551
175.75	551
175.8	552
175.85	552
175.9	553
175.95	553
176	554
176.05	554
176.1	555
176.15	555
176.2	556
176.25	556
176.3	557
176.35	557
176.4	558
176.45	558
176.5	559
176.55	559
176.6	560
176.65	560
176.7	561
176.75	561
176.8	562
176.85	562
176.9	563
176.95	563
177	564
177.05	564
177.1	565
177.15	565
177.2	566
177.25	566
177.3	567
177.35	567
177.4	568
177.45	568
177.5	569
177.55	569
177.6	570
177.65	570
177.7	571
177.75	571
177.8	572
177.85	572
177.9	573
177.95	573
178	574
178.05	574
178.1	575
178.15	575
178.2	576
178.25	576
178.3	577
178.35	577
178.4	578
178.45	578
178.5	579
178.55	579
178.6	580
178.65	580
178.7	581
178.75	581
178.8	582
178.85	582
178.9	583
178.95	583
179	584
179.05	584
179.1	585
179.15	585
179.2	586
179.25	586
179.3	587
179.35	587
179.4	588
179.45	588
179.5	589
179.55	589
179.6	590
179.65	590
179.7	591
179.75	591
179.8	592
179.85	592
179.9	593
179.95	593
180	594
180.05	594
180.1	595
180.15	595
180.2	596
180.25	596
180.3	597
180.35	597
180.4	598
180.45	598
180.5	599
180.55	599
180.6	600
180.65	600
180.7	601
180.75	601
180.8	602
180.85	602
180.9	603
180.95	603
181	604
181.05	604
181.1	605
181.15	605
181.2	606
181.25	606
181.3	607
181.35	607
181.4	608
181.45	608
181.5	609
181.55	609
181.6	610
181.65	610
181.7	611
181.75	611
181.8	612
181.85	612
181.9	613
181.95	613
182	614
182.05	614
182.1	615
182.15	615
182.2	616
182.25	616
182.3	617
182.35	617
182.4	618
182.45	618
182.5	619
182.55	619
182.6	620
182.65	620
182.7	621
182.75	621
182.8	622
182.85	622
182.9	623
182.95	623
183	624
183.05	624
183.1	625
183.15	625
183.2	626
183.25	626
183.3	627
183.35	627
183.4	628
183.45	628
183.5	629
183.55	629
183.6	630
183.65	630
183.7	631
183.75	631
183.8	632
183.85	632
183.9	633
183.95	633
184	634
184.05	634
184.1	635
184.15	635
184.2	636
184.25	636
184.3	637
184.35	637
184.4	638
184.45	638
184.5	639
184.55	639
184.6	640
184.65	640
184.7	641
184.75	641
184.8	642
184.85	642
184.9	643
184.95	643
185	644
185.05	644
185.1	645
185.15	645
185.2	646
185.25	646
185.3	647
185.35	647
185.4	648
185.45	648
185.5	649
185.55	649
185.6	650
185.65	650
185.7	651
185.75	651
185.8	652
185.85	652
185.9	653
185.95	653
186	654
186.05	654
186.1	655
186.15	655
186.2	656
186.25	656
186.3	657
186.35	657
186.4	658
186.45	658
186.5	659
186.55	659
186.6	660
186.65	660
186.7	661
186.75	661
186.8	662
186.85	662
186.9	663
186.95	663
187	664
187.05	664
187.1	665
187.15	665
187.2	666
187.25	666
187.3	667
187.35	667
187.4	668
187.45	668
187.5	669
187.55	669
187.6	670
187.65	670
187.7	671
187.75	671
187.8	672
187.85	672
187.9	673
187.95	673
188	674
188.05	674
188.1	675
188.15	675
188.2	676
188.25	676
188.3	677
188.35	677
188.4	678
188.45	678
188.5	679
188.55	679
188.6	680
188.65	680
188.7	681
188.75	681
188.8	682
188.85	682
188.9	683
188.95	683
189	684
189.05	684
189.1	685
189.15	685
189.2	686
189.25	686
189.3	687
189.35	687
189.4	688
189.45	688
189.5	689
189.55	689
189.6	690
189.65	690
189.7	691
189.75	691
189.8	692
189.85	692
189.9	693
189.95	693
190	694
190.05	694
190.1	695
190.15	695
190.2	696
190.25	696
190.3	697
190.35	697
190.4	698
190.45	698
190.5	699
190.55	699
190.6	700
190.65	700
190.7	701
190.75	701
190.8	702
190.85	702
190.9	703
190.95	703
191	704
191.05	704
191.1	705
191.15	705
191.2	706
191.25	706
191.3	707
191.35	707
191.4	708
191.45	708
191.5	709
191.55	709
191.6	710
191.65	710
191.7	711
191.75	711
191.8	712
191.85	712
191.9	713
191.95	713
192	714
192.05	714
192.1	715
192.15	715
192.2	716
192.25	716
192.3	717
192.35	717
192.4	718
192.45	718
192.5	719
192.55	719
192.6	720
192.65	720
192.7	721
192.75	721
192.8	722
192.85	722
192.9	723
192.95	723
193	724
193.05	724
193.1	725
193.15	725
193.2	726
193.25	726
193.3	726
193.35	727
193.4	727
193.45	728
193.5	728
193.55	729
193.6	729
193.65	730
193.7	730
193.75	731
193.8	731
193.85	732
193.9	732
193.95	733
194	733
194.05	733
194.1	733
194.15	733
194.2	733
194.25	733
194.3	733
194.35	733
194.4	733
194.45	733
194.5	733
194.55	733
194.6	733
194.65	733
194.7	733
194.75	733
194.8	733
194.85	733
194.9	733
194.95	733
195	733
195.05	733
195.1	733
195.15	733
195.2	733
195.25	733
195.3	733
195.35	733
195.4	733
195.45	733
195.5	733
195.55	733
195.6	733
195.65	733
195.7	733
195.75	733
195.8	733
195.85	733
195.9	733
195.95	733
196	733
196.05	733
196.1	733
196.15	733
196.2	733
196.25	733
196.3	733
196.35	733
196.4	733
196.45	733
196.5	733
196.55	733
196.6	733
196.65	733
196.7	733
196.75	733
196.8	733
196.85	733
196.9	733
196.95	733
197	733
197.05	733
197.1	733
197.15	733
197.2	733
197.25	733
197.3	733
197.35	733
197.4	733
197.45	733
197.5	733
197.55	733
197.6	733
197.65	733
197.7	733
197.75	733
197.8	733
197.85	733
197.9	733
197.95	733
198	733
198.05	733
198.1	733
198.15	733
198.2	733
198.25	733
198.3	733
198.35	733
198.4	733
198.45	733
198.5	733
198.55	733
198.6	733
198.65	733
198.7	733
198.75	733
198.8	733
198.85	733
198.9	733
198.95	733
199	733
199.05	733
199.1	733
199.15	733
199.2	733
199.25	733
199.3	733
199.35	733
199.4	733
199.45	733
199.5	733
199.55	733
199.6	733
199.65	733
199.7	733
199.75	733
199.8	733
199.85	733
199.9	733
199.95	733
200	733
200.05	733
200.1	733
200.15	733
200.2	733
200.25	733
200.3	733
200.35	733
200.4	733
200.45	733
200.5	733
200.55	733
200.6	733
200.65	733
200.7	733
200.75	733
200.8	733
200.85	733
200.9	733
200.95	733
201	733
201.05	733
201.1	733
201.15	733
201.2	733
201.25	733
201.3	733
201.35	733
201.4	733
201.45	733
201.5	733
201.55	733
201.6	733
201.65	733
201.7	733
201.75	733
201.8	733
201.85	733
201.9	733
201.95	733
202	733
202.05	733
202.1	733
202.15	733
202.2	733
202.25	733
202.3	733
202.35	733
202.4	733
202.45	733
202.5	733
202.55	733
202.6	733
202.65	733
202.7	733
202.75	733
202.8	733
202.85	733
202.9	733
202.95	733
203	733
203.05	733
203.1	733
203.15	733
203.2	733
203.25	733
203.3	733
203.35	733
203.4	733
203.45	733
203.5	733
203.55	733
203.6	733
203.65	733
203.7	733
203.75	733
203.8	733
203.85	733
203.9	733
203.95	733
204	733
204.05	733
204.1	733
204.15	733
204.2	733
204.25	733
204.3	733
204.35	733
204.4	733
204.45	733
204.5	733
204.55	733
204.6	733
204.65	733
204.7	733
204.75	733
204.8	733
204.85	733
204.9	733
204.95	733
205	733
205.05	733
205.1	733
205.15	733
205.2	733
205.25	733
205.3	733
205.35	733
205.4	733
205.45	733
205.5	733
205.55	733
205.6	733
205.65	733
205.7	733
205.75	733
205.8	733
205.85	733
205.9	733
205.95	733
206	733
206.05	733
206.1	733
206.15	733
206.2	733
206.25	733
206.3	733
206.35	733
206.4	733
206.45	733
206.5	733
206.55	733
206.6	733
206.65	733
206.7	733
206.75	733
206.8	733
206.85	733
206.9	733
206.95	733
207	733
207.05	733
207.1	733
207.15	733
207.2	733
207.25	733
207.3	733
207.35	733
207.4	733
207.45	733
207.5	733
207.55	733
207.6	733
207.65	733
207.7	733
207.75	733
207.8	733
207.85	733
207.9	733
207.95	733
208	733
208.05	733
208.1	733
208.15	733
208.2	733
208.25	733
208.3	733
208.35	733
208.4	733
208.45	733
208.5	733
208.55	733
208.6	733
208.65	733
208.7	733
208.75	733
208.8	733
208.85	733
208.9	733
208.95	733
209	733
209.05	733
209.1	733
209.15	733
209.2	733
209.25	733
209.3	733
209.35	733
209.4	733
209.45	733
209.5	733
209.55	733
209.6	733
209.65	733
209.7	733
209.75	733
209.8	733
209.85	733
209.9	733
209.95	733
210	733
210.05	733
210.1	733
210.15	733
210.2	733
210.25	733
210.3	733
210.35	733
210.4	733
210.45	733
210.5	733
210.55	733
210.6	733
210.65	733
210.7	733
210.75	733
210.8	733
210.85	733
210.9	733
210.95	733
211	733
211.05	733
211.1	733
211.15	733
211.2	733
211.25	733
211.3	733
211.35	733
211.4	733
211.45	733
211.5	733
211.55	733
211.6	733
211.65	733
211.7	733
211.75	733
211.8	733
211.85	733
211.9	733
211.95	733
212	733
212.05	733
212.1	733
212.15	733
212.2	733
212.25	733
212.3	733
212.35	733
212.4	733
212.45	733
212.5	733
212.55	733
212.6	733
212.65	733
212.7	733
212.75	733
212.8	733
212.85	733
212.9	733
212.95	733
213	733
213.05	733
213.1	733
213.15	733
213.2	733
213.25	733
213.3	733
213.35	733
213.4	733
213.45	733
213.5	733
213.55	733
213.6	733
213.65	733
213.7	733
213.75	733
213.8	733
213.85	733
213.9	733
213.95	733
214	733
214.05	733
214.1	733
214.15	733
214.2	733
214.25	733
214.3	733
214.35	733
214.4	733
214.45	733
214.5	733
214.55	733
214.6	733
214.65	733
214.7	733
214.75	733
214.8	733
214.85	733
214.9	733
214.95	733
215	733
215.05	733
215.1	733
215.15	733
215.2	733
215.25	733
215.3	733
215.35	733
215.4	733
215.45	733
215.5	733
215.55	733
215.6	733
215.65	733
215.7	733
215.75	733
215.8	733
215.85	733
215.9	733
215.95	733
216	733
216.05	733
216.1	733
216.15	733
216.2	733
216.25	733
216.3	733
216.35	733
216.4	733
216.45	733
216.5	733
216.55	733
216.6	733
216.65	733
216.7	733
216.75	733
216.8	733
216.85	733
216.9	733
216.95	733
217	733
217.05	733
217.1	733
217.15	733
217.2	733
217.25	733
217.3	733
217.35	733
217.4	733
217.45	733
217.5	733
217.55	733
217.6	733
217.65	733
217.7	733
217.75	733
217.8	733
217.85	733
217.9	733
217.95	733
218	733
218.05	733
218.1	733
218.15	733
218.2	733
218.25	733
218.3	733
218.35	733
218.4	733
218.45	733
218.5	733
218.55	733
218.6	733
218.65	733
218.7	733
218.75	733
218.8	733
218.85	733
218.9	733
218.95	733
219	733
219.05	733
219.1	733
219.15	733
219.2	733
219.25	733
219.3	733
219.35	733
219.4	733
219.45	733
219.5	733
219.55	733
219.6	733
219.65	733
219.7	733
219.75	733
219.8	733
219.85	733
219.9	733
219.95	733
220	733
220.05	733
220.1	733
220.15	733
220.2	733
220.25	733
220.3	733
220.35	733
220.4	733
220.45	733
220.5	733
220.55	733
220.6	733
220.65	733
220.7	733
220.75	733
220.8	733
220.85	733
220.9	733
220.95	733
221	733
221.05	733
221.1	733
221.15	733
221.2	733
221.25	733
221.3	733
221.35	733
221.4	733
221.45	733
221.5	733
221.55	733
221.6	733
221.65	733
221.7	733
221.75	733
221.8	733
221.85	733
221.9	733
221.95	733
222	733
222.05	733
222.1	733
222.15	733
222.2	733
222.25	733
222.3	733
222.35	733
222.4	733
222.45	733
222.5	733
222.55	733
222.6	733
222.65	733
222.7	733
222.75	733
222.8	733
222.85	733
222.9	733
222.95	733
223	733
223.05	733
223.1	733
223.15	733
223.2	733
223.25	733
223.3	733
223.35	733
223.4	733
223.45	733
223.5	733
223.55	733
223.6	733
223.65	733
223.7	733
223.75	733
223.8	733
223.85	733
223.9	733
223.95	733
224	733
224.05	733
224.1	733
224.15	733
224.2	733
224.25	733
224.3	733
224.35	733
224.4	733
224.45	733
224.5	733
224.55	733
224.6	733
224.65	733
224.7	733
224.75	733
224.8	733
224.85	733
224.9	733
224.95	733
225	733
225.05	733
225.1	733
225.15	733
225.2	733
225.25	733
225.3	733
225.35	733
225.4	733
225.45	733
225.5	733
225.55	733
225.6	733
225.65	733
225.7	733
225.75	733
225.8	733
225.85	733
225.9	733
225.95	733
226	733
226.05	733
226.1	733
226.15	733
226.2	733
226.25	733
226.3	733
226.35	733
226.4	733
226.45	733
226.5	733
226.55	733
226.6	733
226.65	733
226.7	733
226.75	733
226.8	733
226.85	733
226.9	733
226.95	733
227	733
227.05	733
227.1	733
227.15	733
227.2	733
227.25	733
227.3	733
227.35	733
227.4	733
227.45	733
227.5	733
227.55	733
227.6	733
227.65	733
227.7	733
227.75	733
227.8	733
227.85	733
227.9	733
227.95	733
228	733
228.05	733
228.1	733
228.15	733
228.2	733
228.25	733
228.3	733
228.35	733
228.4	733
228.45	733
228.5	733
228.55	733
228.6	733
228.65	733
228.7	733
228.75	733
228.8	733
228.85	733
228.9	733
228.95	733
229	733
229.05	733
229.1	733
229.15	733
229.2	733
229.25	733
229.3	733
229.35	733
229.4	733
229.45	733
229.5	733
229.55	733
229.6	733
229.65	733
229.7	733
229.75	733
229.8	733
229.85	733
229.9	733
229.95	733
230	733
230.05	733
230.1	733
230.15	733
230.2	733
230.25	733
230.3	733
230.35	733
230.4	733
230.45	733
230.5	733
230.55	733
230.6	733
230.65	733
230.7	733
230.75	733
230.8	733
230.85	733
230.9	733
230.95	733
231	733
231.05	733
231.1	733
231.15	733
231.2	733
231.25	733
231.3	733
231.35	733
231.4	733
231.45	733
231.5	733
231.55	733
231.6	733
231.65	733
231.7	733
231.75	733
231.8	733
231.85	733
231.9	733
231.95	733
232	733
232.05	733
232.1	733
232.15	733
232.2	733
232.25	733
232.3	733
232.35	733
232.4	733
232.45	733
232.5	733
232.55	733
232.6	733
232.65	733
232.7	733
232.75	733
232.8	733
232.85	733
232.9	733
232.95	733
233	733
233.05	733
233.1	733
233.15	733
233.2	733
233.25	733
233.3	733
233.35	733
233.4	733
233.45	733
233.5	733
233.55	733
233.6	733
233.65	733
233.7	733
233.75	733
233.8	733
233.85	733
233.9	733
233.95	733
234	733
234.05	733
234.1	733
234.15	733
234.2	733
234.25	733
234.3	733
234.35	733
234.4	733
234.45	733
234.5	733
234.55	733
234.6	733
234.65	733
234.7	733
234.75	733
234.8	733
234.85	733
234.9	733
234.95	733
235	733
235.05	733
235.1	733
235.15	733
235.2	733
235.25	733
235.3	733
235.35	733
235.4	733
235.45	733
235.5	733
235.55	733
235.6	733
235.65	733
235.7	733
235.75	733
235.8	733
235.85	733
235.9	733
235.95	733
236	733
236.05	733
236.1	733
236.15	733
236.2	733
236.25	733
236.3	733
236.35	733
236.4	733
236.45	733
236.5	733
236.55	733
236.6	733
236.65	733
236.7	733
236.75	733
236.8	733
236.85	733
236.9	733
236.95	733
237	733
237.05	733
237.1	733
237.15	733
237.2	733
237.25	733
237.3	733
237.35	733
237.4	733
237.45	733
237.5	733
237.55	733
237.6	733
237.65	733
237.7	733
237.75	733
237.8	733
237.85	733
237.9	733
237.95	733
238	733
238.05	733
238.1	733
238.15	733
238.2	733
238.25	733
238.3	733
238.35	733
238.4	733
238.45	733
238.5	733
238.55	733
238.6	733
238.65	733
238.7	733
238.75	733
238.8	733
238.85	733
238.9	733
238.95	733
239	733
239.05	733
239.1	733
239.15	733
239.2	733
239.25	733
239.3	733
239.35	733
239.4	733
239.45	733
239.5	733
239.55	733
239.6	733
239.65	733
239.7	733
239.75	733
239.8	733
239.85	733
239.9	733
239.95	733
