# Time(s)	CWND(packets)
0.05	0
0.1	0
0.15	10
0.2	10
0.25	15
0.3	15
0.35	22
0.4	22
0.45	33
0.5	33
0.55	46
0.6	49
0.65	61
0.7	73
0.75	85
0.8	99
0.85	91
0.9	91
0.95	91
1	91
1.05	91
1.1	91
1.15	91
1.2	91
1.25	91
1.3	91
1.35	91
1.4	91
1.45	91
1.5	91
1.55	91
1.6	91
1.65	91
1.7	91
1.75	91
1.8	91
1.85	91
1.9	91
1.95	91
2	91
2.05	91
2.1	91
2.15	91
2.2	91
2.25	91
2.3	91
2.35	91
2.4	91
2.45	91
2.5	91
2.55	91
2.6	91
2.65	91
2.7	91
2.75	91
2.8	91
2.85	91
2.9	91
2.95	91
3	91
3.05	91
3.1	91
3.15	91
3.2	91
3.25	91
3.3	91
3.35	91
3.4	91
3.45	91
3.5	91
3.55	91
3.6	91
3.65	91
3.7	91
3.75	91
3.8	91
3.85	91
3.9	91
3.95	91
4	91
4.05	91
4.1	91
4.15	91
4.2	91
4.25	91
4.3	91
4.35	91
4.4	91
4.45	91
4.5	91
4.55	91
4.6	91
4.65	91
4.7	91
4.75	91
4.8	91
4.85	91
4.9	91
4.95	91
5	91
5.05	91
5.1	91
5.15	91
5.2	91
5.25	91
5.3	91
5.35	91
5.4	91
5.45	91
5.5	91
5.55	91
5.6	91
5.65	91
5.7	91
5.75	91
5.8	91
5.85	91
5.9	91
5.95	91
6	91
6.05	91
6.1	91
6.15	91
6.2	91
6.25	91
6.3	91
6.35	91
6.4	91
6.45	91
6.5	91
6.55	91
6.6	91
6.65	91
6.7	91
6.75	91
6.8	91
6.85	91
6.9	91
6.95	91
7	91
7.05	91
7.1	91
7.15	91
7.2	91
7.25	91
7.3	91
7.35	91
7.4	91
7.45	91
7.5	91
7.55	91
7.6	91
7.65	91
7.7	91
7.75	91
7.8	91
7.85	91
7.9	91
7.95	91
8	91
8.05	91
8.1	91
8.15	91
8.2	91
8.25	91
8.3	91
8.35	91
8.4	91
8.45	91
8.5	91
8.55	91
8.6	91
8.65	91
8.7	91
8.75	91
8.8	91
8.85	91
8.9	91
8.95	91
9	91
9.05	91
9.1	91
9.15	91
9.2	91
9.25	91
9.3	91
9.35	91
9.4	91
9.45	91
9.5	91
9.55	91
9.6	91
9.65	91
9.7	91
9.75	91
9.8	91
9.85	91
9.9	91
9.95	91
10	91
10.05	91
10.1	91
10.15	91
10.2	91
10.25	91
10.3	91
10.35	91
10.4	91
10.45	91
10.5	91
10.55	91
10.6	91
10.65	91
10.7	91
10.75	91
10.8	91
10.85	91
10.9	91
10.95	91
11	91
11.05	91
11.1	91
11.15	91
11.2	91
11.25	91
11.3	91
11.35	91
11.4	91
11.45	91
11.5	91
11.55	91
11.6	91
11.65	91
11.7	91
11.75	91
11.8	91
11.85	91
11.9	91
11.95	91
12	91
12.05	91
12.1	91
12.15	91
12.2	91
12.25	91
12.3	91
12.35	91
12.4	91
12.45	91
12.5	91
12.55	91
12.6	91
12.65	91
12.7	91
12.75	91
12.8	91
12.85	91
12.9	91
12.95	91
13	91
13.05	91
13.1	91
13.15	91
13.2	91
13.25	91
13.3	91
13.35	91
13.4	91
13.45	91
13.5	91
13.55	91
13.6	91
13.65	91
13.7	91
13.75	91
13.8	91
13.85	91
13.9	91
13.95	91
14	91
14.05	91
14.1	91
14.15	91
14.2	91
14.25	91
14.3	91
14.35	91
14.4	91
14.45	91
14.5	91
14.55	91
14.6	91
14.65	91
14.7	91
14.75	91
14.8	91
14.85	91
14.9	91
14.95	91
15	91
15.05	91
15.1	91
15.15	91
15.2	91
15.25	91
15.3	91
15.35	91
15.4	91
15.45	91
15.5	91
15.55	91
15.6	91
15.65	91
15.7	91
15.75	91
15.8	91
15.85	91
15.9	91
15.95	91
16	91
16.05	91
16.1	91
16.15	91
16.2	91
16.25	91
16.3	91
16.35	91
16.4	91
16.45	91
16.5	91
16.55	91
16.6	91
16.65	91
16.7	91
16.75	91
16.8	91
16.85	91
16.9	91
16.95	91
17	91
17.05	91
17.1	91
17.15	91
17.2	91
17.25	91
17.3	91
17.35	91
17.4	91
17.45	91
17.5	91
17.55	91
17.6	91
17.65	91
17.7	91
17.75	91
17.8	91
17.85	91
17.9	91
17.95	91
18	91
18.05	91
18.1	91
18.15	91
18.2	91
18.25	91
18.3	91
18.35	91
18.4	91
18.45	91
18.5	91
18.55	91
18.6	91
18.65	91
18.7	91
18.75	91
18.8	91
18.85	91
18.9	91
18.95	91
19	91
19.05	91
19.1	91
19.15	91
19.2	91
19.25	91
19.3	91
19.35	91
19.4	91
19.45	91
19.5	91
19.55	91
19.6	91
19.65	91
19.7	91
19.75	91
19.8	91
19.85	91
19.9	91
19.95	91
20	91
20.05	91
20.1	91
20.15	91
20.2	91
20.25	91
20.3	91
20.35	91
20.4	91
20.45	91
20.5	91
20.55	91
20.6	91
20.65	91
20.7	91
20.75	91
20.8	91
20.85	91
20.9	91
20.95	91
21	91
21.05	91
21.1	91
21.15	91
21.2	91
21.25	91
21.3	91
21.35	91
21.4	91
21.45	91
21.5	91
21.55	91
21.6	91
21.65	91
21.7	91
21.75	91
21.8	91
21.85	91
21.9	91
21.95	91
22	91
22.05	91
22.1	91
22.15	91
22.2	91
22.25	91
22.3	91
22.35	91
22.4	91
22.45	91
22.5	91
22.55	91
22.6	91
22.65	91
22.7	91
22.75	91
22.8	91
22.85	91
22.9	91
22.95	91
23	91
23.05	91
23.1	91
23.15	91
23.2	91
23.25	91
23.3	91
23.35	91
23.4	91
23.45	91
23.5	91
23.55	91
23.6	91
23.65	91
23.7	91
23.75	91
23.8	91
23.85	91
23.9	91
23.95	91
24	91
24.05	91
24.1	91
24.15	91
24.2	91
24.25	91
24.3	91
24.35	91
24.4	91
24.45	91
24.5	91
24.55	91
24.6	91
24.65	91
24.7	91
24.75	91
24.8	91
24.85	91
24.9	91
24.95	91
25	91
25.05	91
25.1	91
25.15	91
25.2	91
25.25	91
25.3	91
25.35	91
25.4	91
25.45	91
25.5	91
25.55	91
25.6	91
25.65	91
25.7	91
25.75	91
25.8	91
25.85	91
25.9	91
25.95	91
26	91
26.05	91
26.1	91
26.15	91
26.2	91
26.25	91
26.3	91
26.35	91
26.4	91
26.45	91
26.5	91
26.55	91
26.6	91
26.65	91
26.7	91
26.75	91
26.8	91
26.85	91
26.9	91
26.95	91
27	91
27.05	91
27.1	91
27.15	91
27.2	91
27.25	91
27.3	91
27.35	91
27.4	91
27.45	91
27.5	91
27.55	91
27.6	91
27.65	91
27.7	91
27.75	91
27.8	91
27.85	91
27.9	91
27.95	91
28	91
28.05	91
28.1	91
28.15	91
28.2	91
28.25	91
28.3	91
28.35	91
28.4	91
28.45	91
28.5	91
28.55	91
28.6	91
28.65	91
28.7	91
28.75	91
28.8	91
28.85	91
28.9	91
28.95	91
29	91
29.05	91
29.1	91
29.15	91
29.2	91
29.25	91
29.3	91
29.35	91
29.4	91
29.45	91
29.5	91
29.55	91
29.6	91
29.65	91
29.7	91
29.75	91
29.8	91
29.85	91
29.9	91
29.95	91
30	91
30.05	91
30.1	91
30.15	91
30.2	91
30.25	91
30.3	91
30.35	91
30.4	91
30.45	91
30.5	91
30.55	91
30.6	91
30.65	91
30.7	91
30.75	91
30.8	91
30.85	91
30.9	91
30.95	91
31	91
31.05	91
31.1	91
31.15	91
31.2	91
31.25	91
31.3	91
31.35	91
31.4	91
31.45	91
31.5	91
31.55	91
31.6	91
31.65	91
31.7	91
31.75	91
31.8	91
31.85	91
31.9	91
31.95	91
32	91
32.05	91
32.1	91
32.15	91
32.2	91
32.25	91
32.3	91
32.35	91
32.4	91
32.45	91
32.5	91
32.55	91
32.6	91
32.65	91
32.7	91
32.75	91
32.8	91
32.85	91
32.9	91
32.95	91
33	91
33.05	91
33.1	91
33.15	91
33.2	91
33.25	91
33.3	91
33.35	91
33.4	91
33.45	91
33.5	91
33.55	91
33.6	91
33.65	91
33.7	91
33.75	91
33.8	91
33.85	91
33.9	91
33.95	91
34	91
34.05	91
34.1	91
34.15	91
34.2	91
34.25	91
34.3	91
34.35	91
34.4	91
34.45	91
34.5	91
34.55	91
34.6	91
34.65	91
34.7	91
34.75	91
34.8	91
34.85	91
34.9	91
34.95	91
35	91
35.05	91
35.1	91
35.15	91
35.2	91
35.25	91
35.3	91
35.35	91
35.4	91
35.45	91
35.5	91
35.55	91
35.6	91
35.65	91
35.7	91
35.75	91
35.8	91
35.85	91
35.9	91
35.95	91
36	91
36.05	91
36.1	91
36.15	91
36.2	91
36.25	91
36.3	91
36.35	91
36.4	91
36.45	91
36.5	91
36.55	91
36.6	91
36.65	91
36.7	91
36.75	91
36.8	91
36.85	91
36.9	91
36.95	91
37	91
37.05	91
37.1	91
37.15	91
37.2	91
37.25	91
37.3	91
37.35	91
37.4	91
37.45	91
37.5	91
37.55	91
37.6	91
37.65	91
37.7	91
37.75	91
37.8	91
37.85	91
37.9	91
37.95	91
38	91
38.05	91
38.1	91
38.15	91
38.2	91
38.25	91
38.3	91
38.35	91
38.4	91
38.45	91
38.5	91
38.55	91
38.6	91
38.65	91
38.7	91
38.75	91
38.8	91
38.85	91
38.9	91
38.95	91
39	91
39.05	91
39.1	91
39.15	91
39.2	91
39.25	91
39.3	91
39.35	91
39.4	91
39.45	91
39.5	91
39.55	91
39.6	91
39.65	91
39.7	91
39.75	91
39.8	91
39.85	91
39.9	91
39.95	91
40	91
40.05	91
40.1	91
40.15	91
40.2	91
40.25	91
40.3	91
40.35	91
40.4	91
40.45	91
40.5	91
40.55	91
40.6	91
40.65	91
40.7	91
40.75	91
40.8	91
40.85	91
40.9	91
40.95	91
41	91
41.05	91
41.1	91
41.15	91
41.2	91
41.25	91
41.3	91
41.35	91
41.4	91
41.45	91
41.5	91
41.55	91
41.6	91
41.65	91
41.7	91
41.75	91
41.8	91
41.85	91
41.9	91
41.95	91
42	91
42.05	91
42.1	91
42.15	91
42.2	91
42.25	91
42.3	91
42.35	91
42.4	91
42.45	91
42.5	91
42.55	91
42.6	91
42.65	91
42.7	91
42.75	91
42.8	91
42.85	91
42.9	91
42.95	91
43	91
43.05	91
43.1	91
43.15	91
43.2	91
43.25	91
43.3	91
43.35	91
43.4	91
43.45	91
43.5	91
43.55	91
43.6	91
43.65	91
43.7	91
43.75	91
43.8	91
43.85	91
43.9	91
43.95	91
44	91
44.05	91
44.1	91
44.15	91
44.2	91
44.25	91
44.3	91
44.35	91
44.4	91
44.45	91
44.5	91
44.55	91
44.6	91
44.65	91
44.7	91
44.75	91
44.8	91
44.85	91
44.9	91
44.95	91
45	91
45.05	91
45.1	91
45.15	91
45.2	91
45.25	91
45.3	91
45.35	91
45.4	91
45.45	91
45.5	91
45.55	91
45.6	91
45.65	91
45.7	91
45.75	91
45.8	91
45.85	91
45.9	91
45.95	91
46	91
46.05	91
46.1	91
46.15	91
46.2	91
46.25	91
46.3	91
46.35	91
46.4	91
46.45	91
46.5	91
46.55	91
46.6	91
46.65	91
46.7	91
46.75	91
46.8	91
46.85	91
46.9	91
46.95	91
47	91
47.05	91
47.1	91
47.15	91
47.2	91
47.25	91
47.3	91
47.35	91
47.4	91
47.45	91
47.5	91
47.55	91
47.6	91
47.65	91
47.7	91
47.75	91
47.8	91
47.85	91
47.9	91
47.95	91
48	91
48.05	91
48.1	91
48.15	91
48.2	91
48.25	91
48.3	91
48.35	91
48.4	91
48.45	91
48.5	91
48.55	91
48.6	91
48.65	91
48.7	91
48.75	91
48.8	91
48.85	91
48.9	91
48.95	91
49	91
49.05	91
49.1	91
49.15	91
49.2	91
49.25	91
49.3	91
49.35	91
49.4	91
49.45	91
49.5	91
49.55	91
49.6	91
49.65	91
49.7	91
49.75	91
49.8	91
49.85	91
49.9	91
49.95	91
50	91
50.05	91
50.1	91
50.15	91
50.2	91
50.25	91
50.3	91
50.35	91
50.4	91
50.45	91
50.5	91
50.55	91
50.6	91
50.65	91
50.7	91
50.75	91
50.8	91
50.85	91
50.9	91
50.95	91
51	91
51.05	91
51.1	91
51.15	91
51.2	91
51.25	91
51.3	91
51.35	91
51.4	91
51.45	91
51.5	91
51.55	91
51.6	91
51.65	91
51.7	91
51.75	91
51.8	91
51.85	91
51.9	91
51.95	91
52	91
52.05	91
52.1	91
52.15	91
52.2	91
52.25	91
52.3	91
52.35	91
52.4	91
52.45	91
52.5	91
52.55	91
52.6	91
52.65	91
52.7	91
52.75	91
52.8	91
52.85	91
52.9	91
52.95	91
53	91
53.05	91
53.1	91
53.15	91
53.2	91
53.25	91
53.3	91
53.35	91
53.4	91
53.45	91
53.5	91
53.55	91
53.6	91
53.65	91
53.7	91
53.75	91
53.8	91
53.85	91
53.9	91
53.95	91
54	91
54.05	91
54.1	91
54.15	91
54.2	91
54.25	91
54.3	91
54.35	91
54.4	91
54.45	91
54.5	91
54.55	91
54.6	91
54.65	91
54.7	91
54.75	91
54.8	91
54.85	91
54.9	91
54.95	91
55	91
55.05	91
55.1	91
55.15	91
55.2	91
55.25	91
55.3	91
55.35	91
55.4	91
55.45	91
55.5	91
55.55	91
55.6	91
55.65	91
55.7	91
55.75	91
55.8	91
55.85	91
55.9	91
55.95	91
56	91
56.05	91
56.1	91
56.15	91
56.2	91
56.25	91
56.3	91
56.35	91
56.4	91
56.45	91
56.5	91
56.55	91
56.6	91
56.65	91
56.7	91
56.75	91
56.8	91
56.85	91
56.9	91
56.95	91
57	91
57.05	91
57.1	91
57.15	91
57.2	91
57.25	91
57.3	91
57.35	91
57.4	91
57.45	91
57.5	91
57.55	91
57.6	91
57.65	91
57.7	91
57.75	91
57.8	91
57.85	91
57.9	91
57.95	91
58	91
58.05	91
58.1	91
58.15	91
58.2	91
58.25	91
58.3	91
58.35	91
58.4	91
58.45	91
58.5	91
58.55	91
58.6	91
58.65	91
58.7	91
58.75	91
58.8	91
58.85	91
58.9	91
58.95	91
59	91
59.05	91
59.1	91
59.15	91
59.2	91
59.25	91
59.3	91
59.35	91
59.4	91
59.45	91
59.5	91
59.55	91
59.6	91
59.65	91
59.7	91
59.75	91
59.8	91
59.85	91
59.9	91
59.95	91
60	91
60.05	91
60.1	91
60.15	91
60.2	91
60.25	91
60.3	91
60.35	91
60.4	91
60.45	91
60.5	91
60.55	91
60.6	91
60.65	91
60.7	91
60.75	91
60.8	91
60.85	91
60.9	91
60.95	91
61	91
61.05	91
61.1	91
61.15	91
61.2	91
61.25	91
61.3	91
61.35	91
61.4	91
61.45	91
61.5	91
61.55	91
61.6	91
61.65	91
61.7	91
61.75	91
61.8	91
61.85	91
61.9	91
61.95	91
62	91
62.05	91
62.1	91
62.15	91
62.2	91
62.25	91
62.3	91
62.35	91
62.4	91
62.45	91
62.5	91
62.55	91
62.6	91
62.65	91
62.7	91
62.75	91
62.8	91
62.85	91
62.9	91
62.95	91
63	91
63.05	91
63.1	91
63.15	91
63.2	91
63.25	91
63.3	91
63.35	91
63.4	91
63.45	91
63.5	91
63.55	91
63.6	91
63.65	91
63.7	91
63.75	91
63.8	91
63.85	91
63.9	91
63.95	91
64	91
64.05	91
64.1	91
64.15	91
64.2	91
64.25	91
64.3	91
64.35	91
64.4	91
64.45	91
64.5	91
64.55	91
64.6	91
64.65	91
64.7	91
64.75	91
64.8	91
64.85	91
64.9	91
64.95	91
65	91
65.05	91
65.1	91
65.15	91
65.2	91
65.25	91
65.3	91
65.35	91
65.4	91
65.45	91
65.5	91
65.55	91
65.6	91
65.65	91
65.7	91
65.75	91
65.8	91
65.85	91
65.9	91
65.95	91
66	91
66.05	91
66.1	91
66.15	91
66.2	91
66.25	91
66.3	91
66.35	91
66.4	91
66.45	91
66.5	91
66.55	91
66.6	91
66.65	91
66.7	91
66.75	91
66.8	91
66.85	91
66.9	91
66.95	91
67	91
67.05	91
67.1	91
67.15	91
67.2	91
67.25	91
67.3	91
67.35	91
67.4	91
67.45	91
67.5	91
67.55	91
67.6	91
67.65	91
67.7	91
67.75	91
67.8	91
67.85	91
67.9	91
67.95	91
68	91
68.05	91
68.1	91
68.15	91
68.2	91
68.25	91
68.3	91
68.35	91
68.4	91
68.45	91
68.5	91
68.55	91
68.6	91
68.65	91
68.7	91
68.75	91
68.8	91
68.85	91
68.9	91
68.95	91
69	91
69.05	91
69.1	91
69.15	91
69.2	91
69.25	91
69.3	91
69.35	91
69.4	91
69.45	91
69.5	91
69.55	91
69.6	91
69.65	91
69.7	91
69.75	91
69.8	91
69.85	91
69.9	91
69.95	91
70	91
70.05	91
70.1	91
70.15	91
70.2	91
70.25	91
70.3	91
70.35	91
70.4	91
70.45	91
70.5	91
70.55	91
70.6	91
70.65	91
70.7	91
70.75	91
70.8	91
70.85	91
70.9	91
70.95	91
71	91
71.05	91
71.1	91
71.15	91
71.2	91
71.25	91
71.3	91
71.35	91
71.4	91
71.45	91
71.5	91
71.55	91
71.6	91
71.65	91
71.7	91
71.75	91
71.8	91
71.85	91
71.9	91
71.95	91
72	91
72.05	91
72.1	91
72.15	91
72.2	91
72.25	91
72.3	91
72.35	91
72.4	91
72.45	91
72.5	91
72.55	91
72.6	91
72.65	91
72.7	91
72.75	91
72.8	91
72.85	91
72.9	91
72.95	91
73	91
73.05	91
73.1	91
73.15	91
73.2	91
73.25	91
73.3	91
73.35	91
73.4	91
73.45	91
73.5	91
73.55	91
73.6	91
73.65	91
73.7	91
73.75	91
73.8	91
73.85	91
73.9	91
73.95	91
74	91
74.05	91
74.1	91
74.15	91
74.2	91
74.25	91
74.3	91
74.35	91
74.4	91
74.45	91
74.5	91
74.55	91
74.6	91
74.65	91
74.7	91
74.75	91
74.8	91
74.85	91
74.9	91
74.95	91
75	91
75.05	91
75.1	91
75.15	91
75.2	91
75.25	91
75.3	91
75.35	91
75.4	91
75.45	91
75.5	91
75.55	91
75.6	91
75.65	91
75.7	91
75.75	91
75.8	91
75.85	91
75.9	91
75.95	91
76	91
76.05	91
76.1	91
76.15	91
76.2	91
76.25	91
76.3	91
76.35	91
76.4	91
76.45	91
76.5	91
76.55	91
76.6	91
76.65	91
76.7	91
76.75	91
76.8	91
76.85	91
76.9	91
76.95	91
77	91
77.05	91
77.1	91
77.15	91
77.2	91
77.25	91
77.3	91
77.35	91
77.4	91
77.45	91
77.5	91
77.55	91
77.6	91
77.65	91
77.7	91
77.75	91
77.8	91
77.85	91
77.9	91
77.95	91
78	91
78.05	91
78.1	91
78.15	91
78.2	91
78.25	91
78.3	91
78.35	91
78.4	91
78.45	91
78.5	91
78.55	91
78.6	91
78.65	91
78.7	91
78.75	91
78.8	91
78.85	91
78.9	91
78.95	91
79	91
79.05	91
79.1	91
79.15	91
79.2	91
79.25	91
79.3	91
79.35	91
79.4	91
79.45	91
79.5	91
79.55	91
79.6	91
79.65	91
79.7	91
79.75	91
79.8	91
79.85	91
79.9	91
79.95	91
80	91
80.05	91
80.1	91
80.15	91
80.2	91
80.25	91
80.3	91
80.35	91
80.4	91
80.45	91
80.5	91
80.55	91
80.6	91
80.65	90
80.7	90
80.75	90
80.8	90
80.85	90
80.9	90
80.95	89
81	89
81.05	89
81.1	89
81.15	89
81.2	89
81.25	88
81.3	88
81.35	88
81.4	88
81.45	88
81.5	88
81.55	87
81.6	87
81.65	87
81.7	87
81.75	87
81.8	87
81.85	86
81.9	86
81.95	86
82	86
82.05	86
82.1	86
82.15	85
82.2	85
82.25	85
82.3	85
82.35	85
82.4	84
82.45	84
82.5	84
82.55	84
82.6	84
82.65	84
82.7	83
82.75	83
82.8	83
82.85	83
82.9	83
82.95	83
83	82
83.05	82
83.1	82
83.15	82
83.2	82
83.25	81
83.3	81
83.35	81
83.4	81
83.45	81
83.5	81
83.55	80
83.6	80
83.65	80
83.7	80
83.75	80
83.8	79
83.85	79
83.9	79
83.95	79
84	79
84.05	78
84.1	78
84.15	78
84.2	78
84.25	78
84.3	77
84.35	77
84.4	77
84.45	77
84.5	77
84.55	77
84.6	76
84.65	76
84.7	76
84.75	76
84.8	76
84.85	75
84.9	75
84.95	75
85	75
85.05	75
85.1	74
85.15	74
85.2	74
85.25	74
85.3	74
85.35	73
85.4	73
85.45	73
85.5	73
85.55	73
85.6	72
85.65	72
85.7	72
85.75	72
85.8	71
85.85	71
85.9	71
85.95	71
86	71
86.05	70
86.1	70
86.15	70
86.2	70
86.25	70
86.3	69
86.35	69
86.4	69
86.45	69
86.5	69
86.55	69
86.6	69
86.65	69
86.7	69
86.75	69
86.8	69
86.85	69
86.9	69
86.95	69
87	69
87.05	69
87.1	69
87.15	69
87.2	69
87.25	69
87.3	69
87.35	69
87.4	69
87.45	69
87.5	69
87.55	69
87.6	69
87.65	69
87.7	69
87.75	69
87.8	69
87.85	69
87.9	69
87.95	69
88	69
88.05	69
88.1	69
88.15	69
88.2	69
88.25	69
88.3	69
88.35	69
88.4	69
88.45	69
88.5	69
88.55	69
88.6	69
88.65	69
88.7	69
88.75	69
88.8	69
88.85	69
88.9	69
88.95	69
89	69
89.05	69
89.1	69
89.15	69
89.2	69
89.25	69
89.3	69
89.35	69
89.4	69
89.45	69
89.5	69
89.55	69
89.6	69
89.65	69
89.7	69
89.75	69
89.8	69
89.85	69
89.9	69
89.95	69
90	69
90.05	69
90.1	69
90.15	69
90.2	69
90.25	69
90.3	69
90.35	69
90.4	69
90.45	69
90.5	69
90.55	69
90.6	69
90.65	69
90.7	69
90.75	69
90.8	69
90.85	69
90.9	69
90.95	69
91	69
91.05	69
91.1	69
91.15	69
91.2	69
91.25	69
91.3	69
91.35	69
91.4	69
91.45	69
91.5	69
91.55	69
91.6	69
91.65	69
91.7	69
91.75	69
91.8	69
91.85	69
91.9	69
91.95	69
92	69
92.05	69
92.1	69
92.15	69
92.2	69
92.25	69
92.3	69
92.35	69
92.4	69
92.45	69
92.5	69
92.55	69
92.6	69
92.65	69
92.7	69
92.75	69
92.8	69
92.85	69
92.9	69
92.95	69
93	69
93.05	69
93.1	69
93.15	69
93.2	69
93.25	69
93.3	69
93.35	69
93.4	69
93.45	69
93.5	69
93.55	69
93.6	69
93.65	69
93.7	69
93.75	69
93.8	69
93.85	69
93.9	69
93.95	69
94	69
94.05	69
94.1	69
94.15	69
94.2	69
94.25	69
94.3	69
94.35	69
94.4	69
94.45	69
94.5	69
94.55	69
94.6	69
94.65	69
94.7	69
94.75	69
94.8	69
94.85	69
94.9	69
94.95	69
95	69
95.05	69
95.1	69
95.15	69
95.2	69
95.25	69
95.3	69
95.35	69
95.4	69
95.45	69
95.5	69
95.55	69
95.6	69
95.65	69
95.7	69
95.75	69
95.8	69
95.85	69
95.9	69
95.95	69
96	69
96.05	69
96.1	69
96.15	69
96.2	69
96.25	69
96.3	69
96.35	69
96.4	69
96.45	69
96.5	69
96.55	69
96.6	69
96.65	69
96.7	69
96.75	69
96.8	69
96.85	69
96.9	69
96.95	69
97	69
97.05	69
97.1	69
97.15	69
97.2	69
97.25	69
97.3	69
97.35	69
97.4	69
97.45	69
97.5	69
97.55	69
97.6	69
97.65	69
97.7	69
97.75	69
97.8	69
97.85	69
97.9	69
97.95	69
98	69
98.05	69
98.1	69
98.15	69
98.2	69
98.25	69
98.3	69
98.35	69
98.4	69
98.45	69
98.5	69
98.55	69
98.6	69
98.65	69
98.7	69
98.75	69
98.8	69
98.85	69
98.9	69
98.95	69
99	69
99.05	69
99.1	69
99.15	69
99.2	69
99.25	69
99.3	69
99.35	69
99.4	69
99.45	69
99.5	69
99.55	69
99.6	69
99.65	69
99.7	69
99.75	69
99.8	69
99.85	69
99.9	69
99.95	69
100	69
100.05	69
100.1	69
100.15	69
100.2	69
100.25	69
100.3	69
100.35	69
100.4	69
100.45	69
100.5	69
100.55	69
100.6	69
100.65	69
100.7	69
100.75	69
100.8	69
100.85	69
100.9	69
100.95	69
101	69
101.05	69
101.1	69
101.15	69
101.2	69
101.25	69
101.3	69
101.35	69
101.4	69
101.45	69
101.5	69
101.55	69
101.6	69
101.65	69
101.7	69
101.75	69
101.8	69
101.85	69
101.9	69
101.95	69
102	69
102.05	69
102.1	69
102.15	69
102.2	69
102.25	69
102.3	69
102.35	69
102.4	69
102.45	69
102.5	69
102.55	69
102.6	69
102.65	69
102.7	69
102.75	69
102.8	69
102.85	69
102.9	69
102.95	69
103	69
103.05	69
103.1	69
103.15	69
103.2	69
103.25	69
103.3	69
103.35	69
103.4	69
103.45	69
103.5	69
103.55	69
103.6	69
103.65	69
103.7	69
103.75	69
103.8	69
103.85	69
103.9	69
103.95	69
104	69
104.05	69
104.1	69
104.15	69
104.2	69
104.25	69
104.3	69
104.35	69
104.4	69
104.45	69
104.5	69
104.55	69
104.6	69
104.65	69
104.7	69
104.75	69
104.8	69
104.85	69
104.9	69
104.95	69
105	69
105.05	69
105.1	69
105.15	69
105.2	69
105.25	69
105.3	69
105.35	69
105.4	69
105.45	69
105.5	69
105.55	69
105.6	69
105.65	69
105.7	69
105.75	69
105.8	69
105.85	69
105.9	69
105.95	69
106	69
106.05	69
106.1	69
106.15	69
106.2	69
106.25	69
106.3	69
106.35	69
106.4	69
106.45	69
106.5	69
106.55	69
106.6	69
106.65	69
106.7	69
106.75	69
106.8	69
106.85	69
106.9	69
106.95	69
107	69
107.05	69
107.1	69
107.15	69
107.2	69
107.25	69
107.3	69
107.35	69
107.4	69
107.45	69
107.5	69
107.55	69
107.6	69
107.65	69
107.7	69
107.75	69
107.8	69
107.85	69
107.9	69
107.95	69
108	69
108.05	69
108.1	69
108.15	69
108.2	69
108.25	69
108.3	69
108.35	69
108.4	69
108.45	69
108.5	69
108.55	69
108.6	69
108.65	69
108.7	69
108.75	69
108.8	69
108.85	69
108.9	69
108.95	69
109	69
109.05	69
109.1	69
109.15	69
109.2	69
109.25	69
109.3	69
109.35	69
109.4	69
109.45	69
109.5	69
109.55	69
109.6	69
109.65	69
109.7	69
109.75	69
109.8	69
109.85	69
109.9	69
109.95	69
110	69
110.05	69
110.1	69
110.15	69
110.2	69
110.25	69
110.3	69
110.35	69
110.4	69
110.45	69
110.5	69
110.55	69
110.6	69
110.65	69
110.7	69
110.75	69
110.8	69
110.85	69
110.9	69
110.95	69
111	69
111.05	69
111.1	69
111.15	69
111.2	69
111.25	69
111.3	69
111.35	69
111.4	69
111.45	69
111.5	69
111.55	69
111.6	69
111.65	69
111.7	69
111.75	69
111.8	69
111.85	69
111.9	69
111.95	69
112	69
112.05	69
112.1	69
112.15	69
112.2	69
112.25	69
112.3	69
112.35	69
112.4	69
112.45	69
112.5	69
112.55	69
112.6	69
112.65	69
112.7	69
112.75	69
112.8	69
112.85	69
112.9	69
112.95	69
113	69
113.05	69
113.1	69
113.15	69
113.2	69
113.25	69
113.3	69
113.35	69
113.4	69
113.45	69
113.5	69
113.55	69
113.6	69
113.65	69
113.7	69
113.75	69
113.8	69
113.85	69
113.9	69
113.95	69
114	69
114.05	69
114.1	69
114.15	69
114.2	69
114.25	69
114.3	69
114.35	69
114.4	69
114.45	69
114.5	69
114.55	69
114.6	69
114.65	69
114.7	69
114.75	69
114.8	69
114.85	69
114.9	69
114.95	69
115	69
115.05	69
115.1	69
115.15	69
115.2	69
115.25	69
115.3	69
115.35	69
115.4	69
115.45	69
115.5	69
115.55	69
115.6	69
115.65	69
115.7	69
115.75	69
115.8	69
115.85	69
115.9	69
115.95	69
116	69
116.05	69
116.1	69
116.15	69
116.2	69
116.25	69
116.3	69
116.35	69
116.4	69
116.45	69
116.5	69
116.55	69
116.6	69
116.65	69
116.7	69
116.75	69
116.8	69
116.85	69
116.9	69
116.95	69
117	69
117.05	69
117.1	69
117.15	69
117.2	69
117.25	69
117.3	69
117.35	69
117.4	69
117.45	69
117.5	69
117.55	69
117.6	69
117.65	69
117.7	69
117.75	69
117.8	69
117.85	69
117.9	69
117.95	69
118	69
118.05	69
118.1	69
118.15	69
118.2	69
118.25	69
118.3	69
118.35	69
118.4	69
118.45	69
118.5	69
118.55	69
118.6	69
118.65	69
118.7	69
118.75	69
118.8	69
118.85	69
118.9	69
118.95	69
119	69
119.05	69
119.1	69
119.15	69
119.2	69
119.25	69
119.3	69
119.35	69
119.4	69
119.45	69
119.5	69
119.55	69
119.6	69
119.65	69
119.7	69
119.75	69
119.8	69
119.85	69
119.9	69
119.95	69
120	69
120.05	69
120.1	69
120.15	69
120.2	69
120.25	69
120.3	69
120.35	69
120.4	69
120.45	69
120.5	69
120.55	69
120.6	69
120.65	69
120.7	69
120.75	69
120.8	69
120.85	69
120.9	69
120.95	69
121	69
121.05	69
121.1	69
121.15	69
121.2	69
121.25	69
121.3	69
121.35	69
121.4	69
121.45	69
121.5	69
121.55	69
121.6	69
121.65	69
121.7	69
121.75	69
121.8	69
121.85	69
121.9	69
121.95	69
122	69
122.05	69
122.1	69
122.15	69
122.2	69
122.25	69
122.3	69
122.35	69
122.4	69
122.45	69
122.5	69
122.55	69
122.6	69
122.65	69
122.7	69
122.75	69
122.8	69
122.85	69
122.9	69
122.95	69
123	69
123.05	69
123.1	69
123.15	69
123.2	69
123.25	69
123.3	69
123.35	69
123.4	69
123.45	69
123.5	69
123.55	69
123.6	69
123.65	69
123.7	69
123.75	69
123.8	69
123.85	69
123.9	69
123.95	69
124	69
124.05	69
124.1	69
124.15	69
124.2	69
124.25	69
124.3	69
124.35	69
124.4	69
124.45	69
124.5	69
124.55	69
124.6	69
124.65	69
124.7	69
124.75	69
124.8	69
124.85	69
124.9	69
124.95	69
125	69
125.05	69
125.1	69
125.15	69
125.2	69
125.25	69
125.3	69
125.35	69
125.4	69
125.45	69
125.5	69
125.55	69
125.6	69
125.65	69
125.7	69
125.75	69
125.8	69
125.85	69
125.9	69
125.95	69
126	69
126.05	69
126.1	69
126.15	69
126.2	69
126.25	69
126.3	69
126.35	69
126.4	69
126.45	69
126.5	69
126.55	69
126.6	69
126.65	69
126.7	69
126.75	69
126.8	69
126.85	69
126.9	69
126.95	69
127	69
127.05	69
127.1	69
127.15	69
127.2	69
127.25	69
127.3	69
127.35	69
127.4	69
127.45	69
127.5	69
127.55	69
127.6	69
127.65	69
127.7	69
127.75	69
127.8	69
127.85	69
127.9	69
127.95	69
128	69
128.05	69
128.1	69
128.15	69
128.2	69
128.25	69
128.3	69
128.35	69
128.4	69
128.45	69
128.5	69
128.55	69
128.6	69
128.65	69
128.7	69
128.75	69
128.8	69
128.85	69
128.9	69
128.95	69
129	69
129.05	69
129.1	69
129.15	69
129.2	69
129.25	69
129.3	69
129.35	69
129.4	69
129.45	69
129.5	69
129.55	69
129.6	69
129.65	69
129.7	69
129.75	69
129.8	69
129.85	69
129.9	69
129.95	69
130	69
130.05	69
130.1	69
130.15	69
130.2	69
130.25	69
130.3	69
130.35	69
130.4	69
130.45	69
130.5	69
130.55	69
130.6	69
130.65	69
130.7	69
130.75	69
130.8	69
130.85	69
130.9	69
130.95	69
131	69
131.05	69
131.1	69
131.15	69
131.2	69
131.25	69
131.3	69
131.35	69
131.4	69
131.45	69
131.5	69
131.55	69
131.6	69
131.65	69
131.7	69
131.75	69
131.8	69
131.85	69
131.9	69
131.95	69
132	69
132.05	69
132.1	69
132.15	69
132.2	69
132.25	69
132.3	69
132.35	69
132.4	69
132.45	69
132.5	69
132.55	69
132.6	69
132.65	69
132.7	69
132.75	69
132.8	69
132.85	69
132.9	69
132.95	69
133	69
133.05	69
133.1	69
133.15	69
133.2	69
133.25	69
133.3	69
133.35	69
133.4	69
133.45	69
133.5	69
133.55	69
133.6	69
133.65	69
133.7	69
133.75	69
133.8	69
133.85	69
133.9	69
133.95	69
134	69
134.05	69
134.1	69
134.15	69
134.2	69
134.25	69
134.3	69
134.35	69
134.4	69
134.45	69
134.5	69
134.55	69
134.6	69
134.65	69
134.7	69
134.75	69
134.8	69
134.85	69
134.9	69
134.95	69
135	69
135.05	69
135.1	69
135.15	69
135.2	69
135.25	69
135.3	69
135.35	69
135.4	69
135.45	69
135.5	69
135.55	69
135.6	69
135.65	69
135.7	69
135.75	69
135.8	69
135.85	69
135.9	69
135.95	69
136	69
136.05	69
136.1	69
136.15	69
136.2	69
136.25	69
136.3	69
136.35	69
136.4	69
136.45	69
136.5	69
136.55	69
136.6	69
136.65	69
136.7	69
136.75	69
136.8	69
136.85	69
136.9	69
136.95	69
137	69
137.05	69
137.1	69
137.15	69
137.2	69
137.25	69
137.3	69
137.35	69
137.4	69
137.45	69
137.5	69
137.55	69
137.6	69
137.65	69
137.7	69
137.75	69
137.8	69
137.85	69
137.9	69
137.95	69
138	69
138.05	69
138.1	69
138.15	69
138.2	69
138.25	69
138.3	69
138.35	69
138.4	69
138.45	69
138.5	69
138.55	69
138.6	69
138.65	69
138.7	69
138.75	69
138.8	69
138.85	69
138.9	69
138.95	69
139	69
139.05	69
139.1	69
139.15	69
139.2	69
139.25	69
139.3	69
139.35	69
139.4	69
139.45	69
139.5	69
139.55	69
139.6	69
139.65	69
139.7	69
139.75	69
139.8	69
139.85	69
139.9	69
139.95	69
140	69
140.05	69
140.1	69
140.15	69
140.2	69
140.25	69
140.3	69
140.35	69
140.4	69
140.45	69
140.5	69
140.55	69
140.6	69
140.65	69
140.7	69
140.75	69
140.8	69
140.85	69
140.9	69
140.95	69
141	69
141.05	69
141.1	69
141.15	69
141.2	69
141.25	69
141.3	69
141.35	69
141.4	69
141.45	69
141.5	69
141.55	69
141.6	69
141.65	69
141.7	69
141.75	69
141.8	69
141.85	69
141.9	69
141.95	69
142	69
142.05	69
142.1	69
142.15	69
142.2	69
142.25	69
142.3	69
142.35	69
142.4	69
142.45	69
142.5	69
142.55	69
142.6	69
142.65	69
142.7	69
142.75	69
142.8	69
142.85	69
142.9	69
142.95	69
143	69
143.05	69
143.1	69
143.15	69
143.2	69
143.25	69
143.3	69
143.35	69
143.4	69
143.45	69
143.5	69
143.55	69
143.6	69
143.65	69
143.7	69
143.75	69
143.8	69
143.85	69
143.9	69
143.95	69
144	69
144.05	69
144.1	69
144.15	69
144.2	69
144.25	69
144.3	69
144.35	69
144.4	69
144.45	69
144.5	69
144.55	69
144.6	69
144.65	69
144.7	69
144.75	69
144.8	69
144.85	69
144.9	69
144.95	69
145	69
145.05	69
145.1	69
145.15	69
145.2	69
145.25	69
145.3	69
145.35	69
145.4	69
145.45	69
145.5	69
145.55	69
145.6	69
145.65	69
145.7	69
145.75	69
145.8	69
145.85	69
145.9	69
145.95	69
146	69
146.05	69
146.1	69
146.15	69
146.2	69
146.25	69
146.3	69
146.35	69
146.4	69
146.45	69
146.5	69
146.55	69
146.6	69
146.65	69
146.7	69
146.75	69
146.8	69
146.85	69
146.9	69
146.95	69
147	69
147.05	69
147.1	69
147.15	69
147.2	69
147.25	69
147.3	69
147.35	69
147.4	69
147.45	69
147.5	69
147.55	69
147.6	69
147.65	69
147.7	69
147.75	69
147.8	69
147.85	69
147.9	69
147.95	69
148	69
148.05	69
148.1	69
148.15	69
148.2	69
148.25	69
148.3	69
148.35	69
148.4	69
148.45	69
148.5	69
148.55	69
148.6	69
148.65	69
148.7	69
148.75	69
148.8	69
148.85	69
148.9	69
148.95	69
149	69
149.05	69
149.1	69
149.15	69
149.2	69
149.25	69
149.3	69
149.35	69
149.4	69
149.45	69
149.5	69
149.55	69
149.6	69
149.65	69
149.7	69
149.75	69
149.8	69
149.85	69
149.9	69
149.95	69
150	69
150.05	69
150.1	69
150.15	69
150.2	69
150.25	69
150.3	69
150.35	69
150.4	69
150.45	69
150.5	69
150.55	69
150.6	69
150.65	69
150.7	69
150.75	69
150.8	69
150.85	69
150.9	69
150.95	69
151	69
151.05	69
151.1	69
151.15	69
151.2	69
151.25	69
151.3	69
151.35	69
151.4	69
151.45	69
151.5	69
151.55	69
151.6	69
151.65	69
151.7	69
151.75	69
151.8	69
151.85	69
151.9	69
151.95	69
152	69
152.05	69
152.1	69
152.15	69
152.2	69
152.25	69
152.3	69
152.35	69
152.4	69
152.45	69
152.5	69
152.55	69
152.6	69
152.65	69
152.7	69
152.75	69
152.8	69
152.85	69
152.9	69
152.95	69
153	69
153.05	69
153.1	69
153.15	69
153.2	69
153.25	69
153.3	69
153.35	69
153.4	69
153.45	69
153.5	69
153.55	69
153.6	69
153.65	69
153.7	69
153.75	69
153.8	69
153.85	69
153.9	69
153.95	69
154	69
154.05	69
154.1	69
154.15	69
154.2	69
154.25	69
154.3	69
154.35	69
154.4	69
154.45	69
154.5	69
154.55	69
154.6	69
154.65	69
154.7	69
154.75	69
154.8	69
154.85	69
154.9	69
154.95	69
155	69
155.05	69
155.1	69
155.15	69
155.2	69
155.25	69
155.3	69
155.35	69
155.4	69
155.45	69
155.5	69
155.55	69
155.6	69
155.65	69
155.7	69
155.75	69
155.8	69
155.85	69
155.9	69
155.95	69
156	69
156.05	69
156.1	69
156.15	69
156.2	69
156.25	69
156.3	69
156.35	69
156.4	69
156.45	69
156.5	69
156.55	69
156.6	69
156.65	69
156.7	69
156.75	69
156.8	69
156.85	69
156.9	69
156.95	69
157	69
157.05	69
157.1	69
157.15	69
157.2	69
157.25	69
157.3	69
157.35	69
157.4	69
157.45	69
157.5	69
157.55	69
157.6	69
157.65	69
157.7	69
157.75	69
157.8	69
157.85	69
157.9	69
157.95	69
158	69
158.05	69
158.1	69
158.15	69
158.2	69
158.25	69
158.3	69
158.35	69
158.4	69
158.45	69
158.5	69
158.55	69
158.6	69
158.65	69
158.7	69
158.75	69
158.8	69
158.85	69
158.9	69
158.95	69
159	69
159.05	69
159.1	69
159.15	69
159.2	69
159.25	69
159.3	69
159.35	69
159.4	69
159.45	69
159.5	69
159.55	69
159.6	69
159.65	69
159.7	69
159.75	69
159.8	69
159.85	69
159.9	69
159.95	69
160	69
160.05	69
160.1	69
160.15	69
160.2	69
160.25	70
160.3	70
160.35	71
160.4	71
160.45	71
160.5	72
160.55	72
160.6	73
160.65	73
160.7	74
160.75	74
160.8	74
160.85	75
160.9	75
160.95	76
161	76
161.05	76
161.1	77
161.15	77
161.2	78
161.25	78
161.3	78
161.35	79
161.4	79
161.45	80
161.5	80
161.55	80
161.6	80
161.65	80
161.7	80
161.75	80
161.8	80
161.85	80
161.9	80
161.95	80
162	80
162.05	80
162.1	80
162.15	80
162.2	80
162.25	80
162.3	80
162.35	80
162.4	80
162.45	80
162.5	80
162.55	80
162.6	80
162.65	80
162.7	80
162.75	80
162.8	80
162.85	80
162.9	80
162.95	80
163	80
163.05	80
163.1	80
163.15	80
163.2	80
163.25	80
163.3	80
163.35	80
163.4	80
163.45	80
163.5	80
163.55	80
163.6	80
163.65	80
163.7	80
163.75	80
163.8	80
163.85	80
163.9	80
163.95	80
164	80
164.05	80
164.1	80
164.15	80
164.2	80
164.25	80
164.3	80
164.35	80
164.4	80
164.45	80
164.5	80
164.55	80
164.6	80
164.65	80
164.7	80
164.75	80
164.8	80
164.85	80
164.9	80
164.95	80
165	80
165.05	80
165.1	80
165.15	80
165.2	80
165.25	80
165.3	80
165.35	80
165.4	80
165.45	80
165.5	80
165.55	80
165.6	80
165.65	80
165.7	80
165.75	80
165.8	80
165.85	80
165.9	80
165.95	80
166	80
166.05	80
166.1	80
166.15	80
166.2	80
166.25	80
166.3	80
166.35	80
166.4	80
166.45	80
166.5	80
166.55	80
166.6	80
166.65	80
166.7	80
166.75	80
166.8	80
166.85	80
166.9	80
166.95	80
167	80
167.05	80
167.1	80
167.15	80
167.2	80
167.25	80
167.3	80
167.35	80
167.4	80
167.45	80
167.5	80
167.55	80
167.6	80
167.65	80
167.7	80
167.75	80
167.8	80
167.85	80
167.9	80
167.95	80
168	80
168.05	80
168.1	80
168.15	80
168.2	80
168.25	80
168.3	80
168.35	80
168.4	80
168.45	80
168.5	80
168.55	80
168.6	80
168.65	80
168.7	80
168.75	80
168.8	80
168.85	80
168.9	80
168.95	80
169	80
169.05	80
169.1	80
169.15	80
169.2	80
169.25	80
169.3	80
169.35	80
169.4	80
169.45	80
169.5	80
169.55	80
169.6	80
169.65	80
169.7	80
169.75	80
169.8	80
169.85	80
169.9	80
169.95	80
170	80
170.05	80
170.1	80
170.15	80
170.2	80
170.25	80
170.3	80
170.35	80
170.4	80
170.45	80
170.5	80
170.55	80
170.6	80
170.65	80
170.7	80
170.75	80
170.8	80
170.85	80
170.9	80
170.95	80
171	80
171.05	80
171.1	80
171.15	80
171.2	80
171.25	80
171.3	80
171.35	80
171.4	80
171.45	80
171.5	80
171.55	80
171.6	80
171.65	80
171.7	80
171.75	80
171.8	80
171.85	80
171.9	80
171.95	80
172	80
172.05	80
172.1	80
172.15	80
172.2	80
172.25	80
172.3	80
172.35	80
172.4	80
172.45	80
172.5	80
172.55	80
172.6	80
172.65	80
172.7	80
172.75	80
172.8	80
172.85	80
172.9	80
172.95	80
173	80
173.05	80
173.1	80
173.15	80
173.2	80
173.25	80
173.3	80
173.35	80
173.4	80
173.45	80
173.5	80
173.55	80
173.6	80
173.65	80
173.7	80
173.75	80
173.8	80
173.85	80
173.9	80
173.95	80
174	80
174.05	80
174.1	80
174.15	80
174.2	80
174.25	80
174.3	80
174.35	80
174.4	80
174.45	80
174.5	80
174.55	80
174.6	80
174.65	80
174.7	80
174.75	80
174.8	80
174.85	80
174.9	80
174.95	80
175	80
175.05	80
175.1	80
175.15	80
175.2	80
175.25	80
175.3	80
175.35	80
175.4	80
175.45	80
175.5	80
175.55	80
175.6	80
175.65	80
175.7	80
175.75	80
175.8	80
175.85	80
175.9	80
175.95	80
176	80
176.05	80
176.1	80
176.15	80
176.2	80
176.25	80
176.3	80
176.35	80
176.4	80
176.45	80
176.5	80
176.55	80
176.6	80
176.65	80
176.7	80
176.75	80
176.8	80
176.85	80
176.9	80
176.95	80
177	80
177.05	80
177.1	80
177.15	80
177.2	80
177.25	80
177.3	80
177.35	80
177.4	80
177.45	80
177.5	80
177.55	80
177.6	80
177.65	80
177.7	80
177.75	80
177.8	80
177.85	80
177.9	80
177.95	80
178	80
178.05	80
178.1	80
178.15	80
178.2	80
178.25	80
178.3	80
178.35	80
178.4	80
178.45	80
178.5	80
178.55	80
178.6	80
178.65	80
178.7	80
178.75	80
178.8	80
178.85	80
178.9	80
178.95	80
179	80
179.05	80
179.1	80
179.15	80
179.2	80
179.25	80
179.3	80
179.35	80
179.4	80
179.45	80
179.5	80
179.55	80
179.6	80
179.65	80
179.7	80
179.75	80
179.8	80
179.85	80
179.9	80
179.95	80
180	80
180.05	80
180.1	80
180.15	80
180.2	80
180.25	80
180.3	80
180.35	80
180.4	80
180.45	80
180.5	80
180.55	80
180.6	80
180.65	80
180.7	80
180.75	80
180.8	80
180.85	80
180.9	80
180.95	80
181	80
181.05	80
181.1	80
181.15	80
181.2	80
181.25	80
181.3	80
181.35	80
181.4	80
181.45	80
181.5	80
181.55	80
181.6	80
181.65	80
181.7	80
181.75	80
181.8	80
181.85	80
181.9	80
181.95	80
182	80
182.05	80
182.1	80
182.15	80
182.2	80
182.25	80
182.3	80
182.35	80
182.4	80
182.45	80
182.5	80
182.55	80
182.6	80
182.65	80
182.7	80
182.75	80
182.8	80
182.85	80
182.9	80
182.95	80
183	80
183.05	80
183.1	80
183.15	80
183.2	80
183.25	80
183.3	80
183.35	80
183.4	80
183.45	80
183.5	80
183.55	80
183.6	80
183.65	80
183.7	80
183.75	80
183.8	80
183.85	80
183.9	80
183.95	80
184	80
184.05	80
184.1	80
184.15	80
184.2	80
184.25	80
184.3	80
184.35	80
184.4	80
184.45	80
184.5	80
184.55	80
184.6	80
184.65	80
184.7	80
184.75	80
184.8	80
184.85	80
184.9	80
184.95	80
185	80
185.05	80
185.1	80
185.15	80
185.2	80
185.25	80
185.3	80
185.35	80
185.4	80
185.45	80
185.5	80
185.55	80
185.6	80
185.65	80
185.7	80
185.75	80
185.8	80
185.85	80
185.9	80
185.95	80
186	80
186.05	80
186.1	80
186.15	80
186.2	80
186.25	80
186.3	80
186.35	80
186.4	80
186.45	80
186.5	80
186.55	80
186.6	80
186.65	80
186.7	80
186.75	80
186.8	80
186.85	80
186.9	80
186.95	80
187	80
187.05	80
187.1	80
187.15	80
187.2	80
187.25	80
187.3	80
187.35	80
187.4	80
187.45	80
187.5	80
187.55	80
187.6	80
187.65	80
187.7	80
187.75	80
187.8	80
187.85	80
187.9	80
187.95	80
188	80
188.05	80
188.1	80
188.15	80
188.2	80
188.25	80
188.3	80
188.35	80
188.4	80
188.45	80
188.5	80
188.55	80
188.6	80
188.65	80
188.7	80
188.75	80
188.8	80
188.85	80
188.9	80
188.95	80
189	80
189.05	80
189.1	80
189.15	80
189.2	80
189.25	80
189.3	80
189.35	80
189.4	80
189.45	80
189.5	80
189.55	80
189.6	80
189.65	80
189.7	80
189.75	80
189.8	80
189.85	80
189.9	80
189.95	80
190	80
190.05	80
190.1	80
190.15	80
190.2	80
190.25	80
190.3	80
190.35	80
190.4	80
190.45	80
190.5	80
190.55	80
190.6	80
190.65	80
190.7	80
190.75	80
190.8	80
190.85	80
190.9	80
190.95	80
191	80
191.05	80
191.1	80
191.15	80
191.2	80
191.25	80
191.3	80
191.35	80
191.4	80
191.45	80
191.5	80
191.55	80
191.6	80
191.65	80
191.7	80
191.75	80
191.8	80
191.85	80
191.9	80
191.95	80
192	80
192.05	80
192.1	80
192.15	80
192.2	80
192.25	80
192.3	80
192.35	80
192.4	80
192.45	80
192.5	80
192.55	80
192.6	80
192.65	80
192.7	80
192.75	80
192.8	80
192.85	80
192.9	80
192.95	80
193	80
193.05	80
193.1	80
193.15	80
193.2	80
193.25	80
193.3	80
193.35	80
193.4	80
193.45	80
193.5	80
193.55	80
193.6	80
193.65	80
193.7	80
193.75	80
193.8	80
193.85	80
193.9	80
193.95	80
194	80
194.05	80
194.1	80
194.15	80
194.2	80
194.25	80
194.3	80
194.35	80
194.4	80
194.45	80
194.5	80
194.55	80
194.6	80
194.65	80
194.7	80
194.75	80
194.8	80
194.85	80
194.9	80
194.95	80
195	80
195.05	80
195.1	80
195.15	80
195.2	80
195.25	80
195.3	80
195.35	80
195.4	80
195.45	80
195.5	80
195.55	80
195.6	80
195.65	80
195.7	80
195.75	80
195.8	80
195.85	80
195.9	80
195.95	80
196	80
196.05	80
196.1	80
196.15	80
196.2	80
196.25	80
196.3	80
196.35	80
196.4	80
196.45	80
196.5	80
196.55	80
196.6	80
196.65	80
196.7	80
196.75	80
196.8	80
196.85	80
196.9	80
196.95	80
197	80
197.05	80
197.1	80
197.15	80
197.2	80
197.25	80
197.3	80
197.35	80
197.4	80
197.45	80
197.5	80
197.55	80
197.6	80
197.65	80
197.7	80
197.75	80
197.8	80
197.85	80
197.9	80
197.95	80
198	80
198.05	80
198.1	80
198.15	80
198.2	80
198.25	80
198.3	80
198.35	80
198.4	80
198.45	80
198.5	80
198.55	80
198.6	80
198.65	80
198.7	80
198.75	80
198.8	80
198.85	80
198.9	80
198.95	80
199	80
199.05	80
199.1	80
199.15	80
199.2	80
199.25	80
199.3	80
199.35	80
199.4	80
199.45	80
199.5	80
199.55	80
199.6	80
199.65	80
199.7	80
199.75	80
199.8	80
199.85	80
199.9	80
199.95	80
200	80
200.05	80
200.1	80
200.15	80
200.2	80
200.25	80
200.3	80
200.35	80
200.4	80
200.45	80
200.5	80
200.55	80
200.6	80
200.65	80
200.7	80
200.75	80
200.8	80
200.85	80
200.9	80
200.95	80
201	80
201.05	80
201.1	80
201.15	80
201.2	80
201.25	80
201.3	80
201.35	80
201.4	80
201.45	80
201.5	80
201.55	80
201.6	80
201.65	80
201.7	80
201.75	80
201.8	80
201.85	80
201.9	80
201.95	80
202	80
202.05	80
202.1	80
202.15	80
202.2	80
202.25	80
202.3	80
202.35	80
202.4	80
202.45	80
202.5	80
202.55	80
202.6	80
202.65	80
202.7	80
202.75	80
202.8	80
202.85	80
202.9	80
202.95	80
203	80
203.05	80
203.1	80
203.15	80
203.2	80
203.25	80
203.3	80
203.35	80
203.4	80
203.45	80
203.5	80
203.55	80
203.6	80
203.65	80
203.7	80
203.75	80
203.8	80
203.85	80
203.9	80
203.95	80
204	80
204.05	80
204.1	80
204.15	80
204.2	80
204.25	80
204.3	80
204.35	80
204.4	80
204.45	80
204.5	80
204.55	80
204.6	80
204.65	80
204.7	80
204.75	80
204.8	80
204.85	80
204.9	80
204.95	80
205	80
205.05	80
205.1	80
205.15	80
205.2	80
205.25	80
205.3	80
205.35	80
205.4	80
205.45	80
205.5	80
205.55	80
205.6	80
205.65	80
205.7	80
205.75	80
205.8	80
205.85	80
205.9	80
205.95	80
206	80
206.05	80
206.1	80
206.15	80
206.2	80
206.25	80
206.3	80
206.35	80
206.4	80
206.45	80
206.5	80
206.55	80
206.6	80
206.65	80
206.7	80
206.75	80
206.8	80
206.85	80
206.9	80
206.95	80
207	80
207.05	80
207.1	80
207.15	80
207.2	80
207.25	80
207.3	80
207.35	80
207.4	80
207.45	80
207.5	80
207.55	80
207.6	80
207.65	80
207.7	80
207.75	80
207.8	80
207.85	80
207.9	80
207.95	80
208	80
208.05	80
208.1	80
208.15	80
208.2	80
208.25	80
208.3	80
208.35	80
208.4	80
208.45	80
208.5	80
208.55	80
208.6	80
208.65	80
208.7	80
208.75	80
208.8	80
208.85	80
208.9	80
208.95	80
209	80
209.05	80
209.1	80
209.15	80
209.2	80
209.25	80
209.3	80
209.35	80
209.4	80
209.45	80
209.5	80
209.55	80
209.6	80
209.65	80
209.7	80
209.75	80
209.8	80
209.85	80
209.9	80
209.95	80
210	80
210.05	80
210.1	80
210.15	80
210.2	80
210.25	80
210.3	80
210.35	80
210.4	80
210.45	80
210.5	80
210.55	80
210.6	80
210.65	80
210.7	80
210.75	80
210.8	80
210.85	80
210.9	80
210.95	80
211	80
211.05	80
211.1	80
211.15	80
211.2	80
211.25	80
211.3	80
211.35	80
211.4	80
211.45	80
211.5	80
211.55	80
211.6	80
211.65	80
211.7	80
211.75	80
211.8	80
211.85	80
211.9	80
211.95	80
212	80
212.05	80
212.1	80
212.15	80
212.2	80
212.25	80
212.3	80
212.35	80
212.4	80
212.45	80
212.5	80
212.55	80
212.6	80
212.65	80
212.7	80
212.75	80
212.8	80
212.85	80
212.9	80
212.95	80
213	80
213.05	80
213.1	80
213.15	80
213.2	80
213.25	80
213.3	80
213.35	80
213.4	80
213.45	80
213.5	80
213.55	80
213.6	80
213.65	80
213.7	80
213.75	80
213.8	80
213.85	80
213.9	80
213.95	80
214	80
214.05	80
214.1	80
214.15	80
214.2	80
214.25	80
214.3	80
214.35	80
214.4	80
214.45	80
214.5	80
214.55	80
214.6	80
214.65	80
214.7	80
214.75	80
214.8	80
214.85	80
214.9	80
214.95	80
215	80
215.05	80
215.1	80
215.15	80
215.2	80
215.25	80
215.3	80
215.35	80
215.4	80
215.45	80
215.5	80
215.55	80
215.6	80
215.65	80
215.7	80
215.75	80
215.8	80
215.85	80
215.9	80
215.95	80
216	80
216.05	80
216.1	80
216.15	80
216.2	80
216.25	80
216.3	80
216.35	80
216.4	80
216.45	80
216.5	80
216.55	80
216.6	80
216.65	80
216.7	80
216.75	80
216.8	80
216.85	80
216.9	80
216.95	80
217	80
217.05	80
217.1	80
217.15	80
217.2	80
217.25	80
217.3	80
217.35	80
217.4	80
217.45	80
217.5	80
217.55	80
217.6	80
217.65	80
217.7	80
217.75	80
217.8	80
217.85	80
217.9	80
217.95	80
218	80
218.05	80
218.1	80
218.15	80
218.2	80
218.25	80
218.3	80
218.35	80
218.4	80
218.45	80
218.5	80
218.55	80
218.6	80
218.65	80
218.7	80
218.75	80
218.8	80
218.85	80
218.9	80
218.95	80
219	80
219.05	80
219.1	80
219.15	80
219.2	80
219.25	80
219.3	80
219.35	80
219.4	80
219.45	80
219.5	80
219.55	80
219.6	80
219.65	80
219.7	80
219.75	80
219.8	80
219.85	80
219.9	80
219.95	80
220	80
220.05	80
220.1	80
220.15	80
220.2	80
220.25	80
220.3	80
220.35	80
220.4	80
220.45	80
220.5	80
220.55	80
220.6	80
220.65	80
220.7	80
220.75	80
220.8	80
220.85	80
220.9	80
220.95	80
221	80
221.05	80
221.1	80
221.15	80
221.2	80
221.25	80
221.3	80
221.35	80
221.4	80
221.45	80
221.5	80
221.55	80
221.6	80
221.65	80
221.7	80
221.75	80
221.8	80
221.85	80
221.9	80
221.95	80
222	80
222.05	80
222.1	80
222.15	80
222.2	80
222.25	80
222.3	80
222.35	80
222.4	80
222.45	80
222.5	80
222.55	80
222.6	80
222.65	80
222.7	80
222.75	80
222.8	80
222.85	80
222.9	80
222.95	80
223	80
223.05	80
223.1	80
223.15	80
223.2	80
223.25	80
223.3	80
223.35	80
223.4	80
223.45	80
223.5	80
223.55	80
223.6	80
223.65	80
223.7	80
223.75	80
223.8	80
223.85	80
223.9	80
223.95	80
224	80
224.05	80
224.1	80
224.15	80
224.2	80
224.25	80
224.3	80
224.35	80
224.4	80
224.45	80
224.5	80
224.55	80
224.6	80
224.65	80
224.7	80
224.75	80
224.8	80
224.85	80
224.9	80
224.95	80
225	80
225.05	80
225.1	80
225.15	80
225.2	80
225.25	80
225.3	80
225.35	80
225.4	80
225.45	80
225.5	80
225.55	80
225.6	80
225.65	80
225.7	80
225.75	80
225.8	80
225.85	80
225.9	80
225.95	80
226	80
226.05	80
226.1	80
226.15	80
226.2	80
226.25	80
226.3	80
226.35	80
226.4	80
226.45	80
226.5	80
226.55	80
226.6	80
226.65	80
226.7	80
226.75	80
226.8	80
226.85	80
226.9	80
226.95	80
227	80
227.05	80
227.1	80
227.15	80
227.2	80
227.25	80
227.3	80
227.35	80
227.4	80
227.45	80
227.5	80
227.55	80
227.6	80
227.65	80
227.7	80
227.75	80
227.8	80
227.85	80
227.9	80
227.95	80
228	80
228.05	80
228.1	80
228.15	80
228.2	80
228.25	80
228.3	80
228.35	80
228.4	80
228.45	80
228.5	80
228.55	80
228.6	80
228.65	80
228.7	80
228.75	80
228.8	80
228.85	80
228.9	80
228.95	80
229	80
229.05	80
229.1	80
229.15	80
229.2	80
229.25	80
229.3	80
229.35	80
229.4	80
229.45	80
229.5	80
229.55	80
229.6	80
229.65	80
229.7	80
229.75	80
229.8	80
229.85	80
229.9	80
229.95	80
230	80
230.05	80
230.1	80
230.15	80
230.2	80
230.25	80
230.3	80
230.35	80
230.4	80
230.45	80
230.5	80
230.55	80
230.6	80
230.65	80
230.7	80
230.75	80
230.8	80
230.85	80
230.9	80
230.95	80
231	80
231.05	80
231.1	80
231.15	80
231.2	80
231.25	80
231.3	80
231.35	80
231.4	80
231.45	80
231.5	80
231.55	80
231.6	80
231.65	80
231.7	80
231.75	80
231.8	80
231.85	80
231.9	80
231.95	80
232	80
232.05	80
232.1	80
232.15	80
232.2	80
232.25	80
232.3	80
232.35	80
232.4	80
232.45	80
232.5	80
232.55	80
232.6	80
232.65	80
232.7	80
232.75	80
232.8	80
232.85	80
232.9	80
232.95	80
233	80
233.05	80
233.1	80
233.15	80
233.2	80
233.25	80
233.3	80
233.35	80
233.4	80
233.45	80
233.5	80
233.55	80
233.6	80
233.65	80
233.7	80
233.75	80
233.8	80
233.85	80
233.9	80
233.95	80
234	80
234.05	80
234.1	80
234.15	80
234.2	80
234.25	80
234.3	80
234.35	80
234.4	80
234.45	80
234.5	80
234.55	80
234.6	80
234.65	80
234.7	80
234.75	80
234.8	80
234.85	80
234.9	80
234.95	80
235	80
235.05	80
235.1	80
235.15	80
235.2	80
235.25	80
235.3	80
235.35	80
235.4	80
235.45	80
235.5	80
235.55	80
235.6	80
235.65	80
235.7	80
235.75	80
235.8	80
235.85	80
235.9	80
235.95	80
236	80
236.05	80
236.1	80
236.15	80
236.2	80
236.25	80
236.3	80
236.35	80
236.4	80
236.45	80
236.5	80
236.55	80
236.6	80
236.65	80
236.7	80
236.75	80
236.8	80
236.85	80
236.9	80
236.95	80
237	80
237.05	80
237.1	80
237.15	80
237.2	80
237.25	80
237.3	80
237.35	80
237.4	80
237.45	80
237.5	80
237.55	80
237.6	80
237.65	80
237.7	80
237.75	80
237.8	80
237.85	80
237.9	80
237.95	80
238	80
238.05	80
238.1	80
238.15	80
238.2	80
238.25	80
238.3	80
238.35	80
238.4	80
238.45	80
238.5	80
238.55	80
238.6	80
238.65	80
238.7	80
238.75	80
238.8	80
238.85	80
238.9	80
238.95	80
239	80
239.05	80
239.1	80
239.15	80
239.2	80
239.25	80
239.3	80
239.35	80
239.4	80
239.45	80
239.5	80
239.55	80
239.6	80
239.65	80
239.7	80
239.75	80
239.8	80
239.85	80
239.9	80
239.95	80
