# Time(s)	CWND(packets)
0.05	0
0.1	0
0.15	10
0.2	10
0.25	15
0.3	15
0.35	22
0.4	22
0.45	33
0.5	33
0.55	49
0.6	49
0.65	73
0.7	73
0.75	109
0.8	109
0.85	163
0.9	163
0.95	244
1	244
1.05	328
1.1	333
1.15	333
1.2	334
1.25	334
1.3	335
1.35	335
1.4	336
1.45	336
1.5	337
1.55	337
1.6	338
1.65	338
1.7	339
1.75	339
1.8	340
1.85	340
1.9	341
1.95	341
2	342
2.05	342
2.1	343
2.15	343
2.2	344
2.25	344
2.3	345
2.35	345
2.4	346
2.45	346
2.5	347
2.55	347
2.6	348
2.65	348
2.7	349
2.75	349
2.8	350
2.85	350
2.9	351
2.95	351
3	352
3.05	352
3.1	353
3.15	353
3.2	354
3.25	354
3.3	355
3.35	355
3.4	356
3.45	356
3.5	357
3.55	357
3.6	358
3.65	358
3.7	359
3.75	359
3.8	360
3.85	360
3.9	361
3.95	361
4	362
4.05	362
4.1	363
4.15	363
4.2	364
4.25	364
4.3	364
4.35	365
4.4	365
4.45	366
4.5	366
4.55	367
4.6	367
4.65	368
4.7	368
4.75	369
4.8	369
4.85	370
4.9	370
4.95	371
5	371
5.05	372
5.1	372
5.15	373
5.2	373
5.25	374
5.3	374
5.35	375
5.4	375
5.45	376
5.5	376
5.55	377
5.6	377
5.65	377
5.7	377
5.75	377
5.8	377
5.85	377
5.9	377
5.95	377
6	377
6.05	377
6.1	377
6.15	377
6.2	377
6.25	377
6.3	377
6.35	377
6.4	377
6.45	377
6.5	377
6.55	377
6.6	377
6.65	377
6.7	377
6.75	377
6.8	377
6.85	377
6.9	377
6.95	377
7	377
7.05	377
7.1	377
7.15	377
7.2	377
7.25	377
7.3	377
7.35	377
7.4	377
7.45	377
7.5	377
7.55	377
7.6	377
7.65	377
7.7	377
7.75	377
7.8	377
7.85	377
7.9	377
7.95	377
8	377
8.05	377
8.1	377
8.15	377
8.2	377
8.25	377
8.3	377
8.35	377
8.4	377
8.45	377
8.5	377
8.55	377
8.6	377
8.65	377
8.7	377
8.75	377
8.8	377
8.85	377
8.9	377
8.95	377
9	377
9.05	377
9.1	377
9.15	377
9.2	377
9.25	377
9.3	377
9.35	377
9.4	377
9.45	377
9.5	377
9.55	377
9.6	377
9.65	377
9.7	377
9.75	377
9.8	377
9.85	377
9.9	377
9.95	377
10	377
10.05	377
10.1	377
10.15	377
10.2	377
10.25	377
10.3	377
10.35	377
10.4	377
10.45	377
10.5	377
10.55	377
10.6	377
10.65	377
10.7	377
10.75	377
10.8	377
10.85	377
10.9	377
10.95	377
11	377
11.05	377
11.1	377
11.15	377
11.2	377
11.25	377
11.3	377
11.35	377
11.4	377
11.45	377
11.5	377
11.55	377
11.6	377
11.65	377
11.7	377
11.75	377
11.8	377
11.85	377
11.9	377
11.95	377
12	377
12.05	377
12.1	377
12.15	377
12.2	377
12.25	377
12.3	377
12.35	377
12.4	377
12.45	377
12.5	377
12.55	377
12.6	377
12.65	377
12.7	377
12.75	377
12.8	377
12.85	377
12.9	377
12.95	377
13	377
13.05	377
13.1	377
13.15	377
13.2	377
13.25	377
13.3	377
13.35	377
13.4	377
13.45	377
13.5	377
13.55	377
13.6	377
13.65	377
13.7	377
13.75	377
13.8	377
13.85	377
13.9	377
13.95	377
14	377
14.05	377
14.1	377
14.15	377
14.2	377
14.25	377
14.3	377
14.35	377
14.4	377
14.45	377
14.5	377
14.55	377
14.6	377
14.65	377
14.7	377
14.75	377
14.8	377
14.85	377
14.9	377
14.95	377
15	377
15.05	377
15.1	377
15.15	377
15.2	377
15.25	377
15.3	377
15.35	377
15.4	377
15.45	377
15.5	377
15.55	377
15.6	377
15.65	377
15.7	377
15.75	377
15.8	377
15.85	377
15.9	377
15.95	377
16	377
16.05	377
16.1	377
16.15	377
16.2	377
16.25	377
16.3	377
16.35	377
16.4	377
16.45	377
16.5	377
16.55	377
16.6	377
16.65	377
16.7	377
16.75	377
16.8	377
16.85	377
16.9	377
16.95	377
17	377
17.05	377
17.1	377
17.15	377
17.2	377
17.25	377
17.3	377
17.35	377
17.4	377
17.45	377
17.5	377
17.55	377
17.6	377
17.65	377
17.7	377
17.75	377
17.8	377
17.85	377
17.9	377
17.95	377
18	377
18.05	377
18.1	377
18.15	377
18.2	377
18.25	377
18.3	377
18.35	377
18.4	377
18.45	377
18.5	377
18.55	377
18.6	377
18.65	377
18.7	377
18.75	377
18.8	377
18.85	377
18.9	377
18.95	377
19	377
19.05	377
19.1	377
19.15	377
19.2	377
19.25	377
19.3	377
19.35	377
19.4	377
19.45	377
19.5	377
19.55	377
19.6	377
19.65	377
19.7	377
19.75	377
19.8	377
19.85	377
19.9	377
19.95	377
20	377
20.05	377
20.1	377
20.15	377
20.2	377
20.25	377
20.3	377
20.35	377
20.4	377
20.45	377
20.5	377
20.55	377
20.6	377
20.65	377
20.7	377
20.75	377
20.8	377
20.85	377
20.9	377
20.95	377
21	377
21.05	377
21.1	377
21.15	377
21.2	377
21.25	377
21.3	377
21.35	377
21.4	377
21.45	377
21.5	377
21.55	377
21.6	377
21.65	377
21.7	377
21.75	377
21.8	377
21.85	377
21.9	377
21.95	377
22	377
22.05	377
22.1	377
22.15	377
22.2	377
22.25	377
22.3	377
22.35	377
22.4	377
22.45	377
22.5	377
22.55	377
22.6	377
22.65	377
22.7	377
22.75	377
22.8	377
22.85	377
22.9	377
22.95	377
23	377
23.05	377
23.1	377
23.15	377
23.2	377
23.25	377
23.3	377
23.35	377
23.4	377
23.45	377
23.5	377
23.55	377
23.6	377
23.65	377
23.7	377
23.75	377
23.8	377
23.85	377
23.9	377
23.95	377
24	377
24.05	377
24.1	377
24.15	377
24.2	377
24.25	377
24.3	377
24.35	377
24.4	377
24.45	377
24.5	377
24.55	377
24.6	377
24.65	377
24.7	377
24.75	377
24.8	377
24.85	377
24.9	377
24.95	377
25	377
25.05	377
25.1	377
25.15	377
25.2	377
25.25	377
25.3	377
25.35	377
25.4	377
25.45	377
25.5	377
25.55	377
25.6	377
25.65	377
25.7	377
25.75	377
25.8	377
25.85	377
25.9	377
25.95	377
26	377
26.05	377
26.1	377
26.15	377
26.2	377
26.25	377
26.3	377
26.35	377
26.4	377
26.45	377
26.5	377
26.55	377
26.6	377
26.65	377
26.7	377
26.75	377
26.8	377
26.85	377
26.9	377
26.95	377
27	377
27.05	377
27.1	377
27.15	377
27.2	377
27.25	377
27.3	377
27.35	377
27.4	377
27.45	377
27.5	377
27.55	377
27.6	377
27.65	377
27.7	377
27.75	377
27.8	377
27.85	377
27.9	377
27.95	377
28	377
28.05	377
28.1	377
28.15	377
28.2	377
28.25	377
28.3	377
28.35	377
28.4	377
28.45	377
28.5	377
28.55	377
28.6	377
28.65	377
28.7	377
28.75	377
28.8	377
28.85	377
28.9	377
28.95	377
29	377
29.05	377
29.1	377
29.15	377
29.2	377
29.25	377
29.3	377
29.35	377
29.4	377
29.45	377
29.5	377
29.55	377
29.6	377
29.65	377
29.7	377
29.75	377
29.8	377
29.85	377
29.9	377
29.95	377
30	377
30.05	377
30.1	377
30.15	377
30.2	377
30.25	377
30.3	377
30.35	377
30.4	377
30.45	377
30.5	377
30.55	377
30.6	377
30.65	377
30.7	377
30.75	377
30.8	377
30.85	377
30.9	377
30.95	377
31	377
31.05	377
31.1	377
31.15	377
31.2	377
31.25	377
31.3	377
31.35	377
31.4	377
31.45	377
31.5	377
31.55	377
31.6	377
31.65	377
31.7	377
31.75	377
31.8	377
31.85	377
31.9	377
31.95	377
32	377
32.05	377
32.1	377
32.15	377
32.2	377
32.25	377
32.3	377
32.35	377
32.4	377
32.45	377
32.5	377
32.55	377
32.6	377
32.65	377
32.7	377
32.75	377
32.8	377
32.85	377
32.9	377
32.95	377
33	377
33.05	377
33.1	377
33.15	377
33.2	377
33.25	377
33.3	377
33.35	377
33.4	377
33.45	377
33.5	377
33.55	377
33.6	377
33.65	377
33.7	377
33.75	377
33.8	377
33.85	377
33.9	377
33.95	377
34	377
34.05	377
34.1	377
34.15	377
34.2	377
34.25	377
34.3	377
34.35	377
34.4	377
34.45	377
34.5	377
34.55	377
34.6	377
34.65	377
34.7	377
34.75	377
34.8	377
34.85	377
34.9	377
34.95	377
35	377
35.05	377
35.1	377
35.15	377
35.2	377
35.25	377
35.3	377
35.35	377
35.4	377
35.45	377
35.5	377
35.55	377
35.6	377
35.65	377
35.7	377
35.75	377
35.8	377
35.85	377
35.9	377
35.95	377
36	377
36.05	377
36.1	377
36.15	377
36.2	377
36.25	377
36.3	377
36.35	377
36.4	377
36.45	377
36.5	377
36.55	377
36.6	377
36.65	377
36.7	377
36.75	377
36.8	377
36.85	377
36.9	377
36.95	377
37	377
37.05	377
37.1	377
37.15	377
37.2	377
37.25	377
37.3	377
37.35	377
37.4	377
37.45	377
37.5	377
37.55	377
37.6	377
37.65	377
37.7	377
37.75	377
37.8	377
37.85	377
37.9	377
37.95	377
38	377
38.05	377
38.1	377
38.15	377
38.2	377
38.25	377
38.3	377
38.35	377
38.4	377
38.45	377
38.5	377
38.55	377
38.6	377
38.65	377
38.7	377
38.75	377
38.8	377
38.85	377
38.9	377
38.95	377
39	377
39.05	377
39.1	377
39.15	377
39.2	377
39.25	377
39.3	377
39.35	377
39.4	377
39.45	377
39.5	377
39.55	377
39.6	377
39.65	377
39.7	377
39.75	377
39.8	377
39.85	377
39.9	377
39.95	377
40	377
40.05	377
40.1	377
40.15	377
40.2	377
40.25	377
40.3	377
40.35	377
40.4	377
40.45	377
40.5	377
40.55	377
40.6	377
40.65	377
40.7	377
40.75	377
40.8	377
40.85	377
40.9	377
40.95	377
41	377
41.05	377
41.1	377
41.15	377
41.2	377
41.25	377
41.3	377
41.35	377
41.4	377
41.45	377
41.5	377
41.55	377
41.6	377
41.65	377
41.7	377
41.75	377
41.8	377
41.85	377
41.9	377
41.95	377
42	377
42.05	377
42.1	377
42.15	377
42.2	377
42.25	377
42.3	377
42.35	377
42.4	377
42.45	377
42.5	377
42.55	377
42.6	377
42.65	377
42.7	377
42.75	377
42.8	377
42.85	377
42.9	377
42.95	377
43	377
43.05	377
43.1	377
43.15	377
43.2	377
43.25	377
43.3	377
43.35	377
43.4	377
43.45	377
43.5	377
43.55	377
43.6	377
43.65	377
43.7	377
43.75	377
43.8	377
43.85	377
43.9	377
43.95	377
44	377
44.05	377
44.1	377
44.15	377
44.2	377
44.25	377
44.3	377
44.35	377
44.4	377
44.45	377
44.5	377
44.55	377
44.6	377
44.65	377
44.7	377
44.75	377
44.8	377
44.85	377
44.9	377
44.95	377
45	377
45.05	377
45.1	377
45.15	377
45.2	377
45.25	377
45.3	377
45.35	377
45.4	377
45.45	377
45.5	377
45.55	377
45.6	377
45.65	377
45.7	377
45.75	377
45.8	377
45.85	377
45.9	377
45.95	377
46	377
46.05	377
46.1	377
46.15	377
46.2	377
46.25	377
46.3	377
46.35	377
46.4	377
46.45	377
46.5	377
46.55	377
46.6	377
46.65	377
46.7	377
46.75	377
46.8	377
46.85	377
46.9	377
46.95	377
47	377
47.05	377
47.1	377
47.15	377
47.2	377
47.25	377
47.3	377
47.35	377
47.4	377
47.45	377
47.5	377
47.55	377
47.6	377
47.65	377
47.7	377
47.75	377
47.8	377
47.85	377
47.9	377
47.95	377
48	377
48.05	377
48.1	377
48.15	377
48.2	377
48.25	377
48.3	377
48.35	377
48.4	377
48.45	377
48.5	377
48.55	377
48.6	377
48.65	377
48.7	377
48.75	377
48.8	377
48.85	377
48.9	377
48.95	377
49	377
49.05	377
49.1	377
49.15	377
49.2	377
49.25	377
49.3	377
49.35	377
49.4	377
49.45	377
49.5	377
49.55	377
49.6	377
49.65	377
49.7	377
49.75	377
49.8	377
49.85	377
49.9	377
49.95	377
50	377
50.05	377
50.1	377
50.15	377
50.2	377
50.25	377
50.3	377
50.35	377
50.4	377
50.45	377
50.5	377
50.55	377
50.6	377
50.65	377
50.7	377
50.75	377
50.8	377
50.85	377
50.9	377
50.95	377
51	377
51.05	377
51.1	377
51.15	377
51.2	377
51.25	377
51.3	377
51.35	377
51.4	377
51.45	377
51.5	377
51.55	377
51.6	377
51.65	377
51.7	377
51.75	377
51.8	377
51.85	377
51.9	377
51.95	377
52	377
52.05	377
52.1	377
52.15	377
52.2	377
52.25	377
52.3	377
52.35	377
52.4	377
52.45	377
52.5	377
52.55	377
52.6	377
52.65	377
52.7	377
52.75	377
52.8	377
52.85	377
52.9	377
52.95	377
53	377
53.05	377
53.1	377
53.15	377
53.2	377
53.25	377
53.3	377
53.35	377
53.4	377
53.45	377
53.5	377
53.55	377
53.6	377
53.65	377
53.7	377
53.75	377
53.8	377
53.85	377
53.9	377
53.95	377
54	377
54.05	377
54.1	377
54.15	377
54.2	377
54.25	377
54.3	377
54.35	377
54.4	377
54.45	377
54.5	377
54.55	377
54.6	377
54.65	377
54.7	377
54.75	377
54.8	377
54.85	377
54.9	377
54.95	377
55	377
55.05	377
55.1	377
55.15	377
55.2	377
55.25	377
55.3	377
55.35	377
55.4	377
55.45	377
55.5	377
55.55	377
55.6	377
55.65	377
55.7	377
55.75	377
55.8	377
55.85	377
55.9	377
55.95	377
56	377
56.05	377
56.1	377
56.15	377
56.2	377
56.25	377
56.3	377
56.35	377
56.4	377
56.45	377
56.5	377
56.55	377
56.6	377
56.65	377
56.7	377
56.75	377
56.8	377
56.85	377
56.9	377
56.95	377
57	377
57.05	377
57.1	377
57.15	377
57.2	377
57.25	377
57.3	377
57.35	377
57.4	377
57.45	377
57.5	377
57.55	377
57.6	377
57.65	377
57.7	377
57.75	377
57.8	377
57.85	377
57.9	377
57.95	377
58	377
58.05	377
58.1	377
58.15	377
58.2	377
58.25	377
58.3	377
58.35	377
58.4	377
58.45	377
58.5	377
58.55	377
58.6	377
58.65	377
58.7	377
58.75	377
58.8	377
58.85	377
58.9	377
58.95	377
59	377
59.05	377
59.1	377
59.15	377
59.2	377
59.25	377
59.3	377
59.35	377
59.4	377
59.45	377
59.5	377
59.55	377
59.6	377
59.65	377
59.7	377
59.75	377
59.8	377
59.85	377
59.9	377
59.95	377
60	377
60.05	377
60.1	377
60.15	377
60.2	377
60.25	377
60.3	377
60.35	377
60.4	377
60.45	377
60.5	377
60.55	377
60.6	377
60.65	377
60.7	377
60.75	377
60.8	377
60.85	377
60.9	377
60.95	377
61	377
61.05	377
61.1	377
61.15	377
61.2	377
61.25	377
61.3	377
61.35	377
61.4	377
61.45	377
61.5	377
61.55	377
61.6	377
61.65	377
61.7	377
61.75	377
61.8	377
61.85	377
61.9	377
61.95	377
62	377
62.05	377
62.1	377
62.15	377
62.2	377
62.25	377
62.3	377
62.35	377
62.4	377
62.45	377
62.5	377
62.55	377
62.6	377
62.65	377
62.7	377
62.75	377
62.8	377
62.85	377
62.9	377
62.95	377
63	377
63.05	377
63.1	377
63.15	377
63.2	377
63.25	377
63.3	377
63.35	377
63.4	377
63.45	377
63.5	377
63.55	377
63.6	377
63.65	377
63.7	377
63.75	377
63.8	377
63.85	377
63.9	377
63.95	377
64	377
64.05	377
64.1	377
64.15	377
64.2	377
64.25	377
64.3	377
64.35	377
64.4	377
64.45	377
64.5	377
64.55	377
64.6	377
64.65	377
64.7	377
64.75	377
64.8	377
64.85	377
64.9	377
64.95	377
65	377
65.05	377
65.1	377
65.15	377
65.2	377
65.25	377
65.3	377
65.35	377
65.4	377
65.45	377
65.5	377
65.55	377
65.6	377
65.65	377
65.7	377
65.75	377
65.8	377
65.85	377
65.9	377
65.95	377
66	377
66.05	377
66.1	377
66.15	377
66.2	377
66.25	377
66.3	377
66.35	377
66.4	377
66.45	377
66.5	377
66.55	377
66.6	377
66.65	377
66.7	377
66.75	377
66.8	377
66.85	377
66.9	377
66.95	377
67	377
67.05	377
67.1	377
67.15	377
67.2	377
67.25	377
67.3	377
67.35	377
67.4	377
67.45	377
67.5	377
67.55	377
67.6	377
67.65	377
67.7	377
67.75	377
67.8	377
67.85	377
67.9	377
67.95	377
68	377
68.05	377
68.1	377
68.15	377
68.2	377
68.25	377
68.3	377
68.35	377
68.4	377
68.45	377
68.5	377
68.55	377
68.6	377
68.65	377
68.7	377
68.75	377
68.8	377
68.85	377
68.9	377
68.95	377
69	377
69.05	377
69.1	377
69.15	377
69.2	377
69.25	377
69.3	377
69.35	377
69.4	377
69.45	377
69.5	377
69.55	377
69.6	377
69.65	377
69.7	377
69.75	377
69.8	377
69.85	377
69.9	377
69.95	377
70	377
70.05	377
70.1	377
70.15	377
70.2	377
70.25	377
70.3	377
70.35	377
70.4	377
70.45	377
70.5	377
70.55	377
70.6	377
70.65	377
70.7	377
70.75	377
70.8	377
70.85	377
70.9	377
70.95	377
71	377
71.05	377
71.1	377
71.15	377
71.2	377
71.25	377
71.3	377
71.35	377
71.4	377
71.45	377
71.5	377
71.55	377
71.6	377
71.65	377
71.7	377
71.75	377
71.8	377
71.85	377
71.9	377
71.95	377
72	377
72.05	377
72.1	377
72.15	377
72.2	377
72.25	377
72.3	377
72.35	377
72.4	377
72.45	377
72.5	377
72.55	377
72.6	377
72.65	377
72.7	377
72.75	377
72.8	377
72.85	377
72.9	377
72.95	377
73	377
73.05	377
73.1	377
73.15	377
73.2	377
73.25	377
73.3	377
73.35	377
73.4	377
73.45	377
73.5	377
73.55	377
73.6	377
73.65	377
73.7	377
73.75	377
73.8	377
73.85	377
73.9	377
73.95	377
74	377
74.05	377
74.1	377
74.15	377
74.2	377
74.25	377
74.3	377
74.35	377
74.4	377
74.45	377
74.5	377
74.55	377
74.6	377
74.65	377
74.7	377
74.75	377
74.8	377
74.85	377
74.9	377
74.95	377
75	377
75.05	377
75.1	377
75.15	377
75.2	377
75.25	377
75.3	377
75.35	377
75.4	377
75.45	377
75.5	377
75.55	377
75.6	377
75.65	377
75.7	377
75.75	377
75.8	377
75.85	377
75.9	377
75.95	377
76	377
76.05	377
76.1	377
76.15	377
76.2	377
76.25	377
76.3	377
76.35	377
76.4	377
76.45	377
76.5	377
76.55	377
76.6	377
76.65	377
76.7	377
76.75	377
76.8	377
76.85	377
76.9	377
76.95	377
77	377
77.05	377
77.1	377
77.15	377
77.2	377
77.25	377
77.3	377
77.35	377
77.4	377
77.45	377
77.5	377
77.55	377
77.6	377
77.65	377
77.7	377
77.75	377
77.8	377
77.85	377
77.9	377
77.95	377
78	377
78.05	377
78.1	377
78.15	377
78.2	377
78.25	377
78.3	377
78.35	377
78.4	377
78.45	377
78.5	377
78.55	377
78.6	377
78.65	377
78.7	377
78.75	377
78.8	377
78.85	377
78.9	377
78.95	377
79	377
79.05	377
79.1	377
79.15	377
79.2	377
79.25	377
79.3	377
79.35	377
79.4	377
79.45	377
79.5	377
79.55	377
79.6	377
79.65	377
79.7	377
79.75	377
79.8	377
79.85	377
79.9	377
79.95	377
80	377
80.05	377
80.1	377
80.15	377
80.2	377
80.25	377
80.3	377
80.35	377
80.4	377
80.45	376
80.5	376
80.55	376
80.6	376
80.65	375
80.7	375
80.75	375
80.8	375
80.85	374
80.9	374
80.95	374
81	374
81.05	373
81.1	373
81.15	373
81.2	373
81.25	373
81.3	372
81.35	372
81.4	372
81.45	372
81.5	371
81.55	371
81.6	371
81.65	371
81.7	370
81.75	370
81.8	370
81.85	370
81.9	369
81.95	369
82	369
82.05	369
82.1	368
82.15	368
82.2	368
82.25	368
82.3	367
82.35	367
82.4	367
82.45	367
82.5	367
82.55	366
82.6	366
82.65	366
82.7	366
82.75	365
82.8	365
82.85	365
82.9	365
82.95	364
83	364
83.05	364
83.1	364
83.15	363
83.2	363
83.25	363
83.3	363
83.35	362
83.4	362
83.45	362
83.5	362
83.55	361
83.6	361
83.65	361
83.7	361
83.75	360
83.8	360
83.85	360
83.9	360
83.95	359
84	359
84.05	359
84.1	359
84.15	358
84.2	358
84.25	358
84.3	358
84.35	357
84.4	357
84.45	357
84.5	357
84.55	356
84.6	356
84.65	356
84.7	356
84.75	355
84.8	355
84.85	355
84.9	355
84.95	354
85	354
85.05	354
85.1	354
85.15	353
85.2	353
85.25	353
85.3	353
85.35	352
85.4	352
85.45	352
85.5	352
85.55	351
85.6	351
85.65	351
85.7	351
85.75	350
85.8	350
85.85	350
85.9	350
85.95	349
86	349
86.05	349
86.1	349
86.15	348
86.2	348
86.25	348
86.3	348
86.35	347
86.4	347
86.45	347
86.5	347
86.55	346
86.6	346
86.65	346
86.7	345
86.75	345
86.8	345
86.85	345
86.9	344
86.95	344
87	344
87.05	344
87.1	343
87.15	343
87.2	343
87.25	343
87.3	342
87.35	342
87.4	342
87.45	342
87.5	341
87.55	341
87.6	341
87.65	341
87.7	340
87.75	340
87.8	340
87.85	340
87.9	339
87.95	339
88	339
88.05	338
88.1	338
88.15	338
88.2	338
88.25	337
88.3	337
88.35	337
88.4	337
88.45	336
88.5	336
88.55	336
88.6	336
88.65	335
88.7	335
88.75	335
88.8	334
88.85	334
88.9	334
88.95	334
89	333
89.05	333
89.1	333
89.15	333
89.2	332
89.25	332
89.3	332
89.35	332
89.4	331
89.45	331
89.5	331
89.55	330
89.6	330
89.65	330
89.7	330
89.75	329
89.8	329
89.85	329
89.9	329
89.95	328
90	328
90.05	328
90.1	327
90.15	327
90.2	327
90.25	327
90.3	326
90.35	326
90.4	326
90.45	326
90.5	325
90.55	325
90.6	325
90.65	324
90.7	324
90.75	324
90.8	324
90.85	323
90.9	323
90.95	323
91	323
91.05	322
91.1	322
91.15	322
91.2	321
91.25	321
91.3	321
91.35	321
91.4	320
91.45	320
91.5	320
91.55	320
91.6	319
91.65	319
91.7	319
91.75	318
91.8	318
91.85	318
91.9	318
91.95	317
92	317
92.05	317
92.1	316
92.15	316
92.2	316
92.25	316
92.3	315
92.35	315
92.4	315
92.45	314
92.5	314
92.55	314
92.6	314
92.65	313
92.7	313
92.75	313
92.8	312
92.85	312
92.9	312
92.95	312
93	311
93.05	311
93.1	311
93.15	310
93.2	310
93.25	310
93.3	310
93.35	309
93.4	309
93.45	309
93.5	308
93.55	308
93.6	308
93.65	308
93.7	307
93.75	307
93.8	307
93.85	306
93.9	306
93.95	306
94	306
94.05	305
94.1	305
94.15	305
94.2	304
94.25	304
94.3	304
94.35	303
94.4	303
94.45	303
94.5	303
94.55	302
94.6	302
94.65	302
94.7	301
94.75	301
94.8	301
94.85	301
94.9	300
94.95	300
95	300
95.05	299
95.1	299
95.15	299
95.2	298
95.25	298
95.3	298
95.35	298
95.4	297
95.45	297
95.5	297
95.55	296
95.6	296
95.65	296
95.7	295
95.75	295
95.8	295
95.85	295
95.9	294
95.95	294
96	294
96.05	293
96.1	293
96.15	293
96.2	292
96.25	292
96.3	292
96.35	292
96.4	291
96.45	291
96.5	291
96.55	290
96.6	290
96.65	290
96.7	289
96.75	289
96.8	289
96.85	288
96.9	288
96.95	288
97	288
97.05	287
97.1	287
97.15	287
97.2	286
97.25	286
97.3	286
97.35	285
97.4	285
97.45	285
97.5	284
97.55	284
97.6	284
97.65	283
97.7	283
97.75	283
97.8	283
97.85	282
97.9	282
97.95	282
98	281
98.05	281
98.1	281
98.15	280
98.2	280
98.25	280
98.3	279
98.35	279
98.4	279
98.45	278
98.5	278
98.55	278
98.6	277
98.65	277
98.7	277
98.75	276
98.8	276
98.85	276
98.9	275
98.95	275
99	275
99.05	275
99.1	274
99.15	274
99.2	274
99.25	273
99.3	273
99.35	273
99.4	272
99.45	272
99.5	272
99.55	271
99.6	271
99.65	271
99.7	270
99.75	270
99.8	270
99.85	269
99.9	269
99.95	269
100	268
100.05	268
100.1	268
100.15	267
100.2	267
100.25	267
100.3	266
100.35	266
100.4	266
100.45	265
100.5	265
100.55	265
100.6	264
100.65	264
100.7	264
100.75	263
100.8	263
100.85	263
100.9	262
100.95	262
101	262
101.05	261
101.1	261
101.15	261
101.2	260
101.25	260
101.3	259
101.35	259
101.4	259
101.45	258
101.5	258
101.55	258
101.6	257
101.65	257
101.7	257
101.75	256
101.8	256
101.85	256
101.9	255
101.95	255
102	255
102.05	254
102.1	254
102.15	254
102.2	253
102.25	253
102.3	253
102.35	252
102.4	252
102.45	251
102.5	251
102.55	251
102.6	250
102.65	250
102.7	250
102.75	249
102.8	249
102.85	249
102.9	248
102.95	248
103	248
103.05	247
103.1	247
103.15	246
103.2	246
103.25	246
103.3	245
103.35	245
103.4	245
103.45	244
103.5	244
103.55	244
103.6	243
103.65	243
103.7	242
103.75	242
103.8	242
103.85	241
103.9	241
103.95	241
104	240
104.05	240
104.1	239
104.15	239
104.2	239
104.25	238
104.3	238
104.35	238
104.4	237
104.45	237
104.5	236
104.55	236
104.6	236
104.65	235
104.7	235
104.75	235
104.8	234
104.85	234
104.9	233
104.95	233
105	233
105.05	232
105.1	232
105.15	232
105.2	231
105.25	231
105.3	230
105.35	230
105.4	230
105.45	229
105.5	229
105.55	228
105.6	228
105.65	228
105.7	227
105.75	227
105.8	226
105.85	226
105.9	226
105.95	225
106	225
106.05	224
106.1	224
106.15	224
106.2	223
106.25	223
106.3	222
106.35	222
106.4	222
106.45	221
106.5	221
106.55	220
106.6	220
106.65	220
106.7	219
106.75	219
106.8	218
106.85	218
106.9	218
106.95	217
107	217
107.05	217
107.1	217
107.15	217
107.2	217
107.25	217
107.3	217
107.35	217
107.4	217
107.45	217
107.5	217
107.55	217
107.6	217
107.65	217
107.7	217
107.75	217
107.8	217
107.85	217
107.9	217
107.95	217
108	217
108.05	217
108.1	217
108.15	217
108.2	217
108.25	217
108.3	217
108.35	217
108.4	217
108.45	217
108.5	217
108.55	217
108.6	217
108.65	217
108.7	217
108.75	217
108.8	217
108.85	217
108.9	217
108.95	217
109	217
109.05	217
109.1	217
109.15	217
109.2	217
109.25	217
109.3	217
109.35	217
109.4	217
109.45	217
109.5	217
109.55	217
109.6	217
109.65	217
109.7	217
109.75	217
109.8	217
109.85	217
109.9	217
109.95	217
110	217
110.05	217
110.1	217
110.15	217
110.2	217
110.25	217
110.3	217
110.35	217
110.4	217
110.45	217
110.5	217
110.55	217
110.6	217
110.65	217
110.7	217
110.75	217
110.8	217
110.85	217
110.9	217
110.95	217
111	217
111.05	217
111.1	217
111.15	217
111.2	217
111.25	217
111.3	217
111.35	217
111.4	217
111.45	217
111.5	217
111.55	217
111.6	217
111.65	217
111.7	217
111.75	217
111.8	217
111.85	217
111.9	217
111.95	217
112	217
112.05	217
112.1	217
112.15	217
112.2	217
112.25	217
112.3	217
112.35	217
112.4	217
112.45	217
112.5	217
112.55	217
112.6	217
112.65	217
112.7	217
112.75	217
112.8	217
112.85	217
112.9	217
112.95	217
113	217
113.05	217
113.1	217
113.15	217
113.2	217
113.25	217
113.3	217
113.35	217
113.4	217
113.45	217
113.5	217
113.55	217
113.6	217
113.65	217
113.7	217
113.75	217
113.8	217
113.85	217
113.9	217
113.95	217
114	217
114.05	217
114.1	217
114.15	217
114.2	217
114.25	217
114.3	217
114.35	217
114.4	217
114.45	217
114.5	217
114.55	217
114.6	217
114.65	217
114.7	217
114.75	217
114.8	217
114.85	217
114.9	217
114.95	217
115	217
115.05	217
115.1	217
115.15	217
115.2	217
115.25	217
115.3	217
115.35	217
115.4	217
115.45	217
115.5	217
115.55	217
115.6	217
115.65	217
115.7	217
115.75	217
115.8	217
115.85	217
115.9	217
115.95	217
116	217
116.05	217
116.1	217
116.15	217
116.2	217
116.25	217
116.3	217
116.35	217
116.4	217
116.45	217
116.5	217
116.55	217
116.6	217
116.65	217
116.7	217
116.75	217
116.8	217
116.85	217
116.9	217
116.95	217
117	217
117.05	217
117.1	217
117.15	217
117.2	217
117.25	217
117.3	217
117.35	217
117.4	217
117.45	217
117.5	217
117.55	217
117.6	217
117.65	217
117.7	217
117.75	217
117.8	217
117.85	217
117.9	217
117.95	217
118	217
118.05	217
118.1	217
118.15	217
118.2	217
118.25	217
118.3	217
118.35	217
118.4	217
118.45	217
118.5	217
118.55	217
118.6	217
118.65	217
118.7	217
118.75	217
118.8	217
118.85	217
118.9	217
118.95	217
119	217
119.05	217
119.1	217
119.15	217
119.2	217
119.25	217
119.3	217
119.35	217
119.4	217
119.45	217
119.5	217
119.55	217
119.6	217
119.65	217
119.7	217
119.75	217
119.8	217
119.85	217
119.9	217
119.95	217
120	217
120.05	217
120.1	217
120.15	217
120.2	217
120.25	217
120.3	217
120.35	217
120.4	217
120.45	217
120.5	217
120.55	217
120.6	217
120.65	217
120.7	217
120.75	217
120.8	217
120.85	217
120.9	217
120.95	217
121	217
121.05	217
121.1	217
121.15	217
121.2	217
121.25	217
121.3	217
121.35	217
121.4	217
121.45	217
121.5	217
121.55	217
121.6	217
121.65	217
121.7	217
121.75	217
121.8	217
121.85	217
121.9	217
121.95	217
122	217
122.05	217
122.1	217
122.15	217
122.2	217
122.25	217
122.3	217
122.35	217
122.4	217
122.45	217
122.5	217
122.55	217
122.6	217
122.65	217
122.7	217
122.75	217
122.8	217
122.85	217
122.9	217
122.95	217
123	217
123.05	217
123.1	217
123.15	217
123.2	217
123.25	217
123.3	217
123.35	217
123.4	217
123.45	217
123.5	217
123.55	217
123.6	217
123.65	217
123.7	217
123.75	217
123.8	217
123.85	217
123.9	217
123.95	217
124	217
124.05	217
124.1	217
124.15	217
124.2	217
124.25	217
124.3	217
124.35	217
124.4	217
124.45	217
124.5	217
124.55	217
124.6	217
124.65	217
124.7	217
124.75	217
124.8	217
124.85	217
124.9	217
124.95	217
125	217
125.05	217
125.1	217
125.15	217
125.2	217
125.25	217
125.3	217
125.35	217
125.4	217
125.45	217
125.5	217
125.55	217
125.6	217
125.65	217
125.7	217
125.75	217
125.8	217
125.85	217
125.9	217
125.95	217
126	217
126.05	217
126.1	217
126.15	217
126.2	217
126.25	217
126.3	217
126.35	217
126.4	217
126.45	217
126.5	217
126.55	217
126.6	217
126.65	217
126.7	217
126.75	217
126.8	217
126.85	217
126.9	217
126.95	217
127	217
127.05	217
127.1	217
127.15	217
127.2	217
127.25	217
127.3	217
127.35	217
127.4	217
127.45	217
127.5	217
127.55	217
127.6	217
127.65	217
127.7	217
127.75	217
127.8	217
127.85	217
127.9	217
127.95	217
128	217
128.05	217
128.1	217
128.15	217
128.2	217
128.25	217
128.3	217
128.35	217
128.4	217
128.45	217
128.5	217
128.55	217
128.6	217
128.65	217
128.7	217
128.75	217
128.8	217
128.85	217
128.9	217
128.95	217
129	217
129.05	217
129.1	217
129.15	217
129.2	217
129.25	217
129.3	217
129.35	217
129.4	217
129.45	217
129.5	217
129.55	217
129.6	217
129.65	217
129.7	217
129.75	217
129.8	217
129.85	217
129.9	217
129.95	217
130	217
130.05	217
130.1	217
130.15	217
130.2	217
130.25	217
130.3	217
130.35	217
130.4	217
130.45	217
130.5	217
130.55	217
130.6	217
130.65	217
130.7	217
130.75	217
130.8	217
130.85	217
130.9	217
130.95	217
131	217
131.05	217
131.1	217
131.15	217
131.2	217
131.25	217
131.3	217
131.35	217
131.4	217
131.45	217
131.5	217
131.55	217
131.6	217
131.65	217
131.7	217
131.75	217
131.8	217
131.85	217
131.9	217
131.95	217
132	217
132.05	217
132.1	217
132.15	217
132.2	217
132.25	217
132.3	217
132.35	217
132.4	217
132.45	217
132.5	217
132.55	217
132.6	217
132.65	217
132.7	217
132.75	217
132.8	217
132.85	217
132.9	217
132.95	217
133	217
133.05	217
133.1	217
133.15	217
133.2	217
133.25	217
133.3	217
133.35	217
133.4	217
133.45	217
133.5	217
133.55	217
133.6	217
133.65	217
133.7	217
133.75	217
133.8	217
133.85	217
133.9	217
133.95	217
134	217
134.05	217
134.1	217
134.15	217
134.2	217
134.25	217
134.3	217
134.35	217
134.4	217
134.45	217
134.5	217
134.55	217
134.6	217
134.65	217
134.7	217
134.75	217
134.8	217
134.85	217
134.9	217
134.95	217
135	217
135.05	217
135.1	217
135.15	217
135.2	217
135.25	217
135.3	217
135.35	217
135.4	217
135.45	217
135.5	217
135.55	217
135.6	217
135.65	217
135.7	217
135.75	217
135.8	217
135.85	217
135.9	217
135.95	217
136	217
136.05	217
136.1	217
136.15	217
136.2	217
136.25	217
136.3	217
136.35	217
136.4	217
136.45	217
136.5	217
136.55	217
136.6	217
136.65	217
136.7	217
136.75	217
136.8	217
136.85	217
136.9	217
136.95	217
137	217
137.05	217
137.1	217
137.15	217
137.2	217
137.25	217
137.3	217
137.35	217
137.4	217
137.45	217
137.5	217
137.55	217
137.6	217
137.65	217
137.7	217
137.75	217
137.8	217
137.85	217
137.9	217
137.95	217
138	217
138.05	217
138.1	217
138.15	217
138.2	217
138.25	217
138.3	217
138.35	217
138.4	217
138.45	217
138.5	217
138.55	217
138.6	217
138.65	217
138.7	217
138.75	217
138.8	217
138.85	217
138.9	217
138.95	217
139	217
139.05	217
139.1	217
139.15	217
139.2	217
139.25	217
139.3	217
139.35	217
139.4	217
139.45	217
139.5	217
139.55	217
139.6	217
139.65	217
139.7	217
139.75	217
139.8	217
139.85	217
139.9	217
139.95	217
140	217
140.05	217
140.1	217
140.15	217
140.2	217
140.25	217
140.3	217
140.35	217
140.4	217
140.45	217
140.5	217
140.55	217
140.6	217
140.65	217
140.7	217
140.75	217
140.8	217
140.85	217
140.9	217
140.95	217
141	217
141.05	217
141.1	217
141.15	217
141.2	217
141.25	217
141.3	217
141.35	217
141.4	217
141.45	217
141.5	217
141.55	217
141.6	217
141.65	217
141.7	217
141.75	217
141.8	217
141.85	217
141.9	217
141.95	217
142	217
142.05	217
142.1	217
142.15	217
142.2	217
142.25	217
142.3	217
142.35	217
142.4	217
142.45	217
142.5	217
142.55	217
142.6	217
142.65	217
142.7	217
142.75	217
142.8	217
142.85	217
142.9	217
142.95	217
143	217
143.05	217
143.1	217
143.15	217
143.2	217
143.25	217
143.3	217
143.35	217
143.4	217
143.45	217
143.5	217
143.55	217
143.6	217
143.65	217
143.7	217
143.75	217
143.8	217
143.85	217
143.9	217
143.95	217
144	217
144.05	217
144.1	217
144.15	217
144.2	217
144.25	217
144.3	217
144.35	217
144.4	217
144.45	217
144.5	217
144.55	217
144.6	217
144.65	217
144.7	217
144.75	217
144.8	217
144.85	217
144.9	217
144.95	217
145	217
145.05	217
145.1	217
145.15	217
145.2	217
145.25	217
145.3	217
145.35	217
145.4	217
145.45	217
145.5	217
145.55	217
145.6	217
145.65	217
145.7	217
145.75	217
145.8	217
145.85	217
145.9	217
145.95	217
146	217
146.05	217
146.1	217
146.15	217
146.2	217
146.25	217
146.3	217
146.35	217
146.4	217
146.45	217
146.5	217
146.55	217
146.6	217
146.65	217
146.7	217
146.75	217
146.8	217
146.85	217
146.9	217
146.95	217
147	217
147.05	217
147.1	217
147.15	217
147.2	217
147.25	217
147.3	217
147.35	217
147.4	217
147.45	217
147.5	217
147.55	217
147.6	217
147.65	217
147.7	217
147.75	217
147.8	217
147.85	217
147.9	217
147.95	217
148	217
148.05	217
148.1	217
148.15	217
148.2	217
148.25	217
148.3	217
148.35	217
148.4	217
148.45	217
148.5	217
148.55	217
148.6	217
148.65	217
148.7	217
148.75	217
148.8	217
148.85	217
148.9	217
148.95	217
149	217
149.05	217
149.1	217
149.15	217
149.2	217
149.25	217
149.3	217
149.35	217
149.4	217
149.45	217
149.5	217
149.55	217
149.6	217
149.65	217
149.7	217
149.75	217
149.8	217
149.85	217
149.9	217
149.95	217
150	217
150.05	217
150.1	217
150.15	217
150.2	217
150.25	217
150.3	217
150.35	217
150.4	217
150.45	217
150.5	217
150.55	217
150.6	217
150.65	217
150.7	217
150.75	217
150.8	217
150.85	217
150.9	217
150.95	217
151	217
151.05	217
151.1	217
151.15	217
151.2	217
151.25	217
151.3	217
151.35	217
151.4	217
151.45	217
151.5	217
151.55	217
151.6	217
151.65	217
151.7	217
151.75	217
151.8	217
151.85	217
151.9	217
151.95	217
152	217
152.05	217
152.1	217
152.15	217
152.2	217
152.25	217
152.3	217
152.35	217
152.4	217
152.45	217
152.5	217
152.55	217
152.6	217
152.65	217
152.7	217
152.75	217
152.8	217
152.85	217
152.9	217
152.95	217
153	217
153.05	217
153.1	217
153.15	217
153.2	217
153.25	217
153.3	217
153.35	217
153.4	217
153.45	217
153.5	217
153.55	217
153.6	217
153.65	217
153.7	217
153.75	217
153.8	217
153.85	217
153.9	217
153.95	217
154	217
154.05	217
154.1	217
154.15	217
154.2	217
154.25	217
154.3	217
154.35	217
154.4	217
154.45	217
154.5	217
154.55	217
154.6	217
154.65	217
154.7	217
154.75	217
154.8	217
154.85	217
154.9	217
154.95	217
155	217
155.05	217
155.1	217
155.15	217
155.2	217
155.25	217
155.3	217
155.35	217
155.4	217
155.45	217
155.5	217
155.55	217
155.6	217
155.65	217
155.7	217
155.75	217
155.8	217
155.85	217
155.9	217
155.95	217
156	217
156.05	217
156.1	217
156.15	217
156.2	217
156.25	217
156.3	217
156.35	217
156.4	217
156.45	217
156.5	217
156.55	217
156.6	217
156.65	217
156.7	217
156.75	217
156.8	217
156.85	217
156.9	217
156.95	217
157	217
157.05	217
157.1	217
157.15	217
157.2	217
157.25	217
157.3	217
157.35	217
157.4	217
157.45	217
157.5	217
157.55	217
157.6	217
157.65	217
157.7	217
157.75	217
157.8	217
157.85	217
157.9	217
157.95	217
158	217
158.05	217
158.1	217
158.15	217
158.2	217
158.25	217
158.3	217
158.35	217
158.4	217
158.45	217
158.5	217
158.55	217
158.6	217
158.65	217
158.7	217
158.75	217
158.8	217
158.85	217
158.9	217
158.95	217
159	217
159.05	217
159.1	217
159.15	217
159.2	217
159.25	217
159.3	217
159.35	217
159.4	217
159.45	217
159.5	217
159.55	217
159.6	217
159.65	217
159.7	217
159.75	217
159.8	217
159.85	217
159.9	217
159.95	217
160	217
160.05	217
160.1	217
160.15	217
160.2	218
160.25	218
160.3	219
160.35	219
160.4	220
160.45	220
160.5	221
160.55	221
160.6	222
160.65	222
160.7	223
160.75	223
160.8	224
160.85	224
160.9	225
160.95	225
161	226
161.05	226
161.1	227
161.15	227
161.2	228
161.25	228
161.3	229
161.35	229
161.4	230
161.45	230
161.5	231
161.55	231
161.6	232
161.65	232
161.7	233
161.75	233
161.8	234
161.85	234
161.9	235
161.95	235
162	236
162.05	236
162.1	237
162.15	237
162.2	238
162.25	238
162.3	239
162.35	239
162.4	240
162.45	240
162.5	241
162.55	241
162.6	242
162.65	242
162.7	243
162.75	243
162.8	244
162.85	244
162.9	245
162.95	245
163	246
163.05	246
163.1	247
163.15	247
163.2	248
163.25	248
163.3	249
163.35	249
163.4	250
163.45	250
163.5	251
163.55	251
163.6	252
163.65	252
163.7	253
163.75	253
163.8	254
163.85	254
163.9	255
163.95	255
164	256
164.05	256
164.1	257
164.15	257
164.2	258
164.25	258
164.3	259
164.35	259
164.4	260
164.45	260
164.5	261
164.55	261
164.6	262
164.65	262
164.7	263
164.75	263
164.8	264
164.85	264
164.9	265
164.95	265
165	266
165.05	266
165.1	267
165.15	267
165.2	268
165.25	268
165.3	269
165.35	269
165.4	270
165.45	270
165.5	271
165.55	271
165.6	272
165.65	272
165.7	273
165.75	273
165.8	274
165.85	274
165.9	275
165.95	275
166	276
166.05	276
166.1	277
166.15	277
166.2	278
166.25	278
166.3	279
166.35	279
166.4	280
166.45	280
166.5	281
166.55	281
166.6	282
166.65	282
166.7	283
166.75	283
166.8	284
166.85	284
166.9	285
166.95	285
167	286
167.05	286
167.1	287
167.15	287
167.2	288
167.25	288
167.3	289
167.35	289
167.4	290
167.45	290
167.5	291
167.55	291
167.6	292
167.65	292
167.7	293
167.75	293
167.8	294
167.85	294
167.9	295
167.95	295
168	296
168.05	296
168.1	297
168.15	297
168.2	298
168.25	298
168.3	299
168.35	299
168.4	300
168.45	300
168.5	301
168.55	301
168.6	302
168.65	302
168.7	303
168.75	303
168.8	304
168.85	304
168.9	305
168.95	305
169	306
169.05	306
169.1	307
169.15	307
169.2	308
169.25	308
169.3	309
169.35	309
169.4	310
169.45	310
169.5	311
169.55	311
169.6	312
169.65	312
169.7	313
169.75	313
169.8	314
169.85	314
169.9	315
169.95	315
170	316
170.05	316
170.1	317
170.15	317
170.2	318
170.25	318
170.3	319
170.35	319
170.4	320
170.45	320
170.5	321
170.55	321
170.6	322
170.65	322
170.7	323
170.75	323
170.8	324
170.85	324
170.9	325
170.95	325
171	326
171.05	326
171.1	327
171.15	327
171.2	328
171.25	328
171.3	329
171.35	329
171.4	330
171.45	330
171.5	331
171.55	331
171.6	332
171.65	332
171.7	333
171.75	333
171.8	334
171.85	334
171.9	335
171.95	335
172	336
172.05	336
172.1	337
172.15	337
172.2	338
172.25	338
172.3	339
172.35	339
172.4	340
172.45	340
172.5	341
172.55	341
172.6	342
172.65	342
172.7	343
172.75	343
172.8	344
172.85	344
172.9	345
172.95	345
173	346
173.05	346
173.1	347
173.15	347
173.2	348
173.25	348
173.3	349
173.35	349
173.4	350
173.45	350
173.5	351
173.55	351
173.6	352
173.65	352
173.7	353
173.75	353
173.8	354
173.85	354
173.9	355
173.95	355
174	356
174.05	356
174.1	357
174.15	357
174.2	358
174.25	358
174.3	359
174.35	359
174.4	360
174.45	360
174.5	361
174.55	361
174.6	362
174.65	362
174.7	363
174.75	363
174.8	364
174.85	364
174.9	365
174.95	365
175	366
175.05	366
175.1	367
175.15	367
175.2	368
175.25	368
175.3	369
175.35	369
175.4	369
175.45	370
175.5	370
175.55	371
175.6	371
175.65	372
175.7	372
175.75	373
175.8	373
175.85	374
175.9	374
175.95	375
176	375
176.05	376
176.1	376
176.15	377
176.2	377
176.25	377
176.3	377
176.35	377
176.4	377
176.45	377
176.5	377
176.55	377
176.6	377
176.65	377
176.7	377
176.75	377
176.8	377
176.85	377
176.9	377
176.95	377
177	377
177.05	377
177.1	377
177.15	377
177.2	377
177.25	377
177.3	377
177.35	377
177.4	377
177.45	377
177.5	377
177.55	377
177.6	377
177.65	377
177.7	377
177.75	377
177.8	377
177.85	377
177.9	377
177.95	377
178	377
178.05	377
178.1	377
178.15	377
178.2	377
178.25	377
178.3	377
178.35	377
178.4	377
178.45	377
178.5	377
178.55	377
178.6	377
178.65	377
178.7	377
178.75	377
178.8	377
178.85	377
178.9	377
178.95	377
179	377
179.05	377
179.1	377
179.15	377
179.2	377
179.25	377
179.3	377
179.35	377
179.4	377
179.45	377
179.5	377
179.55	377
179.6	377
179.65	377
179.7	377
179.75	377
179.8	377
179.85	377
179.9	377
179.95	377
180	377
180.05	377
180.1	377
180.15	377
180.2	377
180.25	377
180.3	377
180.35	377
180.4	377
180.45	377
180.5	377
180.55	377
180.6	377
180.65	377
180.7	377
180.75	377
180.8	377
180.85	377
180.9	377
180.95	377
181	377
181.05	377
181.1	377
181.15	377
181.2	377
181.25	377
181.3	377
181.35	377
181.4	377
181.45	377
181.5	377
181.55	377
181.6	377
181.65	377
181.7	377
181.75	377
181.8	377
181.85	377
181.9	377
181.95	377
182	377
182.05	377
182.1	377
182.15	377
182.2	377
182.25	377
182.3	377
182.35	377
182.4	377
182.45	377
182.5	377
182.55	377
182.6	377
182.65	377
182.7	377
182.75	377
182.8	377
182.85	377
182.9	377
182.95	377
183	377
183.05	377
183.1	377
183.15	377
183.2	377
183.25	377
183.3	377
183.35	377
183.4	377
183.45	377
183.5	377
183.55	377
183.6	377
183.65	377
183.7	377
183.75	377
183.8	377
183.85	377
183.9	377
183.95	377
184	377
184.05	377
184.1	377
184.15	377
184.2	377
184.25	377
184.3	377
184.35	377
184.4	377
184.45	377
184.5	377
184.55	377
184.6	377
184.65	377
184.7	377
184.75	377
184.8	377
184.85	377
184.9	377
184.95	377
185	377
185.05	377
185.1	377
185.15	377
185.2	377
185.25	377
185.3	377
185.35	377
185.4	377
185.45	377
185.5	377
185.55	377
185.6	377
185.65	377
185.7	377
185.75	377
185.8	377
185.85	377
185.9	377
185.95	377
186	377
186.05	377
186.1	377
186.15	377
186.2	377
186.25	377
186.3	377
186.35	377
186.4	377
186.45	377
186.5	377
186.55	377
186.6	377
186.65	377
186.7	377
186.75	377
186.8	377
186.85	377
186.9	377
186.95	377
187	377
187.05	377
187.1	377
187.15	377
187.2	377
187.25	377
187.3	377
187.35	377
187.4	377
187.45	377
187.5	377
187.55	377
187.6	377
187.65	377
187.7	377
187.75	377
187.8	377
187.85	377
187.9	377
187.95	377
188	377
188.05	377
188.1	377
188.15	377
188.2	377
188.25	377
188.3	377
188.35	377
188.4	377
188.45	377
188.5	377
188.55	377
188.6	377
188.65	377
188.7	377
188.75	377
188.8	377
188.85	377
188.9	377
188.95	377
189	377
189.05	377
189.1	377
189.15	377
189.2	377
189.25	377
189.3	377
189.35	377
189.4	377
189.45	377
189.5	377
189.55	377
189.6	377
189.65	377
189.7	377
189.75	377
189.8	377
189.85	377
189.9	377
189.95	377
190	377
190.05	377
190.1	377
190.15	377
190.2	377
190.25	377
190.3	377
190.35	377
190.4	377
190.45	377
190.5	377
190.55	377
190.6	377
190.65	377
190.7	377
190.75	377
190.8	377
190.85	377
190.9	377
190.95	377
191	377
191.05	377
191.1	377
191.15	377
191.2	377
191.25	377
191.3	377
191.35	377
191.4	377
191.45	377
191.5	377
191.55	377
191.6	377
191.65	377
191.7	377
191.75	377
191.8	377
191.85	377
191.9	377
191.95	377
192	377
192.05	377
192.1	377
192.15	377
192.2	377
192.25	377
192.3	377
192.35	377
192.4	377
192.45	377
192.5	377
192.55	377
192.6	377
192.65	377
192.7	377
192.75	377
192.8	377
192.85	377
192.9	377
192.95	377
193	377
193.05	377
193.1	377
193.15	377
193.2	377
193.25	377
193.3	377
193.35	377
193.4	377
193.45	377
193.5	377
193.55	377
193.6	377
193.65	377
193.7	377
193.75	377
193.8	377
193.85	377
193.9	377
193.95	377
194	377
194.05	377
194.1	377
194.15	377
194.2	377
194.25	377
194.3	377
194.35	377
194.4	377
194.45	377
194.5	377
194.55	377
194.6	377
194.65	377
194.7	377
194.75	377
194.8	377
194.85	377
194.9	377
194.95	377
195	377
195.05	377
195.1	377
195.15	377
195.2	377
195.25	377
195.3	377
195.35	377
195.4	377
195.45	377
195.5	377
195.55	377
195.6	377
195.65	377
195.7	377
195.75	377
195.8	377
195.85	377
195.9	377
195.95	377
196	377
196.05	377
196.1	377
196.15	377
196.2	377
196.25	377
196.3	377
196.35	377
196.4	377
196.45	377
196.5	377
196.55	377
196.6	377
196.65	377
196.7	377
196.75	377
196.8	377
196.85	377
196.9	377
196.95	377
197	377
197.05	377
197.1	377
197.15	377
197.2	377
197.25	377
197.3	377
197.35	377
197.4	377
197.45	377
197.5	377
197.55	377
197.6	377
197.65	377
197.7	377
197.75	377
197.8	377
197.85	377
197.9	377
197.95	377
198	377
198.05	377
198.1	377
198.15	377
198.2	377
198.25	377
198.3	377
198.35	377
198.4	377
198.45	377
198.5	377
198.55	377
198.6	377
198.65	377
198.7	377
198.75	377
198.8	377
198.85	377
198.9	377
198.95	377
199	377
199.05	377
199.1	377
199.15	377
199.2	377
199.25	377
199.3	377
199.35	377
199.4	377
199.45	377
199.5	377
199.55	377
199.6	377
199.65	377
199.7	377
199.75	377
199.8	377
199.85	377
199.9	377
199.95	377
200	377
200.05	377
200.1	377
200.15	377
200.2	377
200.25	377
200.3	377
200.35	377
200.4	377
200.45	377
200.5	377
200.55	377
200.6	377
200.65	377
200.7	377
200.75	377
200.8	377
200.85	377
200.9	377
200.95	377
201	377
201.05	377
201.1	377
201.15	377
201.2	377
201.25	377
201.3	377
201.35	377
201.4	377
201.45	377
201.5	377
201.55	377
201.6	377
201.65	377
201.7	377
201.75	377
201.8	377
201.85	377
201.9	377
201.95	377
202	377
202.05	377
202.1	377
202.15	377
202.2	377
202.25	377
202.3	377
202.35	377
202.4	377
202.45	377
202.5	377
202.55	377
202.6	377
202.65	377
202.7	377
202.75	377
202.8	377
202.85	377
202.9	377
202.95	377
203	377
203.05	377
203.1	377
203.15	377
203.2	377
203.25	377
203.3	377
203.35	377
203.4	377
203.45	377
203.5	377
203.55	377
203.6	377
203.65	377
203.7	377
203.75	377
203.8	377
203.85	377
203.9	377
203.95	377
204	377
204.05	377
204.1	377
204.15	377
204.2	377
204.25	377
204.3	377
204.35	377
204.4	377
204.45	377
204.5	377
204.55	377
204.6	377
204.65	377
204.7	377
204.75	377
204.8	377
204.85	377
204.9	377
204.95	377
205	377
205.05	377
205.1	377
205.15	377
205.2	377
205.25	377
205.3	377
205.35	377
205.4	377
205.45	377
205.5	377
205.55	377
205.6	377
205.65	377
205.7	377
205.75	377
205.8	377
205.85	377
205.9	377
205.95	377
206	377
206.05	377
206.1	377
206.15	377
206.2	377
206.25	377
206.3	377
206.35	377
206.4	377
206.45	377
206.5	377
206.55	377
206.6	377
206.65	377
206.7	377
206.75	377
206.8	377
206.85	377
206.9	377
206.95	377
207	377
207.05	377
207.1	377
207.15	377
207.2	377
207.25	377
207.3	377
207.35	377
207.4	377
207.45	377
207.5	377
207.55	377
207.6	377
207.65	377
207.7	377
207.75	377
207.8	377
207.85	377
207.9	377
207.95	377
208	377
208.05	377
208.1	377
208.15	377
208.2	377
208.25	377
208.3	377
208.35	377
208.4	377
208.45	377
208.5	377
208.55	377
208.6	377
208.65	377
208.7	377
208.75	377
208.8	377
208.85	377
208.9	377
208.95	377
209	377
209.05	377
209.1	377
209.15	377
209.2	377
209.25	377
209.3	377
209.35	377
209.4	377
209.45	377
209.5	377
209.55	377
209.6	377
209.65	377
209.7	377
209.75	377
209.8	377
209.85	377
209.9	377
209.95	377
210	377
210.05	377
210.1	377
210.15	377
210.2	377
210.25	377
210.3	377
210.35	377
210.4	377
210.45	377
210.5	377
210.55	377
210.6	377
210.65	377
210.7	377
210.75	377
210.8	377
210.85	377
210.9	377
210.95	377
211	377
211.05	377
211.1	377
211.15	377
211.2	377
211.25	377
211.3	377
211.35	377
211.4	377
211.45	377
211.5	377
211.55	377
211.6	377
211.65	377
211.7	377
211.75	377
211.8	377
211.85	377
211.9	377
211.95	377
212	377
212.05	377
212.1	377
212.15	377
212.2	377
212.25	377
212.3	377
212.35	377
212.4	377
212.45	377
212.5	377
212.55	377
212.6	377
212.65	377
212.7	377
212.75	377
212.8	377
212.85	377
212.9	377
212.95	377
213	377
213.05	377
213.1	377
213.15	377
213.2	377
213.25	377
213.3	377
213.35	377
213.4	377
213.45	377
213.5	377
213.55	377
213.6	377
213.65	377
213.7	377
213.75	377
213.8	377
213.85	377
213.9	377
213.95	377
214	377
214.05	377
214.1	377
214.15	377
214.2	377
214.25	377
214.3	377
214.35	377
214.4	377
214.45	377
214.5	377
214.55	377
214.6	377
214.65	377
214.7	377
214.75	377
214.8	377
214.85	377
214.9	377
214.95	377
215	377
215.05	377
215.1	377
215.15	377
215.2	377
215.25	377
215.3	377
215.35	377
215.4	377
215.45	377
215.5	377
215.55	377
215.6	377
215.65	377
215.7	377
215.75	377
215.8	377
215.85	377
215.9	377
215.95	377
216	377
216.05	377
216.1	377
216.15	377
216.2	377
216.25	377
216.3	377
216.35	377
216.4	377
216.45	377
216.5	377
216.55	377
216.6	377
216.65	377
216.7	377
216.75	377
216.8	377
216.85	377
216.9	377
216.95	377
217	377
217.05	377
217.1	377
217.15	377
217.2	377
217.25	377
217.3	377
217.35	377
217.4	377
217.45	377
217.5	377
217.55	377
217.6	377
217.65	377
217.7	377
217.75	377
217.8	377
217.85	377
217.9	377
217.95	377
218	377
218.05	377
218.1	377
218.15	377
218.2	377
218.25	377
218.3	377
218.35	377
218.4	377
218.45	377
218.5	377
218.55	377
218.6	377
218.65	377
218.7	377
218.75	377
218.8	377
218.85	377
218.9	377
218.95	377
219	377
219.05	377
219.1	377
219.15	377
219.2	377
219.25	377
219.3	377
219.35	377
219.4	377
219.45	377
219.5	377
219.55	377
219.6	377
219.65	377
219.7	377
219.75	377
219.8	377
219.85	377
219.9	377
219.95	377
220	377
220.05	377
220.1	377
220.15	377
220.2	377
220.25	377
220.3	377
220.35	377
220.4	377
220.45	377
220.5	377
220.55	377
220.6	377
220.65	377
220.7	377
220.75	377
220.8	377
220.85	377
220.9	377
220.95	377
221	377
221.05	377
221.1	377
221.15	377
221.2	377
221.25	377
221.3	377
221.35	377
221.4	377
221.45	377
221.5	377
221.55	377
221.6	377
221.65	377
221.7	377
221.75	377
221.8	377
221.85	377
221.9	377
221.95	377
222	377
222.05	377
222.1	377
222.15	377
222.2	377
222.25	377
222.3	377
222.35	377
222.4	377
222.45	377
222.5	377
222.55	377
222.6	377
222.65	377
222.7	377
222.75	377
222.8	377
222.85	377
222.9	377
222.95	377
223	377
223.05	377
223.1	377
223.15	377
223.2	377
223.25	377
223.3	377
223.35	377
223.4	377
223.45	377
223.5	377
223.55	377
223.6	377
223.65	377
223.7	377
223.75	377
223.8	377
223.85	377
223.9	377
223.95	377
224	377
224.05	377
224.1	377
224.15	377
224.2	377
224.25	377
224.3	377
224.35	377
224.4	377
224.45	377
224.5	377
224.55	377
224.6	377
224.65	377
224.7	377
224.75	377
224.8	377
224.85	377
224.9	377
224.95	377
225	377
225.05	377
225.1	377
225.15	377
225.2	377
225.25	377
225.3	377
225.35	377
225.4	377
225.45	377
225.5	377
225.55	377
225.6	377
225.65	377
225.7	377
225.75	377
225.8	377
225.85	377
225.9	377
225.95	377
226	377
226.05	377
226.1	377
226.15	377
226.2	377
226.25	377
226.3	377
226.35	377
226.4	377
226.45	377
226.5	377
226.55	377
226.6	377
226.65	377
226.7	377
226.75	377
226.8	377
226.85	377
226.9	377
226.95	377
227	377
227.05	377
227.1	377
227.15	377
227.2	377
227.25	377
227.3	377
227.35	377
227.4	377
227.45	377
227.5	377
227.55	377
227.6	377
227.65	377
227.7	377
227.75	377
227.8	377
227.85	377
227.9	377
227.95	377
228	377
228.05	377
228.1	377
228.15	377
228.2	377
228.25	377
228.3	377
228.35	377
228.4	377
228.45	377
228.5	377
228.55	377
228.6	377
228.65	377
228.7	377
228.75	377
228.8	377
228.85	377
228.9	377
228.95	377
229	377
229.05	377
229.1	377
229.15	377
229.2	377
229.25	377
229.3	377
229.35	377
229.4	377
229.45	377
229.5	377
229.55	377
229.6	377
229.65	377
229.7	377
229.75	377
229.8	377
229.85	377
229.9	377
229.95	377
230	377
230.05	377
230.1	377
230.15	377
230.2	377
230.25	377
230.3	377
230.35	377
230.4	377
230.45	377
230.5	377
230.55	377
230.6	377
230.65	377
230.7	377
230.75	377
230.8	377
230.85	377
230.9	377
230.95	377
231	377
231.05	377
231.1	377
231.15	377
231.2	377
231.25	377
231.3	377
231.35	377
231.4	377
231.45	377
231.5	377
231.55	377
231.6	377
231.65	377
231.7	377
231.75	377
231.8	377
231.85	377
231.9	377
231.95	377
232	377
232.05	377
232.1	377
232.15	377
232.2	377
232.25	377
232.3	377
232.35	377
232.4	377
232.45	377
232.5	377
232.55	377
232.6	377
232.65	377
232.7	377
232.75	377
232.8	377
232.85	377
232.9	377
232.95	377
233	377
233.05	377
233.1	377
233.15	377
233.2	377
233.25	377
233.3	377
233.35	377
233.4	377
233.45	377
233.5	377
233.55	377
233.6	377
233.65	377
233.7	377
233.75	377
233.8	377
233.85	377
233.9	377
233.95	377
234	377
234.05	377
234.1	377
234.15	377
234.2	377
234.25	377
234.3	377
234.35	377
234.4	377
234.45	377
234.5	377
234.55	377
234.6	377
234.65	377
234.7	377
234.75	377
234.8	377
234.85	377
234.9	377
234.95	377
235	377
235.05	377
235.1	377
235.15	377
235.2	377
235.25	377
235.3	377
235.35	377
235.4	377
235.45	377
235.5	377
235.55	377
235.6	377
235.65	377
235.7	377
235.75	377
235.8	377
235.85	377
235.9	377
235.95	377
236	377
236.05	377
236.1	377
236.15	377
236.2	377
236.25	377
236.3	377
236.35	377
236.4	377
236.45	377
236.5	377
236.55	377
236.6	377
236.65	377
236.7	377
236.75	377
236.8	377
236.85	377
236.9	377
236.95	377
237	377
237.05	377
237.1	377
237.15	377
237.2	377
237.25	377
237.3	377
237.35	377
237.4	377
237.45	377
237.5	377
237.55	377
237.6	377
237.65	377
237.7	377
237.75	377
237.8	377
237.85	377
237.9	377
237.95	377
238	377
238.05	377
238.1	377
238.15	377
238.2	377
238.25	377
238.3	377
238.35	377
238.4	377
238.45	377
238.5	377
238.55	377
238.6	377
238.65	377
238.7	377
238.75	377
238.8	377
238.85	377
238.9	377
238.95	377
239	377
239.05	377
239.1	377
239.15	377
239.2	377
239.25	377
239.3	377
239.35	377
239.4	377
239.45	377
239.5	377
239.55	377
239.6	377
239.65	377
239.7	377
239.75	377
239.8	377
239.85	377
239.9	377
239.95	377
